0.2222222222222222	278.0	17.24714141542404	0.012142349984564146	6.0222777718396445	0.016185780390937876
0.6666666666666666	336.0	17.24714141542404	0.012142349984564146	6.0222777718396445	0.016185780390937876
1.1111111111111112	480.0	17.24714141542404	0.012142349984564146	6.0222777718396445	0.016185780390937876
1.5555555555555554	571.0	17.24714141542404	0.012142349984564146	6.0222777718396445	0.016185780390937876
2.0	731.0	17.24714141542404	0.012142349984564146	6.0222777718396445	0.016185780390937876
2.4444444444444446	926.0	17.24714141542404	0.012142349984564146	6.0222777718396445	0.016185780390937876
2.8888888888888884	1140.0	17.24714141542404	0.012142349984564146	6.0222777718396445	0.016185780390937876
3.333333333333333	1417.0	17.24714141542404	0.012142349984564146	6.0222777718396445	0.016185780390937876
3.7777777777777777	1734.0	17.24714141542404	0.012142349984564146	6.0222777718396445	0.016185780390937876
4.222222222222222	2109.0	17.24714141542404	0.012142349984564146	6.0222777718396445	0.016185780390937876
4.666666666666666	2524.0	17.24714141542404	0.012142349984564146	6.0222777718396445	0.016185780390937876
5.111111111111111	3045.0	17.24714141542404	0.012142349984564146	6.0222777718396445	0.016185780390937876
5.555555555555555	3492.0	17.24714141542404	0.012142349984564146	6.0222777718396445	0.016185780390937876
6.0	4153.0	17.24714141542404	0.012142349984564146	6.0222777718396445	0.016185780390937876
6.444444444444444	4974.0	17.24714141542404	0.012142349984564146	6.0222777718396445	0.016185780390937876
6.888888888888888	5584.0	17.24714141542404	0.012142349984564146	6.0222777718396445	0.016185780390937876
7.333333333333333	6500.0	17.24714141542404	0.012142349984564146	6.0222777718396445	0.016185780390937876	7484.776863072988	-11.382781717319268	16	61
7.777777777777778	7510.0	17.24714141542404	0.012142349984564146	6.0222777718396445	0.016185780390937876	8428.65181804687	-10.006262273494787	16	61
8.222222222222221	8674.0	17.24714141542404	0.012142349984564146	6.0222777718396445	0.016185780390937876	9440.00028559697	-7.883933054049696	16	61
8.666666666666668	9895.0	17.24714141542404	0.012142349984564146	6.0222777718396445	0.016185780390937876	10515.27266459288	-6.048843843655781	16	61
9.11111111111111	11130.0	17.24714141542404	0.012142349984564146	6.0222777718396445	0.016185780390937876	11649.404010396102	-4.81230832629531	16	61
9.555555555555554	12133.0	17.24714141542404	0.012142349984564146	6.0222777718396445	0.016185780390937876	12835.757787779146	-6.2029018659081645	16	61
10.0	13629.0	17.24714141542404	0.012142349984564146	6.0222777718396445	0.016185780390937876	14066.108301391068	-3.685548036518709	16	61
10.444444444444443	14623.0	17.24714141542404	0.012142349984564146	6.0222777718396445	0.016185780390937876	15330.66656437434	-5.715420097990761	16	61
10.88888888888889	16156.0	17.24714141542404	0.012142349984564146	6.0222777718396445	0.016185780390937876	16618.153133802836	-3.5850442786031036	16	61
11.333333333333332	17293.0	17.24714141542404	0.012142349984564146	6.0222777718396445	0.016185780390937876	17915.91992450878	-4.653853050627998	16	61
11.777777777777779	19184.0	17.24714141542404	0.012142349984564146	6.0222777718396445	0.016185780390937876	19210.12125983322	-0.18846428712274685	16	61
12.222222222222221	20087.0	17.24714141542404	0.012142349984564146	6.0222777718396445	0.016185780390937876	20485.932496124704	-2.7872219000127663	16	61
12.666666666666664	21800.0	17.24714141542404	0.012142349984564146	6.0222777718396445	0.016185780390937876	21727.81255020286	0.48972660315215394	16	61
13.11111111111111	23047.0	17.24714141542404	0.012142349984564146	6.0222777718396445	0.016185780390937876	22919.80466001568	0.8401672421527753	16	61
13.555555555555554	24067.0	17.24714141542404	0.012142349984564146	6.0222777718396445	0.016185780390937876	24045.867819737352	0.13627747523186007	16	61
14.0	25132.0	17.24714141542404	0.012142349984564146	6.0222777718396445	0.016185780390937876	25090.22965410413	0.26370341461967184	16	61
14.444444444444443	26473.0	17.24714141542404	0.012142349984564146	6.0222777718396445	0.016185780390937876	26037.750130333836	2.6973476360688378	16	61
14.88888888888889	27055.0	17.24714141542404	0.012142349984564146	6.0222777718396445	0.016185780390937876	26874.284535641946	1.1023686717520909	16	61
15.333333333333332	27903.0	17.24714141542404	0.012142349984564146	6.0222777718396445	0.016185780390937876	27587.033643028648	1.902340879647703	16	61
15.777777777777779	28409.0	17.24714141542404	0.012142349984564146	6.0222777718396445	0.016185780390937876	28164.8689942169	1.4546853750784328	16	61
16.22222222222222	29032.0	17.24714141542404	0.012142349984564146	6.0222777718396445	0.016185780390937876	28598.621766742177	2.5626809632804717	16	61
16.666666666666664	29280.0	17.24714141542404	0.012142349984564146	6.0222777718396445	0.016185780390937876	28881.32475413662	2.3459065926612284	16	61
17.11111111111111	29080.0	17.24714141542404	0.012142349984564146	6.0222777718396445	0.016185780390937876	29008.398536849563	0.42039739895919775	16	61
17.555555555555557	29076.0	17.24714141542404	0.012142349984564146	6.0222777718396445	0.016185780390937876	28977.77489235743	0.5770188438196769	16	61
18.0	28761.0	17.24714141542404	0.012142349984564146	6.0222777718396445	0.016185780390937876	28789.95279683416	-0.17063575816040616	16	61
18.444444444444443	28696.0	17.24714141542404	0.012142349984564146	6.0222777718396445	0.016185780390937876	28447.984899302617	1.4704571376968862	16	61
18.888888888888886	27795.0	17.24714141542404	0.012142349984564146	6.0222777718396445	0.016185780390937876	27957.39498064579	-0.9712348349679639	16	61
19.333333333333332	27180.0	17.24714141542404	0.012142349984564146	6.0222777718396445	0.016185780390937876	27326.02951640474	-0.8833898000775251	16	61
19.77777777777778	26476.0	17.24714141542404	0.012142349984564146	6.0222777718396445	0.016185780390937876	26563.848917586492	-0.539002666922718	16	61
20.22222222222222	25314.0	17.24714141542404	0.012142349984564146	6.0222777718396445	0.016185780390937876	25682.66621035652	-2.300452556510251	16	61
20.666666666666664	24325.0	17.24714141542404	0.012142349984564146	6.0222777718396445	0.016185780390937876	24695.84273189962	-2.3598143967481295	16	61
21.11111111111111	23457.0	17.24714141542404	0.012142349984564146	6.0222777718396445	0.016185780390937876	23617.95178584895	-1.0473086341755993	16	61
21.555555555555554	22232.0	17.24714141542404	0.012142349984564146	6.0222777718396445	0.016185780390937876	22464.42206227319	-1.5507069214033773	16	61
22.0	20791.0	17.24714141542404	0.012142349984564146	6.0222777718396445	0.016185780390937876	21251.172958388677	-3.156673331488943	16	61
22.444444444444443	19821.0	17.24714141542404	0.012142349984564146	6.0222777718396445	0.016185780390937876	19994.253740035492	-1.2252649743718111	16	61
22.888888888888886	18530.0	17.24714141542404	0.012142349984564146	6.0222777718396445	0.016185780390937876	18709.497791410977	-1.3122846359724456	16	61
23.333333333333332	17296.0	17.24714141542404	0.012142349984564146	6.0222777718396445	0.016185780390937876	17412.2020673351	-0.8806168788567255	16	61
23.77777777777778	16081.0	17.24714141542404	0.012142349984564146	6.0222777718396445	0.016185780390937876	16116.840364649775	-0.2823140338519319	16	61
24.22222222222222	14953.0	17.24714141542404	0.012142349984564146	6.0222777718396445	0.016185780390937876	14836.817258482655	0.9538305897384104	16	61
24.666666666666664	13604.0	17.24714141542404	0.012142349984564146	6.0222777718396445	0.016185780390937876	13584.267605214101	0.1693018413531482	16	61
25.111111111111107	12602.0	17.24714141542404	0.012142349984564146	6.0222777718396445	0.016185780390937876	12369.904499877022	2.0868130649397116	16	61
25.555555555555554	11501.0	17.24714141542404	0.012142349984564146	6.0222777718396445	0.016185780390937876	11202.916590754647	2.8162568005145605	16	61
26.0	10422.0	17.24714141542404	0.012142349984564146	6.0222777718396445	0.016185780390937876	10090.913788610316	3.2959138116180626	16	61
26.444444444444443	9456.0	17.24714141542404	0.012142349984564146	6.0222777718396445	0.016185780390937876	9039.918739423068	4.376187217244475	16	61
26.888888888888886	8770.0	17.24714141542404	0.012142349984564146	6.0222777718396445	0.016185780390937876	8054.400018204674	7.973586747274758	16	61
27.333333333333332	7724.0	17.24714141542404	0.012142349984564146	6.0222777718396445	0.016185780390937876
27.77777777777778	6943.0	17.24714141542404	0.012142349984564146	6.0222777718396445	0.016185780390937876
28.22222222222222	6256.0	17.24714141542404	0.012142349984564146	6.0222777718396445	0.016185780390937876
28.666666666666664	5569.0	17.24714141542404	0.012142349984564146	6.0222777718396445	0.016185780390937876
29.111111111111107	4988.0	17.24714141542404	0.012142349984564146	6.0222777718396445	0.016185780390937876
29.555555555555554	4416.0	17.24714141542404	0.012142349984564146	6.0222777718396445	0.016185780390937876
30.0	3978.0	17.24714141542404	0.012142349984564146	6.0222777718396445	0.016185780390937876
30.444444444444443	3544.0	17.24714141542404	0.012142349984564146	6.0222777718396445	0.016185780390937876
30.888888888888886	3193.0	17.24714141542404	0.012142349984564146	6.0222777718396445	0.016185780390937876
31.333333333333332	2768.0	17.24714141542404	0.012142349984564146	6.0222777718396445	0.016185780390937876
31.77777777777778	2525.0	17.24714141542404	0.012142349984564146	6.0222777718396445	0.016185780390937876
32.22222222222222	2242.0	17.24714141542404	0.012142349984564146	6.0222777718396445	0.016185780390937876
32.666666666666664	1994.0	17.24714141542404	0.012142349984564146	6.0222777718396445	0.016185780390937876
33.11111111111111	1826.0	17.24714141542404	0.012142349984564146	6.0222777718396445	0.016185780390937876
33.55555555555556	1605.0	17.24714141542404	0.012142349984564146	6.0222777718396445	0.016185780390937876
34.0	1491.0	17.24714141542404	0.012142349984564146	6.0222777718396445	0.016185780390937876
34.44444444444444	1264.0	17.24714141542404	0.012142349984564146	6.0222777718396445	0.016185780390937876
34.888888888888886	1111.0	17.24714141542404	0.012142349984564146	6.0222777718396445	0.016185780390937876
35.33333333333333	976.0	17.24714141542404	0.012142349984564146	6.0222777718396445	0.016185780390937876
35.77777777777778	914.0	17.24714141542404	0.012142349984564146	6.0222777718396445	0.016185780390937876
36.22222222222222	842.0	17.24714141542404	0.012142349984564146	6.0222777718396445	0.016185780390937876
36.666666666666664	757.0	17.24714141542404	0.012142349984564146	6.0222777718396445	0.016185780390937876
37.11111111111111	702.0	17.24714141542404	0.012142349984564146	6.0222777718396445	0.016185780390937876
37.55555555555556	649.0	17.24714141542404	0.012142349984564146	6.0222777718396445	0.016185780390937876
38.0	560.0	17.24714141542404	0.012142349984564146	6.0222777718396445	0.016185780390937876
38.44444444444444	574.0	17.24714141542404	0.012142349984564146	6.0222777718396445	0.016185780390937876
38.888888888888886	461.0	17.24714141542404	0.012142349984564146	6.0222777718396445	0.016185780390937876
39.33333333333333	443.0	17.24714141542404	0.012142349984564146	6.0222777718396445	0.016185780390937876
39.77777777777777	420.0	17.24714141542404	0.012142349984564146	6.0222777718396445	0.016185780390937876
40.22222222222222	371.0	17.24714141542404	0.012142349984564146	6.0222777718396445	0.016185780390937876
40.666666666666664	332.0	17.24714141542404	0.012142349984564146	6.0222777718396445	0.016185780390937876
41.11111111111111	321.0	17.24714141542404	0.012142349984564146	6.0222777718396445	0.016185780390937876
41.55555555555556	305.0	17.24714141542404	0.012142349984564146	6.0222777718396445	0.016185780390937876
42.0	275.0	17.24714141542404	0.012142349984564146	6.0222777718396445	0.016185780390937876
42.44444444444444	250.0	17.24714141542404	0.012142349984564146	6.0222777718396445	0.016185780390937876
42.888888888888886	233.0	17.24714141542404	0.012142349984564146	6.0222777718396445	0.016185780390937876
43.33333333333333	206.0	17.24714141542404	0.012142349984564146	6.0222777718396445	0.016185780390937876
43.77777777777777	195.0	17.24714141542404	0.012142349984564146	6.0222777718396445	0.016185780390937876
44.22222222222222	176.0	17.24714141542404	0.012142349984564146	6.0222777718396445	0.016185780390937876
44.666666666666664	167.0	17.24714141542404	0.012142349984564146	6.0222777718396445	0.016185780390937876
45.11111111111111	152.0	17.24714141542404	0.012142349984564146	6.0222777718396445	0.016185780390937876
45.55555555555556	131.0	17.24714141542404	0.012142349984564146	6.0222777718396445	0.016185780390937876
46.0	122.0	17.24714141542404	0.012142349984564146	6.0222777718396445	0.016185780390937876
46.44444444444444	114.0	17.24714141542404	0.012142349984564146	6.0222777718396445	0.016185780390937876
46.888888888888886	100.0	17.24714141542404	0.012142349984564146	6.0222777718396445	0.016185780390937876
47.33333333333333	94.0	17.24714141542404	0.012142349984564146	6.0222777718396445	0.016185780390937876
47.77777777777777	100.0	17.24714141542404	0.012142349984564146	6.0222777718396445	0.016185780390937876
48.22222222222222	93.0	17.24714141542404	0.012142349984564146	6.0222777718396445	0.016185780390937876
48.666666666666664	91.0	17.24714141542404	0.012142349984564146	6.0222777718396445	0.016185780390937876
49.11111111111111	79.0	17.24714141542404	0.012142349984564146	6.0222777718396445	0.016185780390937876
49.55555555555555	52.0	17.24714141542404	0.012142349984564146	6.0222777718396445	0.016185780390937876
50.0	66.0	17.24714141542404	0.012142349984564146	6.0222777718396445	0.016185780390937876
50.44444444444444	61.0	17.24714141542404	0.012142349984564146	6.0222777718396445	0.016185780390937876
50.888888888888886	59.0	17.24714141542404	0.012142349984564146	6.0222777718396445	0.016185780390937876
51.33333333333333	50.0	17.24714141542404	0.012142349984564146	6.0222777718396445	0.016185780390937876
51.77777777777777	50.0	17.24714141542404	0.012142349984564146	6.0222777718396445	0.016185780390937876
52.22222222222222	33.0	17.24714141542404	0.012142349984564146	6.0222777718396445	0.016185780390937876
52.666666666666664	29.0	17.24714141542404	0.012142349984564146	6.0222777718396445	0.016185780390937876
53.11111111111111	28.0	17.24714141542404	0.012142349984564146	6.0222777718396445	0.016185780390937876
53.55555555555555	26.0	17.24714141542404	0.012142349984564146	6.0222777718396445	0.016185780390937876
54.0	31.0	17.24714141542404	0.012142349984564146	6.0222777718396445	0.016185780390937876
54.44444444444444	25.0	17.24714141542404	0.012142349984564146	6.0222777718396445	0.016185780390937876
54.888888888888886	20.0	17.24714141542404	0.012142349984564146	6.0222777718396445	0.016185780390937876
55.33333333333333	16.0	17.24714141542404	0.012142349984564146	6.0222777718396445	0.016185780390937876
55.77777777777777	29.0	17.24714141542404	0.012142349984564146	6.0222777718396445	0.016185780390937876
56.22222222222222	27.0	17.24714141542404	0.012142349984564146	6.0222777718396445	0.016185780390937876
56.666666666666664	26.0	17.24714141542404	0.012142349984564146	6.0222777718396445	0.016185780390937876
57.11111111111111	20.0	17.24714141542404	0.012142349984564146	6.0222777718396445	0.016185780390937876
57.55555555555555	16.0	17.24714141542404	0.012142349984564146	6.0222777718396445	0.016185780390937876
58.0	12.0	17.24714141542404	0.012142349984564146	6.0222777718396445	0.016185780390937876
58.44444444444444	14.0	17.24714141542404	0.012142349984564146	6.0222777718396445	0.016185780390937876
58.888888888888886	16.0	17.24714141542404	0.012142349984564146	6.0222777718396445	0.016185780390937876
59.33333333333333	9.0	17.24714141542404	0.012142349984564146	6.0222777718396445	0.016185780390937876
59.77777777777777	16.0	17.24714141542404	0.012142349984564146	6.0222777718396445	0.016185780390937876
60.22222222222222	8.0	17.24714141542404	0.012142349984564146	6.0222777718396445	0.016185780390937876
60.666666666666664	10.0	17.24714141542404	0.012142349984564146	6.0222777718396445	0.016185780390937876
61.11111111111111	7.0	17.24714141542404	0.012142349984564146	6.0222777718396445	0.016185780390937876
61.55555555555555	7.0	17.24714141542404	0.012142349984564146	6.0222777718396445	0.016185780390937876
62.0	9.0	17.24714141542404	0.012142349984564146	6.0222777718396445	0.016185780390937876
62.44444444444444	8.0	17.24714141542404	0.012142349984564146	6.0222777718396445	0.016185780390937876
62.888888888888886	9.0	17.24714141542404	0.012142349984564146	6.0222777718396445	0.016185780390937876
63.33333333333333	6.0	17.24714141542404	0.012142349984564146	6.0222777718396445	0.016185780390937876
63.77777777777777	7.0	17.24714141542404	0.012142349984564146	6.0222777718396445	0.016185780390937876
64.22222222222223	5.0	17.24714141542404	0.012142349984564146	6.0222777718396445	0.016185780390937876
64.66666666666666	5.0	17.24714141542404	0.012142349984564146	6.0222777718396445	0.016185780390937876
65.11111111111111	4.0	17.24714141542404	0.012142349984564146	6.0222777718396445	0.016185780390937876
65.55555555555554	2.0	17.24714141542404	0.012142349984564146	6.0222777718396445	0.016185780390937876
66.0	10.0	17.24714141542404	0.012142349984564146	6.0222777718396445	0.016185780390937876
66.44444444444443	3.0	17.24714141542404	0.012142349984564146	6.0222777718396445	0.016185780390937876
66.88888888888889	4.0	17.24714141542404	0.012142349984564146	6.0222777718396445	0.016185780390937876
67.33333333333334	5.0	17.24714141542404	0.012142349984564146	6.0222777718396445	0.016185780390937876
67.77777777777777	3.0	17.24714141542404	0.012142349984564146	6.0222777718396445	0.016185780390937876
68.22222222222223	4.0	17.24714141542404	0.012142349984564146	6.0222777718396445	0.016185780390937876
68.66666666666666	3.0	17.24714141542404	0.012142349984564146	6.0222777718396445	0.016185780390937876
69.11111111111111	0.0	17.24714141542404	0.012142349984564146	6.0222777718396445	0.016185780390937876
69.55555555555554	1.0	17.24714141542404	0.012142349984564146	6.0222777718396445	0.016185780390937876
70.0	2.0	17.24714141542404	0.012142349984564146	6.0222777718396445	0.016185780390937876
70.44444444444443	0.0	17.24714141542404	0.012142349984564146	6.0222777718396445	0.016185780390937876
70.88888888888889	4.0	17.24714141542404	0.012142349984564146	6.0222777718396445	0.016185780390937876
71.33333333333334	2.0	17.24714141542404	0.012142349984564146	6.0222777718396445	0.016185780390937876
71.77777777777777	1.0	17.24714141542404	0.012142349984564146	6.0222777718396445	0.016185780390937876
72.22222222222223	2.0	17.24714141542404	0.012142349984564146	6.0222777718396445	0.016185780390937876
72.66666666666666	1.0	17.24714141542404	0.012142349984564146	6.0222777718396445	0.016185780390937876
73.11111111111111	2.0	17.24714141542404	0.012142349984564146	6.0222777718396445	0.016185780390937876
73.55555555555554	1.0	17.24714141542404	0.012142349984564146	6.0222777718396445	0.016185780390937876
74.0	0.0	17.24714141542404	0.012142349984564146	6.0222777718396445	0.016185780390937876
74.44444444444443	2.0	17.24714141542404	0.012142349984564146	6.0222777718396445	0.016185780390937876
74.88888888888889	0.0	17.24714141542404	0.012142349984564146	6.0222777718396445	0.016185780390937876
75.33333333333333	1.0	17.24714141542404	0.012142349984564146	6.0222777718396445	0.016185780390937876
75.77777777777777	2.0	17.24714141542404	0.012142349984564146	6.0222777718396445	0.016185780390937876
76.22222222222223	1.0	17.24714141542404	0.012142349984564146	6.0222777718396445	0.016185780390937876
76.66666666666666	1.0	17.24714141542404	0.012142349984564146	6.0222777718396445	0.016185780390937876
77.11111111111111	1.0	17.24714141542404	0.012142349984564146	6.0222777718396445	0.016185780390937876
77.55555555555554	1.0	17.24714141542404	0.012142349984564146	6.0222777718396445	0.016185780390937876
78.0	1.0	17.24714141542404	0.012142349984564146	6.0222777718396445	0.016185780390937876
78.44444444444443	0.0	17.24714141542404	0.012142349984564146	6.0222777718396445	0.016185780390937876
78.88888888888889	0.0	17.24714141542404	0.012142349984564146	6.0222777718396445	0.016185780390937876
79.33333333333333	1.0	17.24714141542404	0.012142349984564146	6.0222777718396445	0.016185780390937876
79.77777777777777	0.0	17.24714141542404	0.012142349984564146	6.0222777718396445	0.016185780390937876
