0.2222222222222222	127.0	19.172886004676137	0.014471248876329513	6.33927427276995	0.019120802270015988
0.6666666666666666	182.0	19.172886004676137	0.014471248876329513	6.33927427276995	0.019120802270015988
1.1111111111111112	184.0	19.172886004676137	0.014471248876329513	6.33927427276995	0.019120802270015988
1.5555555555555554	267.0	19.172886004676137	0.014471248876329513	6.33927427276995	0.019120802270015988
2.0	355.0	19.172886004676137	0.014471248876329513	6.33927427276995	0.019120802270015988
2.4444444444444446	465.0	19.172886004676137	0.014471248876329513	6.33927427276995	0.019120802270015988
2.8888888888888884	552.0	19.172886004676137	0.014471248876329513	6.33927427276995	0.019120802270015988
3.333333333333333	693.0	19.172886004676137	0.014471248876329513	6.33927427276995	0.019120802270015988
3.7777777777777777	857.0	19.172886004676137	0.014471248876329513	6.33927427276995	0.019120802270015988
4.222222222222222	1049.0	19.172886004676137	0.014471248876329513	6.33927427276995	0.019120802270015988
4.666666666666666	1235.0	19.172886004676137	0.014471248876329513	6.33927427276995	0.019120802270015988
5.111111111111111	1518.0	19.172886004676137	0.014471248876329513	6.33927427276995	0.019120802270015988
5.555555555555555	1883.0	19.172886004676137	0.014471248876329513	6.33927427276995	0.019120802270015988
6.0	2278.0	19.172886004676137	0.014471248876329513	6.33927427276995	0.019120802270015988
6.444444444444444	2626.0	19.172886004676137	0.014471248876329513	6.33927427276995	0.019120802270015988
6.888888888888888	3188.0	19.172886004676137	0.014471248876329513	6.33927427276995	0.019120802270015988
7.333333333333333	3759.0	19.172886004676137	0.014471248876329513	6.33927427276995	0.019120802270015988
7.777777777777778	4208.0	19.172886004676137	0.014471248876329513	6.33927427276995	0.019120802270015988
8.222222222222221	4978.0	19.172886004676137	0.014471248876329513	6.33927427276995	0.019120802270015988
8.666666666666668	5912.0	19.172886004676137	0.014471248876329513	6.33927427276995	0.019120802270015988
9.11111111111111	6519.0	19.172886004676137	0.014471248876329513	6.33927427276995	0.019120802270015988	7779.388654973698	-14.289984270331852	20	65
9.555555555555554	7531.0	19.172886004676137	0.014471248876329513	6.33927427276995	0.019120802270015988	8673.73086026343	-12.269898916686786	20	65
10.0	8505.0	19.172886004676137	0.014471248876329513	6.33927427276995	0.019120802270015988	9623.470042791714	-11.401408520858759	20	65
10.444444444444443	9497.0	19.172886004676137	0.014471248876329513	6.33927427276995	0.019120802270015988	10624.848321483378	-10.941814004782028	20	65
10.88888888888889	10574.0	19.172886004676137	0.014471248876329513	6.33927427276995	0.019120802270015988	11672.907997791579	-10.171190838048476	20	65
11.333333333333332	11568.0	19.172886004676137	0.014471248876329513	6.33927427276995	0.019120802270015988	12761.469000724199	-10.564788523503418	20	65
11.777777777777779	12848.0	19.172886004676137	0.014471248876329513	6.33927427276995	0.019120802270015988	13883.135446038672	-8.785235341150454	20	65
12.222222222222221	14190.0	19.172886004676137	0.014471248876329513	6.33927427276995	0.019120802270015988	15029.333972371265	-6.846442011996785	20	65
12.666666666666664	15687.0	19.172886004676137	0.014471248876329513	6.33927427276995	0.019120802270015988	16190.38563391728	-3.9561451783701718	20	65
13.11111111111111	16954.0	19.172886004676137	0.014471248876329513	6.33927427276995	0.019120802270015988	17355.61209137457	-3.048504302311658	20	65
13.555555555555554	18081.0	19.172886004676137	0.014471248876329513	6.33927427276995	0.019120802270015988	18513.475683829256	-3.178467053160578	20	65
14.0	19230.0	19.172886004676137	0.014471248876329513	6.33927427276995	0.019120802270015988	19651.751726821956	-3.0085430829206796	20	65
14.444444444444443	20611.0	19.172886004676137	0.014471248876329513	6.33927427276995	0.019120802270015988	20757.73011619773	-1.0184256547059365	20	65
14.88888888888889	21793.0	19.172886004676137	0.014471248876329513	6.33927427276995	0.019120802270015988	21818.442079014694	-0.1722426618686016	20	65
15.333333333333332	22810.0	19.172886004676137	0.014471248876329513	6.33927427276995	0.019120802270015988	22820.90675986387	-0.07219868756890013	20	65
15.777777777777779	23912.0	19.172886004676137	0.014471248876329513	6.33927427276995	0.019120802270015988	23752.391321099618	1.035625732823446	20	65
16.22222222222222	24771.0	19.172886004676137	0.014471248876329513	6.33927427276995	0.019120802270015988	24600.677422701785	1.0859221382507607	20	65
16.666666666666664	25773.0	19.172886004676137	0.014471248876329513	6.33927427276995	0.019120802270015988	25354.32637895328	2.629357024320367	20	65
17.11111111111111	26084.0	19.172886004676137	0.014471248876329513	6.33927427276995	0.019120802270015988	26002.93500217934	0.5027154008203286	20	65
17.555555555555557	27097.0	19.172886004676137	0.014471248876329513	6.33927427276995	0.019120802270015988	26537.374163493594	3.4353325363463414	20	65
18.0	27331.0	19.172886004676137	0.014471248876329513	6.33927427276995	0.019120802270015988	26950.00243763799	2.3208271300493313	20	65
18.444444444444443	27302.0	19.172886004676137	0.014471248876329513	6.33927427276995	0.019120802270015988	27234.847849036916	0.40690914601066247	20	65
18.888888888888886	27813.0	19.172886004676137	0.014471248876329513	6.33927427276995	0.019120802270015988	27387.751678940702	2.5695934518023136	20	65
19.333333333333332	27386.0	19.172886004676137	0.014471248876329513	6.33927427276995	0.019120802270015988	27406.469493878656	-0.12364613855025804	20	65
19.77777777777778	27494.0	19.172886004676137	0.014471248876329513	6.33927427276995	0.019120802270015988	27290.72596504647	1.2304794460620372	20	65
20.22222222222222	26892.0	19.172886004676137	0.014471248876329513	6.33927427276995	0.019120802270015988	27042.22160716744	-0.9135056132168096	20	65
20.666666666666664	26623.0	19.172886004676137	0.014471248876329513	6.33927427276995	0.019120802270015988	26664.591206291032	-0.2547029949295234	20	65
21.11111111111111	26130.0	19.172886004676137	0.014471248876329513	6.33927427276995	0.019120802270015988	26163.315357039657	-0.2059672089648561	20	65
21.555555555555554	25613.0	19.172886004676137	0.014471248876329513	6.33927427276995	0.019120802270015988	25545.588118557254	0.4217727288462907	20	65
22.0	24595.0	19.172886004676137	0.014471248876329513	6.33927427276995	0.019120802270015988	24820.145255756943	-1.4290934890188214	20	65
22.444444444444443	23866.0	19.172886004676137	0.014471248876329513	6.33927427276995	0.019120802270015988	23997.05879631784	-0.8460327348307402	20	65
22.888888888888886	22751.0	19.172886004676137	0.014471248876329513	6.33927427276995	0.019120802270015988	23087.50465237659	-2.2146371202915587	20	65
23.333333333333332	21879.0	19.172886004676137	0.014471248876329513	6.33927427276995	0.019120802270015988	22103.51078994936	-1.5101030614010487	20	65
23.77777777777778	20834.0	19.172886004676137	0.014471248876329513	6.33927427276995	0.019120802270015988	21057.69385436888	-1.541518172969792	20	65
24.22222222222222	19728.0	19.172886004676137	0.014471248876329513	6.33927427276995	0.019120802270015988	19962.992267523063	-1.663185739730918	20	65
24.666666666666664	18529.0	19.172886004676137	0.014471248876329513	6.33927427276995	0.019120802270015988	18832.403609052333	-2.210893719011323	20	65
25.111111111111107	17362.0	19.172886004676137	0.014471248876329513	6.33927427276995	0.019120802270015988	17678.733600141997	-2.382147019647795	20	65
25.555555555555554	16523.0	19.172886004676137	0.014471248876329513	6.33927427276995	0.019120802270015988	16514.363259298083	0.06720768937189424	20	65
26.0	15256.0	19.172886004676137	0.014471248876329513	6.33927427276995	0.019120802270015988	15351.039839241006	-0.7670731717576703	20	65
26.444444444444443	14316.0	19.172886004676137	0.014471248876329513	6.33927427276995	0.019120802270015988	14199.696035210487	0.9760116377678936	20	65
26.888888888888886	13066.0	19.172886004676137	0.014471248876329513	6.33927427276995	0.019120802270015988	13070.300734518316	-0.037618358806633716	20	65
27.333333333333332	12020.0	19.172886004676137	0.014471248876329513	6.33927427276995	0.019120802270015988	11971.74331340772	0.44104083401837074	20	65
27.77777777777778	11212.0	19.172886004676137	0.014471248876329513	6.33927427276995	0.019120802270015988	10911.7522366895	2.8743028974222957	20	65
28.22222222222222	10383.0	19.172886004676137	0.014471248876329513	6.33927427276995	0.019120802270015988	9896.847530152736	4.886794277852455	20	65
28.666666666666664	9225.0	19.172886004676137	0.014471248876329513	6.33927427276995	0.019120802270015988	8932.325620385074	3.096723523876195	20	65
29.111111111111107	8324.0	19.172886004676137	0.014471248876329513	6.33927427276995	0.019120802270015988
29.555555555555554	7680.0	19.172886004676137	0.014471248876329513	6.33927427276995	0.019120802270015988
30.0	6843.0	19.172886004676137	0.014471248876329513	6.33927427276995	0.019120802270015988
30.444444444444443	6308.0	19.172886004676137	0.014471248876329513	6.33927427276995	0.019120802270015988
30.888888888888886	5661.0	19.172886004676137	0.014471248876329513	6.33927427276995	0.019120802270015988
31.333333333333332	5120.0	19.172886004676137	0.014471248876329513	6.33927427276995	0.019120802270015988
31.77777777777778	4658.0	19.172886004676137	0.014471248876329513	6.33927427276995	0.019120802270015988
32.22222222222222	4070.0	19.172886004676137	0.014471248876329513	6.33927427276995	0.019120802270015988
32.666666666666664	3732.0	19.172886004676137	0.014471248876329513	6.33927427276995	0.019120802270015988
33.11111111111111	3309.0	19.172886004676137	0.014471248876329513	6.33927427276995	0.019120802270015988
33.55555555555556	3030.0	19.172886004676137	0.014471248876329513	6.33927427276995	0.019120802270015988
34.0	2758.0	19.172886004676137	0.014471248876329513	6.33927427276995	0.019120802270015988
34.44444444444444	2363.0	19.172886004676137	0.014471248876329513	6.33927427276995	0.019120802270015988
34.888888888888886	2227.0	19.172886004676137	0.014471248876329513	6.33927427276995	0.019120802270015988
35.33333333333333	1885.0	19.172886004676137	0.014471248876329513	6.33927427276995	0.019120802270015988
35.77777777777778	1692.0	19.172886004676137	0.014471248876329513	6.33927427276995	0.019120802270015988
36.22222222222222	1593.0	19.172886004676137	0.014471248876329513	6.33927427276995	0.019120802270015988
36.666666666666664	1393.0	19.172886004676137	0.014471248876329513	6.33927427276995	0.019120802270015988
37.11111111111111	1330.0	19.172886004676137	0.014471248876329513	6.33927427276995	0.019120802270015988
37.55555555555556	1185.0	19.172886004676137	0.014471248876329513	6.33927427276995	0.019120802270015988
38.0	1113.0	19.172886004676137	0.014471248876329513	6.33927427276995	0.019120802270015988
38.44444444444444	1008.0	19.172886004676137	0.014471248876329513	6.33927427276995	0.019120802270015988
38.888888888888886	894.0	19.172886004676137	0.014471248876329513	6.33927427276995	0.019120802270015988
39.33333333333333	757.0	19.172886004676137	0.014471248876329513	6.33927427276995	0.019120802270015988
39.77777777777777	757.0	19.172886004676137	0.014471248876329513	6.33927427276995	0.019120802270015988
40.22222222222222	690.0	19.172886004676137	0.014471248876329513	6.33927427276995	0.019120802270015988
40.666666666666664	615.0	19.172886004676137	0.014471248876329513	6.33927427276995	0.019120802270015988
41.11111111111111	559.0	19.172886004676137	0.014471248876329513	6.33927427276995	0.019120802270015988
41.55555555555556	513.0	19.172886004676137	0.014471248876329513	6.33927427276995	0.019120802270015988
42.0	477.0	19.172886004676137	0.014471248876329513	6.33927427276995	0.019120802270015988
42.44444444444444	459.0	19.172886004676137	0.014471248876329513	6.33927427276995	0.019120802270015988
42.888888888888886	377.0	19.172886004676137	0.014471248876329513	6.33927427276995	0.019120802270015988
43.33333333333333	362.0	19.172886004676137	0.014471248876329513	6.33927427276995	0.019120802270015988
43.77777777777777	330.0	19.172886004676137	0.014471248876329513	6.33927427276995	0.019120802270015988
44.22222222222222	335.0	19.172886004676137	0.014471248876329513	6.33927427276995	0.019120802270015988
44.666666666666664	287.0	19.172886004676137	0.014471248876329513	6.33927427276995	0.019120802270015988
45.11111111111111	245.0	19.172886004676137	0.014471248876329513	6.33927427276995	0.019120802270015988
45.55555555555556	279.0	19.172886004676137	0.014471248876329513	6.33927427276995	0.019120802270015988
46.0	226.0	19.172886004676137	0.014471248876329513	6.33927427276995	0.019120802270015988
46.44444444444444	219.0	19.172886004676137	0.014471248876329513	6.33927427276995	0.019120802270015988
46.888888888888886	191.0	19.172886004676137	0.014471248876329513	6.33927427276995	0.019120802270015988
47.33333333333333	146.0	19.172886004676137	0.014471248876329513	6.33927427276995	0.019120802270015988
47.77777777777777	156.0	19.172886004676137	0.014471248876329513	6.33927427276995	0.019120802270015988
48.22222222222222	153.0	19.172886004676137	0.014471248876329513	6.33927427276995	0.019120802270015988
48.666666666666664	109.0	19.172886004676137	0.014471248876329513	6.33927427276995	0.019120802270015988
49.11111111111111	124.0	19.172886004676137	0.014471248876329513	6.33927427276995	0.019120802270015988
49.55555555555555	122.0	19.172886004676137	0.014471248876329513	6.33927427276995	0.019120802270015988
50.0	95.0	19.172886004676137	0.014471248876329513	6.33927427276995	0.019120802270015988
50.44444444444444	77.0	19.172886004676137	0.014471248876329513	6.33927427276995	0.019120802270015988
50.888888888888886	80.0	19.172886004676137	0.014471248876329513	6.33927427276995	0.019120802270015988
51.33333333333333	81.0	19.172886004676137	0.014471248876329513	6.33927427276995	0.019120802270015988
51.77777777777777	85.0	19.172886004676137	0.014471248876329513	6.33927427276995	0.019120802270015988
52.22222222222222	75.0	19.172886004676137	0.014471248876329513	6.33927427276995	0.019120802270015988
52.666666666666664	58.0	19.172886004676137	0.014471248876329513	6.33927427276995	0.019120802270015988
53.11111111111111	76.0	19.172886004676137	0.014471248876329513	6.33927427276995	0.019120802270015988
53.55555555555555	56.0	19.172886004676137	0.014471248876329513	6.33927427276995	0.019120802270015988
54.0	42.0	19.172886004676137	0.014471248876329513	6.33927427276995	0.019120802270015988
54.44444444444444	53.0	19.172886004676137	0.014471248876329513	6.33927427276995	0.019120802270015988
54.888888888888886	48.0	19.172886004676137	0.014471248876329513	6.33927427276995	0.019120802270015988
55.33333333333333	41.0	19.172886004676137	0.014471248876329513	6.33927427276995	0.019120802270015988
55.77777777777777	46.0	19.172886004676137	0.014471248876329513	6.33927427276995	0.019120802270015988
56.22222222222222	41.0	19.172886004676137	0.014471248876329513	6.33927427276995	0.019120802270015988
56.666666666666664	34.0	19.172886004676137	0.014471248876329513	6.33927427276995	0.019120802270015988
57.11111111111111	39.0	19.172886004676137	0.014471248876329513	6.33927427276995	0.019120802270015988
57.55555555555555	29.0	19.172886004676137	0.014471248876329513	6.33927427276995	0.019120802270015988
58.0	24.0	19.172886004676137	0.014471248876329513	6.33927427276995	0.019120802270015988
58.44444444444444	39.0	19.172886004676137	0.014471248876329513	6.33927427276995	0.019120802270015988
58.888888888888886	21.0	19.172886004676137	0.014471248876329513	6.33927427276995	0.019120802270015988
59.33333333333333	24.0	19.172886004676137	0.014471248876329513	6.33927427276995	0.019120802270015988
59.77777777777777	16.0	19.172886004676137	0.014471248876329513	6.33927427276995	0.019120802270015988
60.22222222222222	11.0	19.172886004676137	0.014471248876329513	6.33927427276995	0.019120802270015988
60.666666666666664	14.0	19.172886004676137	0.014471248876329513	6.33927427276995	0.019120802270015988
61.11111111111111	10.0	19.172886004676137	0.014471248876329513	6.33927427276995	0.019120802270015988
61.55555555555555	12.0	19.172886004676137	0.014471248876329513	6.33927427276995	0.019120802270015988
62.0	11.0	19.172886004676137	0.014471248876329513	6.33927427276995	0.019120802270015988
62.44444444444444	11.0	19.172886004676137	0.014471248876329513	6.33927427276995	0.019120802270015988
62.888888888888886	11.0	19.172886004676137	0.014471248876329513	6.33927427276995	0.019120802270015988
63.33333333333333	7.0	19.172886004676137	0.014471248876329513	6.33927427276995	0.019120802270015988
63.77777777777777	8.0	19.172886004676137	0.014471248876329513	6.33927427276995	0.019120802270015988
64.22222222222223	7.0	19.172886004676137	0.014471248876329513	6.33927427276995	0.019120802270015988
64.66666666666666	7.0	19.172886004676137	0.014471248876329513	6.33927427276995	0.019120802270015988
65.11111111111111	12.0	19.172886004676137	0.014471248876329513	6.33927427276995	0.019120802270015988
65.55555555555554	6.0	19.172886004676137	0.014471248876329513	6.33927427276995	0.019120802270015988
66.0	10.0	19.172886004676137	0.014471248876329513	6.33927427276995	0.019120802270015988
66.44444444444443	12.0	19.172886004676137	0.014471248876329513	6.33927427276995	0.019120802270015988
66.88888888888889	10.0	19.172886004676137	0.014471248876329513	6.33927427276995	0.019120802270015988
67.33333333333334	9.0	19.172886004676137	0.014471248876329513	6.33927427276995	0.019120802270015988
67.77777777777777	9.0	19.172886004676137	0.014471248876329513	6.33927427276995	0.019120802270015988
68.22222222222223	3.0	19.172886004676137	0.014471248876329513	6.33927427276995	0.019120802270015988
68.66666666666666	5.0	19.172886004676137	0.014471248876329513	6.33927427276995	0.019120802270015988
69.11111111111111	8.0	19.172886004676137	0.014471248876329513	6.33927427276995	0.019120802270015988
69.55555555555554	3.0	19.172886004676137	0.014471248876329513	6.33927427276995	0.019120802270015988
70.0	1.0	19.172886004676137	0.014471248876329513	6.33927427276995	0.019120802270015988
70.44444444444443	3.0	19.172886004676137	0.014471248876329513	6.33927427276995	0.019120802270015988
70.88888888888889	5.0	19.172886004676137	0.014471248876329513	6.33927427276995	0.019120802270015988
71.33333333333334	2.0	19.172886004676137	0.014471248876329513	6.33927427276995	0.019120802270015988
71.77777777777777	2.0	19.172886004676137	0.014471248876329513	6.33927427276995	0.019120802270015988
72.22222222222223	5.0	19.172886004676137	0.014471248876329513	6.33927427276995	0.019120802270015988
72.66666666666666	1.0	19.172886004676137	0.014471248876329513	6.33927427276995	0.019120802270015988
73.11111111111111	1.0	19.172886004676137	0.014471248876329513	6.33927427276995	0.019120802270015988
73.55555555555554	5.0	19.172886004676137	0.014471248876329513	6.33927427276995	0.019120802270015988
74.0	0.0	19.172886004676137	0.014471248876329513	6.33927427276995	0.019120802270015988
74.44444444444443	5.0	19.172886004676137	0.014471248876329513	6.33927427276995	0.019120802270015988
74.88888888888889	2.0	19.172886004676137	0.014471248876329513	6.33927427276995	0.019120802270015988
75.33333333333333	1.0	19.172886004676137	0.014471248876329513	6.33927427276995	0.019120802270015988
75.77777777777777	4.0	19.172886004676137	0.014471248876329513	6.33927427276995	0.019120802270015988
76.22222222222223	3.0	19.172886004676137	0.014471248876329513	6.33927427276995	0.019120802270015988
76.66666666666666	0.0	19.172886004676137	0.014471248876329513	6.33927427276995	0.019120802270015988
77.11111111111111	2.0	19.172886004676137	0.014471248876329513	6.33927427276995	0.019120802270015988
77.55555555555554	1.0	19.172886004676137	0.014471248876329513	6.33927427276995	0.019120802270015988
78.0	2.0	19.172886004676137	0.014471248876329513	6.33927427276995	0.019120802270015988
78.44444444444443	1.0	19.172886004676137	0.014471248876329513	6.33927427276995	0.019120802270015988
78.88888888888889	2.0	19.172886004676137	0.014471248876329513	6.33927427276995	0.019120802270015988
79.33333333333333	1.0	19.172886004676137	0.014471248876329513	6.33927427276995	0.019120802270015988
79.77777777777777	2.0	19.172886004676137	0.014471248876329513	6.33927427276995	0.019120802270015988
