2.5	1113009.0	334.94388449714484	1.076305887431451	31.941517670094974	2.8131899666772
7.5	405667.0	334.94388449714484	1.076305887431451	31.941517670094974	2.8131899666772
12.5	139619.0	334.94388449714484	1.076305887431451	31.941517670094974	2.8131899666772
17.5	105267.0	334.94388449714484	1.076305887431451	31.941517670094974	2.8131899666772
22.5	75530.0	334.94388449714484	1.076305887431451	31.941517670094974	2.8131899666772
27.5	52368.0	334.94388449714484	1.076305887431451	31.941517670094974	2.8131899666772
32.5	37203.0	334.94388449714484	1.076305887431451	31.941517670094974	2.8131899666772
37.5	27785.0	334.94388449714484	1.076305887431451	31.941517670094974	2.8131899666772
42.5	21121.0	334.94388449714484	1.076305887431451	31.941517670094974	2.8131899666772
47.5	17353.0	334.94388449714484	1.076305887431451	31.941517670094974	2.8131899666772
52.5	14065.0	334.94388449714484	1.076305887431451	31.941517670094974	2.8131899666772
57.5	11733.0	334.94388449714484	1.076305887431451	31.941517670094974	2.8131899666772
62.5	10293.0	334.94388449714484	1.076305887431451	31.941517670094974	2.8131899666772
67.5	8915.0	334.94388449714484	1.076305887431451	31.941517670094974	2.8131899666772
72.5	7682.0	334.94388449714484	1.076305887431451	31.941517670094974	2.8131899666772
77.5	6838.0	334.94388449714484	1.076305887431451	31.941517670094974	2.8131899666772
82.5	6160.0	334.94388449714484	1.076305887431451	31.941517670094974	2.8131899666772	4.9217802068787917e-11	81.14348434796482	16	116
87.5	5433.0	334.94388449714484	1.076305887431451	31.941517670094974	2.8131899666772	1.6752919206311927e-10	68.68208595994525	16	116
92.5	5005.0	334.94388449714484	1.076305887431451	31.941517670094974	2.8131899666772	5.564383042599565e-10	62.18864601882375	16	116
97.5	4581.0	334.94388449714484	1.076305887431451	31.941517670094974	2.8131899666772	1.8034403760735217e-09	55.486254509553355	16	116
102.5	4203.0	334.94388449714484	1.076305887431451	31.941517670094974	2.8131899666772	5.70354410817832e-09	49.51293903794221	16	116
107.5	3919.0	334.94388449714484	1.076305887431451	31.941517670094974	2.8131899666772	1.760135353688339e-08	45.40791929789022	16	116
112.5	3571.0	334.94388449714484	1.076305887431451	31.941517670094974	2.8131899666772	5.300362511014947e-08	39.61279988072679	16	116
117.5	3200.0	334.94388449714484	1.076305887431451	31.941517670094974	2.8131899666772	1.5574830421796764e-07	33.01279431154893	16	116
122.5	2981.0	334.94388449714484	1.076305887431451	31.941517670094974	2.8131899666772	4.4658005793263734e-07	29.76957891950815	16	116
127.5	2821.0	334.94388449714484	1.076305887431451	31.941517670094974	2.8131899666772	1.2494922605349398e-06	27.795374204454923	16	116
132.5	2764.0	334.94388449714484	1.076305887431451	31.941517670094974	2.8131899666772	3.4113482808353867e-06	28.251593616777804	16	116
137.5	2487.0	334.94388449714484	1.076305887431451	31.941517670094974	2.8131899666772	9.08817742641766e-06	23.117020128622492	16	116
142.5	2438.0	334.94388449714484	1.076305887431451	31.941517670094974	2.8131899666772	2.3625759518114456e-05	23.602899857590803	16	116
147.5	2322.0	334.94388449714484	1.076305887431451	31.941517670094974	2.8131899666772	5.993120457289919e-05	22.303905853480195	16	116
152.5	2109.0	334.94388449714484	1.076305887431451	31.941517670094974	2.8131899666772	0.00014834690169350336	18.33297142154468	16	116
157.5	1953.0	334.94388449714484	1.076305887431451	31.941517670094974	2.8131899666772	0.00035831269833633993	15.714446706887967	16	116
162.5	1860.0	334.94388449714484	1.076305887431451	31.941517670094974	2.8131899666772	0.0008445087710727769	14.687798254436514	16	116
167.5	1849.0	334.94388449714484	1.076305887431451	31.941517670094974	2.8131899666772	0.0019422466241881759	15.869604585081134	16	116
172.5	1730.0	334.94388449714484	1.076305887431451	31.941517670094974	2.8131899666772	0.004358758745808068	13.976278073228563	16	116
177.5	1649.0	334.94388449714484	1.076305887431451	31.941517670094974	2.8131899666772	0.00954507915116834	13.070361138455144	16	116
182.5	1510.0	334.94388449714484	1.076305887431451	31.941517670094974	2.8131899666772	0.02039644516297666	10.383174289431691	16	116
187.5	1522.0	334.94388449714484	1.076305887431451	31.941517670094974	2.8131899666772	0.04252924528570053	12.075316311072868	16	116
192.5	1450.0	334.94388449714484	1.076305887431451	31.941517670094974	2.8131899666772	0.08653247298074386	11.227278371982516	16	116
197.5	1390.0	334.94388449714484	1.076305887431451	31.941517670094974	2.8131899666772	0.17180223160365413	10.677779038853243	16	116
202.5	1328.0	334.94388449714484	1.076305887431451	31.941517670094974	2.8131899666772	0.33284093382873475	10.002509617190803	16	116
207.5	1238.0	334.94388449714484	1.076305887431451	31.941517670094974	2.8131899666772	0.6292205653971789	8.362780480010821	16	116
212.5	1154.0	334.94388449714484	1.076305887431451	31.941517670094974	2.8131899666772	1.1607196352191385	6.814464764727888	16	116
217.5	1140.0	334.94388449714484	1.076305887431451	31.941517670094974	2.8131899666772	2.089344237050569	7.476631917339241	16	116
222.5	1072.0	334.94388449714484	1.076305887431451	31.941517670094974	2.8131899666772	3.669871972193044	6.283173290700178	16	116
227.5	1028.0	334.94388449714484	1.076305887431451	31.941517670094974	2.8131899666772	6.289991716287172	5.794723756309853	16	116
232.5	1032.0	334.94388449714484	1.076305887431451	31.941517670094974	2.8131899666772	10.519799901023905	6.856239614145943	16	116
237.5	1084.0	334.94388449714484	1.076305887431451	31.941517670094974	2.8131899666772	17.168135427056303	9.499169372129364	16	116
242.5	1048.0	334.94388449714484	1.076305887431451	31.941517670094974	2.8131899666772	27.33990666434385	8.903194877253162	16	116
247.5	974.0	334.94388449714484	1.076305887431451	31.941517670094974	2.8131899666772	42.484368825037755	6.700413947916835	16	116
252.5	1009.0	334.94388449714484	1.076305887431451	31.941517670094974	2.8131899666772	64.41982773239445	8.067697428095686	16	116
257.5	1084.0	334.94388449714484	1.076305887431451	31.941517670094974	2.8131899666772	95.3165234280638	10.456129077964649	16	116
262.5	1060.0	334.94388449714484	1.076305887431451	31.941517670094974	2.8131899666772	137.61794667399903	8.817540048665563	16	116
267.5	1035.0	334.94388449714484	1.076305887431451	31.941517670094974	2.8131899666772	193.88320917162244	6.612870685890427	16	116
272.5	1145.0	334.94388449714484	1.076305887431451	31.941517670094974	2.8131899666772	266.5407229010468	8.396064762946661	16	116
277.5	1134.0	334.94388449714484	1.076305887431451	31.941517670094974	2.8131899666772	357.556920895484	5.474880978212356	16	116
282.5	1179.0	334.94388449714484	1.076305887431451	31.941517670094974	2.8131899666772	468.0422429226498	3.84270704897415	16	116
287.5	1219.0	334.94388449714484	1.076305887431451	31.941517670094974	2.8131899666772	597.8375105678452	1.5989635686349928	16	116
292.5	1302.0	334.94388449714484	1.076305887431451	31.941517670094974	2.8131899666772	745.1428105015311	0.25565735968915837	16	116
297.5	1447.0	334.94388449714484	1.076305887431451	31.941517670094974	2.8131899666772	906.2627215691627	0.3001998991156924	16	116
302.5	1535.0	334.94388449714484	1.076305887431451	31.941517670094974	2.8131899666772	1075.5409794613388	-1.310581265730011	16	116
307.5	1678.0	334.94388449714484	1.076305887431451	31.941517670094974	2.8131899666772	1245.541075187253	-1.4890252092438672	16	116
312.5	1782.0	334.94388449714484	1.076305887431451	31.941517670094974	2.8131899666772	1407.4967214860214	-2.3845068451488913	16	116
317.5	2025.0	334.94388449714484	1.076305887431451	31.941517670094974	2.8131899666772	1552.0116445924011	0.24329081929461935	16	116
322.5	2046.0	334.94388449714484	1.076305887431451	31.941517670094974	2.8131899666772	1669.9397584446895	-1.533880461819873	16	116
327.5	2116.0	334.94388449714484	1.076305887431451	31.941517670094974	2.8131899666772	1753.334908749296	-1.476916242433143	16	116
332.5	2252.0	334.94388449714484	1.076305887431451	31.941517670094974	2.8131899666772	1796.3344565079294	0.8159511296853891	16	116
337.5	2199.0	334.94388449714484	1.076305887431451	31.941517670094974	2.8131899666772	1795.8405221306068	-0.0036612063069825073	16	116
342.5	2143.0	334.94388449714484	1.076305887431451	31.941517670094974	2.8131899666772	1751.8889737666266	0.027194175578590205	16	116
347.5	2080.0	334.94388449714484	1.076305887431451	31.941517670094974	2.8131899666772	1667.6451212544555	0.7858003535025117	16	116
352.5	1972.0	334.94388449714484	1.076305887431451	31.941517670094974	2.8131899666772	1549.0268336105523	1.3429503452447609	16	116
357.5	1786.0	334.94388449714484	1.076305887431451	31.941517670094974	2.8131899666772	1404.0174018333482	0.7140620871770736	16	116
362.5	1624.0	334.94388449714484	1.076305887431451	31.941517670094974	2.8131899666772	1241.778927940481	1.0540942968589921	16	116
367.5	1419.0	334.94388449714484	1.076305887431451	31.941517670094974	2.8131899666772	1071.7027052613194	0.4909881045159236	16	116
372.5	1194.0	334.94388449714484	1.076305887431451	31.941517670094974	2.8131899666772	902.5320097718306	-0.757463663417223	16	116
377.5	954.0	334.94388449714484	1.076305887431451	31.941517670094974	2.8131899666772	741.6673255175644	-2.932355837599042	16	116
382.5	702.0	334.94388449714484	1.076305887431451	31.941517670094974	2.8131899666772	594.7218911176965	-6.3544184920901	16	116
387.5	538.0	334.94388449714484	1.076305887431451	31.941517670094974	2.8131899666772	465.3470325633736	-7.818045605524347	16	116
392.5	484.0	334.94388449714484	1.076305887431451	31.941517670094974	2.8131899666772	355.3024635009899	-5.915800970370358	16	116
397.5	306.0	334.94388449714484	1.076305887431451	31.941517670094974	2.8131899666772	264.7145020990712	-9.830926936072535	16	116
402.5	262.0	334.94388449714484	1.076305887431451	31.941517670094974	2.8131899666772	192.44892773325608	-8.926638922944583	16	116
407.5	195.0	334.94388449714484	1.076305887431451	31.941517670094974	2.8131899666772	136.5247854815996	-9.765126336007082	16	116
412.5	131.0	334.94388449714484	1.076305887431451	31.941517670094974	2.8131899666772	94.50738700322935	-11.211852928685976	16	116
417.5	121.0	334.94388449714484	1.076305887431451	31.941517670094974	2.8131899666772	63.837850351706834	-10.252496214287813	16	116
422.5	95.0	334.94388449714484	1.076305887431451	31.941517670094974	2.8131899666772	42.077409903212434	-10.583961478878935	16	116
427.5	65.0	334.94388449714484	1.076305887431451	31.941517670094974	2.8131899666772	27.063127830961054	-11.532758244048576	16	116
432.5	74.0	334.94388449714484	1.076305887431451	31.941517670094974	2.8131899666772	16.984987235449527	-10.21767558582237	16	116
437.5	62.0	334.94388449714484	1.076305887431451	31.941517670094974	2.8131899666772	10.401852868536052	-10.424807958616874	16	116
442.5	43.0	334.94388449714484	1.076305887431451	31.941517670094974	2.8131899666772	6.216049066745345	-11.262222727046547	16	116
447.5	48.0	334.94388449714484	1.076305887431451	31.941517670094974	2.8131899666772	3.624736216921271	-10.507704986921217	16	116
452.5	40.0	334.94388449714484	1.076305887431451	31.941517670094974	2.8131899666772	2.0625126746441107	-10.733141449884796	16	116
457.5	43.0	334.94388449714484	1.076305887431451	31.941517670094974	2.8131899666772	1.1451835231448229	-10.190207908275742	16	116
462.5	36.0	334.94388449714484	1.076305887431451	31.941517670094974	2.8131899666772	0.6204571608781082	-10.418463605349475	16	116
467.5	23.0	334.94388449714484	1.076305887431451	31.941517670094974	2.8131899666772	0.3280248589888778	-11.14307784473509	16	116
472.5	25.0	334.94388449714484	1.076305887431451	31.941517670094974	2.8131899666772	0.16922322188918235	-10.730668760225354	16	116
477.5	32.0	334.94388449714484	1.076305887431451	31.941517670094974	2.8131899666772	0.0851866239937335	-9.918485184667112	16	116
482.5	25.0	334.94388449714484	1.076305887431451	31.941517670094974	2.8131899666772	0.04184476186637897	-10.2326945555214	16	116
487.5	40.0	334.94388449714484	1.076305887431451	31.941517670094974	2.8131899666772	0.020057141571232538	-8.746497283237007	16	116
492.5	25.0	334.94388449714484	1.076305887431451	31.941517670094974	2.8131899666772	0.00938113152633305	-9.750727927954747	16	116
497.5	14.0	334.94388449714484	1.076305887431451	31.941517670094974	2.8131899666772	0.004281536549206824	-10.458008182355519	16	116
502.5	14.0	334.94388449714484	1.076305887431451	31.941517670094974	2.8131899666772	0.0019067876580906912	-10.240854089699056	16	116
507.5	23.0	334.94388449714484	1.076305887431451	31.941517670094974	2.8131899666772	0.0008286349644831004	-9.228069969004716	16	116
512.5	28.0	334.94388449714484	1.076305887431451	31.941517670094974	2.8131899666772	0.0003513843561806427	-8.5518681815524	16	116
517.5	29.0	334.94388449714484	1.076305887431451	31.941517670094974	2.8131899666772	0.00014539846993853823	-8.230036592160298	16	116
522.5	20.0	334.94388449714484	1.076305887431451	31.941517670094974	2.8131899666772	5.870775807719502e-05	-8.841272158523966	16	116
527.5	25.0	334.94388449714484	1.076305887431451	31.941517670094974	2.8131899666772	2.3130733303606118e-05	-8.153897493209234	16	116
532.5	25.0	334.94388449714484	1.076305887431451	31.941517670094974	2.8131899666772	8.892861986741704e-06	-7.935781275800816	16	116
537.5	25.0	334.94388449714484	1.076305887431451	31.941517670094974	2.8131899666772	3.3361990099320755e-06	-7.7199576288054255	16	116
542.5	26.0	334.94388449714484	1.076305887431451	31.941517670094974	2.8131899666772	1.2212950355300245e-06	-7.4064148159269285	16	116
547.5	17.0	334.94388449714484	1.076305887431451	31.941517670094974	2.8131899666772	4.362620944887328e-07	-8.108236240850454	16	116
552.5	14.0	334.94388449714484	1.076305887431451	31.941517670094974	2.8131899666772	1.5206617224569027e-07	-8.223071776839452	16	116
557.5	27.0	334.94388449714484	1.076305887431451	31.941517670094974	2.8131899666772	5.172208147152773e-08	-6.667993621702547	16	116
562.5	22.0	334.94388449714484	1.076305887431451	31.941517670094974	2.8131899666772	1.7166336429116388e-08	-6.994001880536241	16	116
567.5	27.0	334.94388449714484	1.076305887431451	31.941517670094974	2.8131899666772	5.559522484977878e-09	-6.252077568895408	16	116
572.5	12.0	334.94388449714484	1.076305887431451	31.941517670094974	2.8131899666772	1.7569346506381213e-09	-7.707035727710675	16	116
577.5	18.0	334.94388449714484	1.076305887431451	31.941517670094974	2.8131899666772	5.417912303137616e-10	-6.856564978298567	16	116
582.5	31.0	334.94388449714484	1.076305887431451	31.941517670094974	2.8131899666772
587.5	31.0	334.94388449714484	1.076305887431451	31.941517670094974	2.8131899666772
592.5	16.0	334.94388449714484	1.076305887431451	31.941517670094974	2.8131899666772
597.5	17.0	334.94388449714484	1.076305887431451	31.941517670094974	2.8131899666772
602.5	25.0	334.94388449714484	1.076305887431451	31.941517670094974	2.8131899666772
607.5	21.0	334.94388449714484	1.076305887431451	31.941517670094974	2.8131899666772
612.5	25.0	334.94388449714484	1.076305887431451	31.941517670094974	2.8131899666772
617.5	27.0	334.94388449714484	1.076305887431451	31.941517670094974	2.8131899666772
622.5	21.0	334.94388449714484	1.076305887431451	31.941517670094974	2.8131899666772
627.5	21.0	334.94388449714484	1.076305887431451	31.941517670094974	2.8131899666772
632.5	23.0	334.94388449714484	1.076305887431451	31.941517670094974	2.8131899666772
637.5	16.0	334.94388449714484	1.076305887431451	31.941517670094974	2.8131899666772
642.5	16.0	334.94388449714484	1.076305887431451	31.941517670094974	2.8131899666772
647.5	24.0	334.94388449714484	1.076305887431451	31.941517670094974	2.8131899666772
652.5	20.0	334.94388449714484	1.076305887431451	31.941517670094974	2.8131899666772
657.5	22.0	334.94388449714484	1.076305887431451	31.941517670094974	2.8131899666772
662.5	15.0	334.94388449714484	1.076305887431451	31.941517670094974	2.8131899666772
667.5	15.0	334.94388449714484	1.076305887431451	31.941517670094974	2.8131899666772
672.5	21.0	334.94388449714484	1.076305887431451	31.941517670094974	2.8131899666772
677.5	20.0	334.94388449714484	1.076305887431451	31.941517670094974	2.8131899666772
682.5	19.0	334.94388449714484	1.076305887431451	31.941517670094974	2.8131899666772
687.5	13.0	334.94388449714484	1.076305887431451	31.941517670094974	2.8131899666772
692.5	20.0	334.94388449714484	1.076305887431451	31.941517670094974	2.8131899666772
697.5	29.0	334.94388449714484	1.076305887431451	31.941517670094974	2.8131899666772
702.5	24.0	334.94388449714484	1.076305887431451	31.941517670094974	2.8131899666772
707.5	17.0	334.94388449714484	1.076305887431451	31.941517670094974	2.8131899666772
712.5	22.0	334.94388449714484	1.076305887431451	31.941517670094974	2.8131899666772
717.5	16.0	334.94388449714484	1.076305887431451	31.941517670094974	2.8131899666772
722.5	16.0	334.94388449714484	1.076305887431451	31.941517670094974	2.8131899666772
727.5	24.0	334.94388449714484	1.076305887431451	31.941517670094974	2.8131899666772
732.5	25.0	334.94388449714484	1.076305887431451	31.941517670094974	2.8131899666772
737.5	12.0	334.94388449714484	1.076305887431451	31.941517670094974	2.8131899666772
742.5	22.0	334.94388449714484	1.076305887431451	31.941517670094974	2.8131899666772
747.5	18.0	334.94388449714484	1.076305887431451	31.941517670094974	2.8131899666772
752.5	29.0	334.94388449714484	1.076305887431451	31.941517670094974	2.8131899666772
757.5	24.0	334.94388449714484	1.076305887431451	31.941517670094974	2.8131899666772
762.5	16.0	334.94388449714484	1.076305887431451	31.941517670094974	2.8131899666772
767.5	17.0	334.94388449714484	1.076305887431451	31.941517670094974	2.8131899666772
772.5	13.0	334.94388449714484	1.076305887431451	31.941517670094974	2.8131899666772
777.5	19.0	334.94388449714484	1.076305887431451	31.941517670094974	2.8131899666772
782.5	18.0	334.94388449714484	1.076305887431451	31.941517670094974	2.8131899666772
787.5	12.0	334.94388449714484	1.076305887431451	31.941517670094974	2.8131899666772
792.5	16.0	334.94388449714484	1.076305887431451	31.941517670094974	2.8131899666772
797.5	14.0	334.94388449714484	1.076305887431451	31.941517670094974	2.8131899666772
802.5	15.0	334.94388449714484	1.076305887431451	31.941517670094974	2.8131899666772
807.5	17.0	334.94388449714484	1.076305887431451	31.941517670094974	2.8131899666772
812.5	15.0	334.94388449714484	1.076305887431451	31.941517670094974	2.8131899666772
817.5	20.0	334.94388449714484	1.076305887431451	31.941517670094974	2.8131899666772
822.5	17.0	334.94388449714484	1.076305887431451	31.941517670094974	2.8131899666772
827.5	16.0	334.94388449714484	1.076305887431451	31.941517670094974	2.8131899666772
832.5	15.0	334.94388449714484	1.076305887431451	31.941517670094974	2.8131899666772
837.5	13.0	334.94388449714484	1.076305887431451	31.941517670094974	2.8131899666772
842.5	10.0	334.94388449714484	1.076305887431451	31.941517670094974	2.8131899666772
847.5	11.0	334.94388449714484	1.076305887431451	31.941517670094974	2.8131899666772
852.5	13.0	334.94388449714484	1.076305887431451	31.941517670094974	2.8131899666772
857.5	7.0	334.94388449714484	1.076305887431451	31.941517670094974	2.8131899666772
862.5	15.0	334.94388449714484	1.076305887431451	31.941517670094974	2.8131899666772
867.5	22.0	334.94388449714484	1.076305887431451	31.941517670094974	2.8131899666772
872.5	22.0	334.94388449714484	1.076305887431451	31.941517670094974	2.8131899666772
877.5	13.0	334.94388449714484	1.076305887431451	31.941517670094974	2.8131899666772
882.5	18.0	334.94388449714484	1.076305887431451	31.941517670094974	2.8131899666772
887.5	21.0	334.94388449714484	1.076305887431451	31.941517670094974	2.8131899666772
892.5	16.0	334.94388449714484	1.076305887431451	31.941517670094974	2.8131899666772
897.5	21.0	334.94388449714484	1.076305887431451	31.941517670094974	2.8131899666772
902.5	16.0	334.94388449714484	1.076305887431451	31.941517670094974	2.8131899666772
907.5	20.0	334.94388449714484	1.076305887431451	31.941517670094974	2.8131899666772
912.5	17.0	334.94388449714484	1.076305887431451	31.941517670094974	2.8131899666772
917.5	20.0	334.94388449714484	1.076305887431451	31.941517670094974	2.8131899666772
922.5	12.0	334.94388449714484	1.076305887431451	31.941517670094974	2.8131899666772
927.5	15.0	334.94388449714484	1.076305887431451	31.941517670094974	2.8131899666772
932.5	17.0	334.94388449714484	1.076305887431451	31.941517670094974	2.8131899666772
937.5	15.0	334.94388449714484	1.076305887431451	31.941517670094974	2.8131899666772
942.5	19.0	334.94388449714484	1.076305887431451	31.941517670094974	2.8131899666772
947.5	27.0	334.94388449714484	1.076305887431451	31.941517670094974	2.8131899666772
952.5	16.0	334.94388449714484	1.076305887431451	31.941517670094974	2.8131899666772
957.5	12.0	334.94388449714484	1.076305887431451	31.941517670094974	2.8131899666772
962.5	18.0	334.94388449714484	1.076305887431451	31.941517670094974	2.8131899666772
967.5	13.0	334.94388449714484	1.076305887431451	31.941517670094974	2.8131899666772
972.5	12.0	334.94388449714484	1.076305887431451	31.941517670094974	2.8131899666772
977.5	16.0	334.94388449714484	1.076305887431451	31.941517670094974	2.8131899666772
982.5	14.0	334.94388449714484	1.076305887431451	31.941517670094974	2.8131899666772
987.5	23.0	334.94388449714484	1.076305887431451	31.941517670094974	2.8131899666772
992.5	20.0	334.94388449714484	1.076305887431451	31.941517670094974	2.8131899666772
997.5	18.0	334.94388449714484	1.076305887431451	31.941517670094974	2.8131899666772
1002.5	18.0	334.94388449714484	1.076305887431451	31.941517670094974	2.8131899666772
1007.5	11.0	334.94388449714484	1.076305887431451	31.941517670094974	2.8131899666772
1012.5	11.0	334.94388449714484	1.076305887431451	31.941517670094974	2.8131899666772
1017.5	15.0	334.94388449714484	1.076305887431451	31.941517670094974	2.8131899666772
1022.5	8.0	334.94388449714484	1.076305887431451	31.941517670094974	2.8131899666772
1027.5	12.0	334.94388449714484	1.076305887431451	31.941517670094974	2.8131899666772
1032.5	15.0	334.94388449714484	1.076305887431451	31.941517670094974	2.8131899666772
1037.5	19.0	334.94388449714484	1.076305887431451	31.941517670094974	2.8131899666772
1042.5	15.0	334.94388449714484	1.076305887431451	31.941517670094974	2.8131899666772
1047.5	15.0	334.94388449714484	1.076305887431451	31.941517670094974	2.8131899666772
1052.5	13.0	334.94388449714484	1.076305887431451	31.941517670094974	2.8131899666772
1057.5	22.0	334.94388449714484	1.076305887431451	31.941517670094974	2.8131899666772
1062.5	18.0	334.94388449714484	1.076305887431451	31.941517670094974	2.8131899666772
1067.5	19.0	334.94388449714484	1.076305887431451	31.941517670094974	2.8131899666772
1072.5	11.0	334.94388449714484	1.076305887431451	31.941517670094974	2.8131899666772
1077.5	20.0	334.94388449714484	1.076305887431451	31.941517670094974	2.8131899666772
1082.5	21.0	334.94388449714484	1.076305887431451	31.941517670094974	2.8131899666772
1087.5	8.0	334.94388449714484	1.076305887431451	31.941517670094974	2.8131899666772
1092.5	19.0	334.94388449714484	1.076305887431451	31.941517670094974	2.8131899666772
1097.5	21.0	334.94388449714484	1.076305887431451	31.941517670094974	2.8131899666772
1102.5	18.0	334.94388449714484	1.076305887431451	31.941517670094974	2.8131899666772
1107.5	17.0	334.94388449714484	1.076305887431451	31.941517670094974	2.8131899666772
1112.5	15.0	334.94388449714484	1.076305887431451	31.941517670094974	2.8131899666772
1117.5	15.0	334.94388449714484	1.076305887431451	31.941517670094974	2.8131899666772
1122.5	15.0	334.94388449714484	1.076305887431451	31.941517670094974	2.8131899666772
1127.5	13.0	334.94388449714484	1.076305887431451	31.941517670094974	2.8131899666772
1132.5	15.0	334.94388449714484	1.076305887431451	31.941517670094974	2.8131899666772
1137.5	12.0	334.94388449714484	1.076305887431451	31.941517670094974	2.8131899666772
1142.5	14.0	334.94388449714484	1.076305887431451	31.941517670094974	2.8131899666772
1147.5	17.0	334.94388449714484	1.076305887431451	31.941517670094974	2.8131899666772
1152.5	12.0	334.94388449714484	1.076305887431451	31.941517670094974	2.8131899666772
1157.5	9.0	334.94388449714484	1.076305887431451	31.941517670094974	2.8131899666772
1162.5	16.0	334.94388449714484	1.076305887431451	31.941517670094974	2.8131899666772
1167.5	12.0	334.94388449714484	1.076305887431451	31.941517670094974	2.8131899666772
1172.5	10.0	334.94388449714484	1.076305887431451	31.941517670094974	2.8131899666772
1177.5	16.0	334.94388449714484	1.076305887431451	31.941517670094974	2.8131899666772
1182.5	17.0	334.94388449714484	1.076305887431451	31.941517670094974	2.8131899666772
1187.5	11.0	334.94388449714484	1.076305887431451	31.941517670094974	2.8131899666772
1192.5	16.0	334.94388449714484	1.076305887431451	31.941517670094974	2.8131899666772
1197.5	10.0	334.94388449714484	1.076305887431451	31.941517670094974	2.8131899666772
