2.5	969820.0	360.57853460106554	1.422508549302353	30.000000000000004	4.283735364421669
7.5	188452.0	360.57853460106554	1.422508549302353	30.000000000000004	4.283735364421669
12.5	44529.0	360.57853460106554	1.422508549302353	30.000000000000004	4.283735364421669
17.5	33504.0	360.57853460106554	1.422508549302353	30.000000000000004	4.283735364421669
22.5	23776.0	360.57853460106554	1.422508549302353	30.000000000000004	4.283735364421669
27.5	16444.0	360.57853460106554	1.422508549302353	30.000000000000004	4.283735364421669
32.5	11595.0	360.57853460106554	1.422508549302353	30.000000000000004	4.283735364421669
37.5	8753.0	360.57853460106554	1.422508549302353	30.000000000000004	4.283735364421669
42.5	6683.0	360.57853460106554	1.422508549302353	30.000000000000004	4.283735364421669
47.5	5443.0	360.57853460106554	1.422508549302353	30.000000000000004	4.283735364421669
52.5	4384.0	360.57853460106554	1.422508549302353	30.000000000000004	4.283735364421669
57.5	3768.0	360.57853460106554	1.422508549302353	30.000000000000004	4.283735364421669
62.5	3147.0	360.57853460106554	1.422508549302353	30.000000000000004	4.283735364421669
67.5	2738.0	360.57853460106554	1.422508549302353	30.000000000000004	4.283735364421669
72.5	2484.0	360.57853460106554	1.422508549302353	30.000000000000004	4.283735364421669
77.5	2199.0	360.57853460106554	1.422508549302353	30.000000000000004	4.283735364421669
82.5	1929.0	360.57853460106554	1.422508549302353	30.000000000000004	4.283735364421669
87.5	1726.0	360.57853460106554	1.422508549302353	30.000000000000004	4.283735364421669
92.5	1557.0	360.57853460106554	1.422508549302353	30.000000000000004	4.283735364421669
97.5	1410.0	360.57853460106554	1.422508549302353	30.000000000000004	4.283735364421669
102.5	1297.0	360.57853460106554	1.422508549302353	30.000000000000004	4.283735364421669
107.5	1239.0	360.57853460106554	1.422508549302353	30.000000000000004	4.283735364421669
112.5	1127.0	360.57853460106554	1.422508549302353	30.000000000000004	4.283735364421669	8.025659191245883e-13	-5.016098194600101	22	122
117.5	996.0	360.57853460106554	1.422508549302353	30.000000000000004	4.283735364421669	3.1405059172594147e-12	-7.058142711776397	22	122
122.5	926.0	360.57853460106554	1.422508549302353	30.000000000000004	4.283735364421669	1.19523907548914e-11	-7.516708975123562	22	122
127.5	883.0	360.57853460106554	1.422508549302353	30.000000000000004	4.283735364421669	4.4243167741507694e-11	-7.276769671133964	22	122
132.5	832.0	360.57853460106554	1.422508549302353	30.000000000000004	4.283735364421669	1.5928464425038828e-10	-7.349188427922323	22	122
137.5	768.0	360.57853460106554	1.422508549302353	30.000000000000004	4.283735364421669	5.577478052079636e-10	-7.910383334557623	22	122
142.5	749.0	360.57853460106554	1.422508549302353	30.000000000000004	4.283735364421669	1.899494736368152e-09	-7.132038303791218	22	122
147.5	657.0	360.57853460106554	1.422508549302353	30.000000000000004	4.283735364421669	6.291795280182731e-09	-8.789621047613943	22	122
152.5	623.0	360.57853460106554	1.422508549302353	30.000000000000004	4.283735364421669	2.0269700725007504e-08	-8.647126024811081	22	122
157.5	580.0	360.57853460106554	1.422508549302353	30.000000000000004	4.283735364421669	6.351208266144267e-08	-8.87802884896434	22	122
162.5	571.0	360.57853460106554	1.422508549302353	30.000000000000004	4.283735364421669	1.935537706105031e-07	-7.983350219833584	22	122
167.5	518.0	360.57853460106554	1.422508549302353	30.000000000000004	4.283735364421669	5.73697797570899e-07	-8.707908619014448	22	122
172.5	518.0	360.57853460106554	1.422508549302353	30.000000000000004	4.283735364421669	1.6538685679595451e-06	-7.5596288793343005	22	122
177.5	501.0	360.57853460106554	1.422508549302353	30.000000000000004	4.283735364421669	4.6371919005839006e-06	-7.065049485913897	22	122
182.5	445.0	360.57853460106554	1.422508549302353	30.000000000000004	4.283735364421669	1.264577377362443e-05	-8.133472763834437	22	122
187.5	458.0	360.57853460106554	1.422508549302353	30.000000000000004	4.283735364421669	3.354069150989463e-05	-6.547307670981627	22	122
192.5	432.0	360.57853460106554	1.422508549302353	30.000000000000004	4.283735364421669	8.652365971140559e-05	-6.543404452003528	22	122
197.5	433.0	360.57853460106554	1.422508549302353	30.000000000000004	4.283735364421669	0.0002170870981546937	-5.458182512355384	22	122
202.5	381.0	360.57853460106554	1.422508549302353	30.000000000000004	4.283735364421669	0.0005297481034209144	-6.6652123401304015	22	122
207.5	365.0	360.57853460106554	1.422508549302353	30.000000000000004	4.283735364421669	0.0012573062433035554	-6.3927550083197975	22	122
212.5	365.0	360.57853460106554	1.422508549302353	30.000000000000004	4.283735364421669	0.0029023447497424372	-5.432664732326938	22	122
217.5	373.0	360.57853460106554	1.422508549302353	30.000000000000004	4.283735364421669	0.006516181737887979	-4.10346287999621	22	122
222.5	331.0	360.57853460106554	1.422508549302353	30.000000000000004	4.283735364421669	0.014228975877630346	-5.145449372947536	22	122
227.5	323.0	360.57853460106554	1.422508549302353	30.000000000000004	4.283735364421669	0.030219714861694138	-4.626623182851221	22	122
232.5	343.0	360.57853460106554	1.422508549302353	30.000000000000004	4.283735364421669	0.06242281444889069	-2.726202574209637	22	122
237.5	308.0	360.57853460106554	1.422508549302353	30.000000000000004	4.283735364421669	0.1254101229580082	-3.607727225495065	22	122
242.5	282.0	360.57853460106554	1.422508549302353	30.000000000000004	4.283735364421669	0.24505191794323541	-4.109090984769877	22	122
247.5	272.0	360.57853460106554	1.422508549302353	30.000000000000004	4.283735364421669	0.4657146316320126	-3.8216362455411277	22	122
252.5	305.0	360.57853460106554	1.422508549302353	30.000000000000004	4.283735364421669	0.860831050385483	-1.1932299421097528	22	122
257.5	284.0	360.57853460106554	1.422508549302353	30.000000000000004	4.283735364421669	1.5475768665327079	-1.5564450944961103	22	122
262.5	259.0	360.57853460106554	1.422508549302353	30.000000000000004	4.283735364421669	2.7059688884678628	-2.2381425895756673	22	122
267.5	271.0	360.57853460106554	1.422508549302353	30.000000000000004	4.283735364421669	4.601820064047085	-0.8418999463882492	22	122
272.5	281.0	360.57853460106554	1.422508549302353	30.000000000000004	4.283735364421669	7.6115434689204235	0.3842763582725686	22	122
277.5	281.0	360.57853460106554	1.422508549302353	30.000000000000004	4.283735364421669	12.244811249545574	0.8990762009372977	22	122
282.5	281.0	360.57853460106554	1.422508549302353	30.000000000000004	4.283735364421669	19.158774351243306	1.2424203179963584	22	122
287.5	271.0	360.57853460106554	1.422508549302353	30.000000000000004	4.283735364421669	29.15544095709389	0.7320957465542723	22	122
292.5	310.0	360.57853460106554	1.422508549302353	30.000000000000004	4.283735364421669	43.15267976789499	2.9611499394729743	22	122
297.5	283.0	360.57853460106554	1.422508549302353	30.000000000000004	4.283735364421669	62.12010641737139	0.7647126981526962	22	122
302.5	295.0	360.57853460106554	1.422508549302353	30.000000000000004	4.283735364421669	86.97468730673125	0.5811105982995332	22	122
307.5	302.0	360.57853460106554	1.422508549302353	30.000000000000004	4.283735364421669	118.43766193008433	-0.28795850022084746	22	122
312.5	355.0	360.57853460106554	1.422508549302353	30.000000000000004	4.283735364421669	156.86391113416627	1.0178244529494325	22	122
317.5	393.0	360.57853460106554	1.422508549302353	30.000000000000004	4.283735364421669	202.06566170105938	1.044076301819808	22	122
322.5	418.0	360.57853460106554	1.422508549302353	30.000000000000004	4.283735364421669	253.16184957840227	0.11468741548468524	22	122
327.5	444.0	360.57853460106554	1.422508549302353	30.000000000000004	4.283735364421669	308.4894149489239	-0.8882831424890101	22	122
332.5	505.0	360.57853460106554	1.422508549302353	30.000000000000004	4.283735364421669	365.61039766992263	-0.34203745870587515	22	122
337.5	565.0	360.57853460106554	1.422508549302353	30.000000000000004	4.283735364421669	421.437399994117	0.15011095608768138	22	122
342.5	584.0	360.57853460106554	1.422508549302353	30.000000000000004	4.283735364421669	472.48048355056443	-0.8818298061740524	22	122
347.5	621.0	360.57853460106554	1.422508549302353	30.000000000000004	4.283735364421669	515.1941685285448	-0.8273130188295162	22	122
352.5	644.0	360.57853460106554	1.422508549302353	30.000000000000004	4.283735364421669	546.3793378879459	-0.8907419294006065	22	122
357.5	699.0	360.57853460106554	1.422508549302353	30.000000000000004	4.283735364421669	563.577778489878	0.7925170005398071	22	122
362.5	683.0	360.57853460106554	1.422508549302353	30.000000000000004	4.283735364421669	565.3920772755778	0.32296147732801656	22	122
367.5	668.0	360.57853460106554	1.422508549302353	30.000000000000004	4.283735364421669	551.6731414821844	0.4842533906915332	22	122
372.5	670.0	360.57853460106554	1.422508549302353	30.000000000000004	4.283735364421669	523.5404320687172	1.906613264105596	22	122
377.5	589.0	360.57853460106554	1.422508549302353	30.000000000000004	4.283735364421669	483.23110102099855	0.48561167556245155	22	122
382.5	531.0	360.57853460106554	1.422508549302353	30.000000000000004	4.283735364421669	433.80623846114764	0.3345021898089738	22	122
387.5	459.0	360.57853460106554	1.422508549302353	30.000000000000004	4.283735364421669	378.76773146583065	-0.2307678114057369	22	122
392.5	383.0	360.57853460106554	1.422508549302353	30.000000000000004	4.283735364421669	321.652119060493	-0.983000173510271	22	122
397.5	347.0	360.57853460106554	1.422508549302353	30.000000000000004	4.283735364421669	265.66609082946917	0.226156041986057	22	122
402.5	266.0	360.57853460106554	1.422508549302353	30.000000000000004	4.283735364421669	213.41360311062206	-1.2294830652281807	22	122
407.5	206.0	360.57853460106554	1.422508549302353	30.000000000000004	4.283735364421669	166.74174238065098	-1.9889792730855174	22	122
412.5	166.0	360.57853460106554	1.422508549302353	30.000000000000004	4.283735364421669	126.70765020287558	-1.9552237904594967	22	122
417.5	115.0	360.57853460106554	1.422508549302353	30.000000000000004	4.283735364421669	93.64780511550987	-3.344694002415807	22	122
422.5	86.0	360.57853460106554	1.422508549302353	30.000000000000004	4.283735364421669	67.31760142949724	-3.675319461610352	22	122
427.5	71.0	360.57853460106554	1.422508549302353	30.000000000000004	4.283735364421669	47.06476864338704	-3.2632228193256534	22	122
432.5	43.0	360.57853460106554	1.422508549302353	30.000000000000004	4.283735364421669	32.003648167384874	-4.676801437581283	22	122
437.5	29.0	360.57853460106554	1.422508549302353	30.000000000000004	4.283735364421669	21.166025299972674	-5.151268692469371	22	122
442.5	27.0	360.57853460106554	1.422508549302353	30.000000000000004	4.283735364421669	13.614929563383107	-4.531472332417256	22	122
447.5	21.0	360.57853460106554	1.422508549302353	30.000000000000004	4.283735364421669	8.517806132944783	-4.627899055395033	22	122
452.5	9.0	360.57853460106554	1.422508549302353	30.000000000000004	4.283735364421669	5.182942227803202	-5.786343262825154	22	122
457.5	15.0	360.57853460106554	1.422508549302353	30.000000000000004	4.283735364421669	3.0673352747758247	-4.529203826603057	22	122
462.5	16.0	360.57853460106554	1.422508549302353	30.000000000000004	4.283735364421669	1.7655596487457592	-4.034806911152352	22	122
467.5	13.0	360.57853460106554	1.422508549302353	30.000000000000004	4.283735364421669	0.988416085569246	-4.2141842096676925	22	122
472.5	10.0	360.57853460106554	1.422508549302353	30.000000000000004	4.283735364421669	0.5381873417100869	-4.455808081791718	22	122
477.5	4.0	360.57853460106554	1.422508549302353	30.000000000000004	4.283735364421669	0.28501217839545395	-5.252719301844908	22	122
482.5	4.0	360.57853460106554	1.422508549302353	30.000000000000004	4.283735364421669	0.1468012050623302	-5.078312152999171	22	122
487.5	3.0	360.57853460106554	1.422508549302353	30.000000000000004	4.283735364421669	0.07354143300099096	-5.090524235838876	22	122
492.5	8.0	360.57853460106554	1.422508549302353	30.000000000000004	4.283735364421669	0.035831981069263504	-4.02382729935578	22	122
497.5	11.0	360.57853460106554	1.422508549302353	30.000000000000004	4.283735364421669	0.016980317882489045	-3.2895364091331847	22	122
502.5	11.0	360.57853460106554	1.422508549302353	30.000000000000004	4.283735364421669	0.007826310551652478	-3.1055483063404217	22	122
507.5	8.0	360.57853460106554	1.422508549302353	30.000000000000004	4.283735364421669	0.003508363644422298	-3.5138422514939704	22	122
512.5	9.0	360.57853460106554	1.422508549302353	30.000000000000004	4.283735364421669	0.0015296370398226436	-3.1477543366026937	22	122
517.5	8.0	360.57853460106554	1.422508549302353	30.000000000000004	4.283735364421669	0.0006486470469355346	-3.1869553598086324	22	122
522.5	4.0	360.57853460106554	1.422508549302353	30.000000000000004	4.283735364421669	0.00026752524068972023	-3.8738915518113552	22	122
527.5	7.0	360.57853460106554	1.422508549302353	30.000000000000004	4.283735364421669	0.00010731423798249646	-3.08535800767683	22	122
532.5	3.0	360.57853460106554	1.422508549302353	30.000000000000004	4.283735364421669	4.1868383459612194e-05	-3.8245765267204486	22	122
537.5	5.0	360.57853460106554	1.422508549302353	30.000000000000004	4.283735364421669	1.5887344193726366e-05	-3.2412074274554223	22	122
542.5	10.0	360.57853460106554	1.422508549302353	30.000000000000004	4.283735364421669	5.863442630735601e-06	-1.93536764495993	22	122
547.5	4.0	360.57853460106554	1.422508549302353	30.000000000000004	4.283735364421669	2.1047005786121813e-06	-3.2106003137636914	22	122
552.5	3.0	360.57853460106554	1.422508549302353	30.000000000000004	4.283735364421669	7.347916712948866e-07	-3.330054443950018	22	122
557.5	5.0	360.57853460106554	1.422508549302353	30.000000000000004	4.283735364421669	2.495022083874195e-07	-2.7076921316904228	22	122
562.5	6.0	360.57853460106554	1.422508549302353	30.000000000000004	4.283735364421669	8.239878868729805e-08	-2.320327225749507	22	122
567.5	8.0	360.57853460106554	1.422508549302353	30.000000000000004	4.283735364421669	2.6466927339570798e-08	-1.656700388285626	22	122
572.5	6.0	360.57853460106554	1.422508549302353	30.000000000000004	4.283735364421669	8.268419208723284e-09	-2.0538617218424116	22	122
577.5	6.0	360.57853460106554	1.422508549302353	30.000000000000004	4.283735364421669	2.5123359551263228e-09	-1.9225697019011139	22	122
582.5	12.0	360.57853460106554	1.422508549302353	30.000000000000004	4.283735364421669	7.424534073309868e-10	-0.08039449558328057	22	122
587.5	10.0	360.57853460106554	1.422508549302353	30.000000000000004	4.283735364421669	2.134012505037473e-10	-0.49338508642749496	22	122
592.5	7.0	360.57853460106554	1.422508549302353	30.000000000000004	4.283735364421669	5.965694089310262e-11	-1.2356128482237019	22	122
597.5	9.0	360.57853460106554	1.422508549302353	30.000000000000004	4.283735364421669	1.622038894354108e-11	-0.4862167654135539	22	122
602.5	11.0	360.57853460106554	1.422508549302353	30.000000000000004	4.283735364421669	4.289412492558009e-12	0.29341785263371456	22	122
607.5	3.0	360.57853460106554	1.422508549302353	30.000000000000004	4.283735364421669	1.1032415891612078e-12	-2.1261311698955625	22	122
612.5	9.0	360.57853460106554	1.422508549302353	30.000000000000004	4.283735364421669
617.5	2.0	360.57853460106554	1.422508549302353	30.000000000000004	4.283735364421669
622.5	6.0	360.57853460106554	1.422508549302353	30.000000000000004	4.283735364421669
627.5	9.0	360.57853460106554	1.422508549302353	30.000000000000004	4.283735364421669
632.5	4.0	360.57853460106554	1.422508549302353	30.000000000000004	4.283735364421669
637.5	8.0	360.57853460106554	1.422508549302353	30.000000000000004	4.283735364421669
642.5	4.0	360.57853460106554	1.422508549302353	30.000000000000004	4.283735364421669
647.5	7.0	360.57853460106554	1.422508549302353	30.000000000000004	4.283735364421669
652.5	5.0	360.57853460106554	1.422508549302353	30.000000000000004	4.283735364421669
657.5	5.0	360.57853460106554	1.422508549302353	30.000000000000004	4.283735364421669
662.5	5.0	360.57853460106554	1.422508549302353	30.000000000000004	4.283735364421669
667.5	5.0	360.57853460106554	1.422508549302353	30.000000000000004	4.283735364421669
672.5	4.0	360.57853460106554	1.422508549302353	30.000000000000004	4.283735364421669
677.5	6.0	360.57853460106554	1.422508549302353	30.000000000000004	4.283735364421669
682.5	6.0	360.57853460106554	1.422508549302353	30.000000000000004	4.283735364421669
687.5	7.0	360.57853460106554	1.422508549302353	30.000000000000004	4.283735364421669
692.5	7.0	360.57853460106554	1.422508549302353	30.000000000000004	4.283735364421669
697.5	3.0	360.57853460106554	1.422508549302353	30.000000000000004	4.283735364421669
702.5	7.0	360.57853460106554	1.422508549302353	30.000000000000004	4.283735364421669
707.5	10.0	360.57853460106554	1.422508549302353	30.000000000000004	4.283735364421669
712.5	6.0	360.57853460106554	1.422508549302353	30.000000000000004	4.283735364421669
717.5	7.0	360.57853460106554	1.422508549302353	30.000000000000004	4.283735364421669
722.5	3.0	360.57853460106554	1.422508549302353	30.000000000000004	4.283735364421669
727.5	2.0	360.57853460106554	1.422508549302353	30.000000000000004	4.283735364421669
732.5	4.0	360.57853460106554	1.422508549302353	30.000000000000004	4.283735364421669
737.5	4.0	360.57853460106554	1.422508549302353	30.000000000000004	4.283735364421669
742.5	6.0	360.57853460106554	1.422508549302353	30.000000000000004	4.283735364421669
747.5	12.0	360.57853460106554	1.422508549302353	30.000000000000004	4.283735364421669
752.5	6.0	360.57853460106554	1.422508549302353	30.000000000000004	4.283735364421669
757.5	6.0	360.57853460106554	1.422508549302353	30.000000000000004	4.283735364421669
762.5	5.0	360.57853460106554	1.422508549302353	30.000000000000004	4.283735364421669
767.5	6.0	360.57853460106554	1.422508549302353	30.000000000000004	4.283735364421669
772.5	2.0	360.57853460106554	1.422508549302353	30.000000000000004	4.283735364421669
777.5	4.0	360.57853460106554	1.422508549302353	30.000000000000004	4.283735364421669
782.5	7.0	360.57853460106554	1.422508549302353	30.000000000000004	4.283735364421669
787.5	4.0	360.57853460106554	1.422508549302353	30.000000000000004	4.283735364421669
792.5	7.0	360.57853460106554	1.422508549302353	30.000000000000004	4.283735364421669
797.5	4.0	360.57853460106554	1.422508549302353	30.000000000000004	4.283735364421669
802.5	2.0	360.57853460106554	1.422508549302353	30.000000000000004	4.283735364421669
807.5	1.0	360.57853460106554	1.422508549302353	30.000000000000004	4.283735364421669
812.5	3.0	360.57853460106554	1.422508549302353	30.000000000000004	4.283735364421669
817.5	7.0	360.57853460106554	1.422508549302353	30.000000000000004	4.283735364421669
822.5	4.0	360.57853460106554	1.422508549302353	30.000000000000004	4.283735364421669
827.5	4.0	360.57853460106554	1.422508549302353	30.000000000000004	4.283735364421669
832.5	5.0	360.57853460106554	1.422508549302353	30.000000000000004	4.283735364421669
837.5	9.0	360.57853460106554	1.422508549302353	30.000000000000004	4.283735364421669
842.5	6.0	360.57853460106554	1.422508549302353	30.000000000000004	4.283735364421669
847.5	3.0	360.57853460106554	1.422508549302353	30.000000000000004	4.283735364421669
852.5	4.0	360.57853460106554	1.422508549302353	30.000000000000004	4.283735364421669
857.5	4.0	360.57853460106554	1.422508549302353	30.000000000000004	4.283735364421669
862.5	4.0	360.57853460106554	1.422508549302353	30.000000000000004	4.283735364421669
867.5	7.0	360.57853460106554	1.422508549302353	30.000000000000004	4.283735364421669
872.5	5.0	360.57853460106554	1.422508549302353	30.000000000000004	4.283735364421669
877.5	5.0	360.57853460106554	1.422508549302353	30.000000000000004	4.283735364421669
882.5	3.0	360.57853460106554	1.422508549302353	30.000000000000004	4.283735364421669
887.5	1.0	360.57853460106554	1.422508549302353	30.000000000000004	4.283735364421669
892.5	3.0	360.57853460106554	1.422508549302353	30.000000000000004	4.283735364421669
897.5	8.0	360.57853460106554	1.422508549302353	30.000000000000004	4.283735364421669
902.5	4.0	360.57853460106554	1.422508549302353	30.000000000000004	4.283735364421669
907.5	3.0	360.57853460106554	1.422508549302353	30.000000000000004	4.283735364421669
912.5	7.0	360.57853460106554	1.422508549302353	30.000000000000004	4.283735364421669
917.5	4.0	360.57853460106554	1.422508549302353	30.000000000000004	4.283735364421669
922.5	9.0	360.57853460106554	1.422508549302353	30.000000000000004	4.283735364421669
927.5	9.0	360.57853460106554	1.422508549302353	30.000000000000004	4.283735364421669
932.5	4.0	360.57853460106554	1.422508549302353	30.000000000000004	4.283735364421669
937.5	2.0	360.57853460106554	1.422508549302353	30.000000000000004	4.283735364421669
942.5	5.0	360.57853460106554	1.422508549302353	30.000000000000004	4.283735364421669
947.5	6.0	360.57853460106554	1.422508549302353	30.000000000000004	4.283735364421669
952.5	2.0	360.57853460106554	1.422508549302353	30.000000000000004	4.283735364421669
957.5	0.0	360.57853460106554	1.422508549302353	30.000000000000004	4.283735364421669
962.5	4.0	360.57853460106554	1.422508549302353	30.000000000000004	4.283735364421669
967.5	4.0	360.57853460106554	1.422508549302353	30.000000000000004	4.283735364421669
972.5	7.0	360.57853460106554	1.422508549302353	30.000000000000004	4.283735364421669
977.5	6.0	360.57853460106554	1.422508549302353	30.000000000000004	4.283735364421669
982.5	6.0	360.57853460106554	1.422508549302353	30.000000000000004	4.283735364421669
987.5	4.0	360.57853460106554	1.422508549302353	30.000000000000004	4.283735364421669
992.5	3.0	360.57853460106554	1.422508549302353	30.000000000000004	4.283735364421669
997.5	2.0	360.57853460106554	1.422508549302353	30.000000000000004	4.283735364421669
1002.5	5.0	360.57853460106554	1.422508549302353	30.000000000000004	4.283735364421669
1007.5	1.0	360.57853460106554	1.422508549302353	30.000000000000004	4.283735364421669
1012.5	6.0	360.57853460106554	1.422508549302353	30.000000000000004	4.283735364421669
1017.5	6.0	360.57853460106554	1.422508549302353	30.000000000000004	4.283735364421669
1022.5	4.0	360.57853460106554	1.422508549302353	30.000000000000004	4.283735364421669
1027.5	3.0	360.57853460106554	1.422508549302353	30.000000000000004	4.283735364421669
1032.5	3.0	360.57853460106554	1.422508549302353	30.000000000000004	4.283735364421669
1037.5	4.0	360.57853460106554	1.422508549302353	30.000000000000004	4.283735364421669
1042.5	3.0	360.57853460106554	1.422508549302353	30.000000000000004	4.283735364421669
1047.5	4.0	360.57853460106554	1.422508549302353	30.000000000000004	4.283735364421669
1052.5	7.0	360.57853460106554	1.422508549302353	30.000000000000004	4.283735364421669
1057.5	6.0	360.57853460106554	1.422508549302353	30.000000000000004	4.283735364421669
1062.5	5.0	360.57853460106554	1.422508549302353	30.000000000000004	4.283735364421669
1067.5	6.0	360.57853460106554	1.422508549302353	30.000000000000004	4.283735364421669
1072.5	6.0	360.57853460106554	1.422508549302353	30.000000000000004	4.283735364421669
1077.5	6.0	360.57853460106554	1.422508549302353	30.000000000000004	4.283735364421669
1082.5	3.0	360.57853460106554	1.422508549302353	30.000000000000004	4.283735364421669
1087.5	4.0	360.57853460106554	1.422508549302353	30.000000000000004	4.283735364421669
1092.5	5.0	360.57853460106554	1.422508549302353	30.000000000000004	4.283735364421669
1097.5	6.0	360.57853460106554	1.422508549302353	30.000000000000004	4.283735364421669
1102.5	1.0	360.57853460106554	1.422508549302353	30.000000000000004	4.283735364421669
1107.5	3.0	360.57853460106554	1.422508549302353	30.000000000000004	4.283735364421669
1112.5	0.0	360.57853460106554	1.422508549302353	30.000000000000004	4.283735364421669
1117.5	4.0	360.57853460106554	1.422508549302353	30.000000000000004	4.283735364421669
1122.5	5.0	360.57853460106554	1.422508549302353	30.000000000000004	4.283735364421669
1127.5	5.0	360.57853460106554	1.422508549302353	30.000000000000004	4.283735364421669
1132.5	4.0	360.57853460106554	1.422508549302353	30.000000000000004	4.283735364421669
1137.5	6.0	360.57853460106554	1.422508549302353	30.000000000000004	4.283735364421669
1142.5	4.0	360.57853460106554	1.422508549302353	30.000000000000004	4.283735364421669
1147.5	5.0	360.57853460106554	1.422508549302353	30.000000000000004	4.283735364421669
1152.5	1.0	360.57853460106554	1.422508549302353	30.000000000000004	4.283735364421669
1157.5	4.0	360.57853460106554	1.422508549302353	30.000000000000004	4.283735364421669
1162.5	2.0	360.57853460106554	1.422508549302353	30.000000000000004	4.283735364421669
1167.5	3.0	360.57853460106554	1.422508549302353	30.000000000000004	4.283735364421669
1172.5	6.0	360.57853460106554	1.422508549302353	30.000000000000004	4.283735364421669
1177.5	9.0	360.57853460106554	1.422508549302353	30.000000000000004	4.283735364421669
1182.5	2.0	360.57853460106554	1.422508549302353	30.000000000000004	4.283735364421669
1187.5	4.0	360.57853460106554	1.422508549302353	30.000000000000004	4.283735364421669
1192.5	3.0	360.57853460106554	1.422508549302353	30.000000000000004	4.283735364421669
1197.5	2.0	360.57853460106554	1.422508549302353	30.000000000000004	4.283735364421669
