2.5	733673.0	333.6978611734824	0.6974360683294779	30.000000000000004	1.5624674910412997
7.5	361643.0	333.6978611734824	0.6974360683294779	30.000000000000004	1.5624674910412997
12.5	197473.0	333.6978611734824	0.6974360683294779	30.000000000000004	1.5624674910412997
17.5	150623.0	333.6978611734824	0.6974360683294779	30.000000000000004	1.5624674910412997
22.5	104645.0	333.6978611734824	0.6974360683294779	30.000000000000004	1.5624674910412997
27.5	71289.0	333.6978611734824	0.6974360683294779	30.000000000000004	1.5624674910412997
32.5	50741.0	333.6978611734824	0.6974360683294779	30.000000000000004	1.5624674910412997
37.5	37358.0	333.6978611734824	0.6974360683294779	30.000000000000004	1.5624674910412997
42.5	29336.0	333.6978611734824	0.6974360683294779	30.000000000000004	1.5624674910412997
47.5	23578.0	333.6978611734824	0.6974360683294779	30.000000000000004	1.5624674910412997
52.5	19251.0	333.6978611734824	0.6974360683294779	30.000000000000004	1.5624674910412997
57.5	16208.0	333.6978611734824	0.6974360683294779	30.000000000000004	1.5624674910412997
62.5	13866.0	333.6978611734824	0.6974360683294779	30.000000000000004	1.5624674910412997
67.5	12227.0	333.6978611734824	0.6974360683294779	30.000000000000004	1.5624674910412997
72.5	10694.0	333.6978611734824	0.6974360683294779	30.000000000000004	1.5624674910412997
77.5	9470.0	333.6978611734824	0.6974360683294779	30.000000000000004	1.5624674910412997
82.5	8469.0	333.6978611734824	0.6974360683294779	30.000000000000004	1.5624674910412997	1.552682359045318e-12	119.74313202646948	16	116
87.5	7483.0	333.6978611734824	0.6974360683294779	30.000000000000004	1.5624674910412997	6.18198102164461e-12	102.86691513620305	16	116
92.5	7033.0	333.6978611734824	0.6974360683294779	30.000000000000004	1.5624674910412997	2.3939164033553482e-11	96.48726833140016	16	116
97.5	6320.0	333.6978611734824	0.6974360683294779	30.000000000000004	1.5624674910412997	9.016262723727955e-11	84.3609758763758	16	116
102.5	5579.0	333.6978611734824	0.6974360683294779	30.000000000000004	1.5624674910412997	3.302785733397654e-10	71.23022477642937	16	116
107.5	5411.0	333.6978611734824	0.6974360683294779	30.000000000000004	1.5624674910412997	1.1767128775319844e-09	69.99555875684399	16	116
112.5	4917.0	333.6978611734824	0.6974360683294779	30.000000000000004	1.5624674910412997	4.077527295248295e-09	61.55385970451006	16	116
117.5	4370.0	333.6978611734824	0.6974360683294779	30.000000000000004	1.5624674910412997	1.374230274819491e-08	51.64152752282589	16	116
122.5	4276.0	333.6978611734824	0.6974360683294779	30.000000000000004	1.5624674910412997	4.5046226005727535e-08	51.57065094131945	16	116
127.5	3970.0	333.6978611734824	0.6974360683294779	30.000000000000004	1.5624674910412997	1.436129407449693e-07	46.61758947996248	16	116
132.5	3722.0	333.6978611734824	0.6974360683294779	30.000000000000004	1.5624674910412997	4.4531262048480834e-07	42.81515189778164	16	116
137.5	3504.0	333.6978611734824	0.6974360683294779	30.000000000000004	1.5624674910412997	1.3429897441599278e-06	39.56072298366709	16	116
142.5	3335.0	333.6978611734824	0.6974360683294779	30.000000000000004	1.5624674910412997	3.939278204651058e-06	37.3337257092568	16	116
147.5	3080.0	333.6978611734824	0.6974360683294779	30.000000000000004	1.5624674910412997	1.1238203050152907e-05	32.92306255526784	16	116
152.5	2950.0	333.6978611734824	0.6974360683294779	30.000000000000004	1.5624674910412997	3.118267443134751e-05	31.40359943170707	16	116
157.5	2624.0	333.6978611734824	0.6974360683294779	30.000000000000004	1.5624674910412997	8.41523233007611e-05	24.930274683513332	16	116
162.5	2556.0	333.6978611734824	0.6974360683294779	30.000000000000004	1.5624674910412997	0.00022087935487778362	24.731539376277084	16	116
167.5	2403.0	333.6978611734824	0.6974360683294779	30.000000000000004	1.5624674910412997	0.0005638718372626433	22.315722523954456	16	116
172.5	2309.0	333.6978611734824	0.6974360683294779	30.000000000000004	1.5624674910412997	0.001400044847269585	21.322384704997496	16	116
177.5	2228.0	333.6978611734824	0.6974360683294779	30.000000000000004	1.5624674910412997	0.003380957840692354	20.605475446191093	16	116
182.5	2029.0	333.6978611734824	0.6974360683294779	30.000000000000004	1.5624674910412997	0.007940974976165898	16.682319404333832	16	116
187.5	1885.0	333.6978611734824	0.6974360683294779	30.000000000000004	1.5624674910412997	0.018140287425918385	14.099146907289647	16	116
192.5	1881.0	333.6978611734824	0.6974360683294779	30.000000000000004	1.5624674910412997	0.04030424266239711	15.251768221318734	16	116
197.5	1788.0	333.6978611734824	0.6974360683294779	30.000000000000004	1.5624674910412997	0.08709508157761786	13.923834340010384	16	116
202.5	1685.0	333.6978611734824	0.6974360683294779	30.000000000000004	1.5624674910412997	0.1830512757571363	12.240173057924933	16	116
207.5	1517.0	333.6978611734824	0.6974360683294779	30.000000000000004	1.5624674910412997	0.37418653382408834	8.608956913124539	16	116
212.5	1552.0	333.6978611734824	0.6974360683294779	30.000000000000004	1.5624674910412997	0.743943258502682	10.739058956411458	16	116
217.5	1560.0	333.6978611734824	0.6974360683294779	30.000000000000004	1.5624674910412997	1.4385591890980374	12.091844012260117	16	116
222.5	1474.0	333.6978611734824	0.6974360683294779	30.000000000000004	1.5624674910412997	2.7055273142181417	10.621295286708769	16	116
227.5	1490.0	333.6978611734824	0.6974360683294779	30.000000000000004	1.5624674910412997	4.9489421188676985	12.136196538970328	16	116
232.5	1466.0	333.6978611734824	0.6974360683294779	30.000000000000004	1.5624674910412997	8.80458905535698	12.374592304527868	16	116
237.5	1385.0	333.6978611734824	0.6974360683294779	30.000000000000004	1.5624674910412997	15.234986405027485	10.725253626134952	16	116
242.5	1398.0	333.6978611734824	0.6974360683294779	30.000000000000004	1.5624674910412997	25.639604152723386	11.809897753274749	16	116
247.5	1455.0	333.6978611734824	0.6974360683294779	30.000000000000004	1.5624674910412997	41.967860060273864	14.045180860947054	16	116
252.5	1440.0	333.6978611734824	0.6974360683294779	30.000000000000004	1.5624674910412997	66.81263479605089	13.668500456792136	16	116
257.5	1475.0	333.6978611734824	0.6974360683294779	30.000000000000004	1.5624674910412997	103.45146299732528	14.382593177312122	16	116
262.5	1501.0	333.6978611734824	0.6974360683294779	30.000000000000004	1.5624674910412997	155.7940757867223	14.182285693218093	16	116
267.5	1546.0	333.6978611734824	0.6974360683294779	30.000000000000004	1.5624674910412997	228.19257337635455	13.80119421369967	16	116
272.5	1618.0	333.6978611734824	0.6974360683294779	30.000000000000004	1.5624674910412997	325.0785674307625	13.349091844177591	16	116
277.5	1573.0	333.6978611734824	0.6974360683294779	30.000000000000004	1.5624674910412997	450.413535160616	8.677287894404143	16	116
282.5	1678.0	333.6978611734824	0.6974360683294779	30.000000000000004	1.5624674910412997	606.9749846497168	7.489067684297366	16	116
287.5	1759.0	333.6978611734824	0.6974360683294779	30.000000000000004	1.5624674910412997	795.5480529671165	4.925653389597723	16	116
292.5	1853.0	333.6978611734824	0.6974360683294779	30.000000000000004	1.5624674910412997	1014.1409184790435	2.1911620241200653	16	116
297.5	1987.0	333.6978611734824	0.6974360683294779	30.000000000000004	1.5624674910412997	1257.3797422368136	0.08609535890715084	16	116
302.5	2266.0	333.6978611734824	0.6974360683294779	30.000000000000004	1.5624674910412997	1516.2502192182135	0.9438717002024883	16	116
307.5	2406.0	333.6978611734824	0.6974360683294779	30.000000000000004	1.5624674910412997	1778.326739009222	-1.1613875131139486	16	116
312.5	2555.0	333.6978611734824	0.6974360683294779	30.000000000000004	1.5624674910412997	2028.5630235590156	-2.6874621801597978	16	116
317.5	2660.0	333.6978611734824	0.6974360683294779	30.000000000000004	1.5624674910412997	2250.6176254469497	-4.416183853485987	16	116
322.5	2956.0	333.6978611734824	0.6974360683294779	30.000000000000004	1.5624674910412997	2428.573158898473	-1.8335224991468966	16	116
327.5	3129.0	333.6978611734824	0.6974360683294779	30.000000000000004	1.5624674910412997	2548.806877381264	-0.5485312753948143	16	116
332.5	3191.0	333.6978611734824	0.6974360683294779	30.000000000000004	1.5624674910412997	2601.7102874570573	-0.07888043212798228	16	116
337.5	3233.0	333.6978611734824	0.6974360683294779	30.000000000000004	1.5624674910412997	2582.9571559602155	1.300127373914476	16	116
342.5	3155.0	333.6978611734824	0.6974360683294779	30.000000000000004	1.5624674910412997	2494.087783907633	1.8141771700005989	16	116
347.5	3044.0	333.6978611734824	0.6974360683294779	30.000000000000004	1.5624674910412997	2342.3000747491337	2.9202627854034344	16	116
352.5	2833.0	333.6978611734824	0.6974360683294779	30.000000000000004	1.5624674910412997	2139.4867131677397	3.177041229619277	16	116
357.5	2513.0	333.6978611734824	0.6974360683294779	30.000000000000004	1.5624674910412997	1900.697132847162	1.9918905194664955	16	116
362.5	2150.0	333.6978611734824	0.6974360683294779	30.000000000000004	1.5624674910412997	1642.3000641473013	0.16923368516117662	16	116
367.5	1868.0	333.6978611734824	0.6974360683294779	30.000000000000004	1.5624674910412997	1380.1565933346221	0.04888184115190482	16	116
372.5	1556.0	333.6978611734824	0.6974360683294779	30.000000000000004	1.5624674910412997	1128.08151679407	-1.101919594184592	16	116
377.5	1265.0	333.6978611734824	0.6974360683294779	30.000000000000004	1.5624674910412997	896.7860974983764	-2.456396690766402	16	116
382.5	1032.0	333.6978611734824	0.6974360683294779	30.000000000000004	1.5624674910412997	693.3835190844252	-3.172235792666577	16	116
387.5	749.0	333.6978611734824	0.6974360683294779	30.000000000000004	1.5624674910412997	521.4280942235076	-6.651697939835959	16	116
392.5	600.0	333.6978611734824	0.6974360683294779	30.000000000000004	1.5624674910412997	381.37445812328065	-7.139175257386757	16	116
397.5	437.0	333.6978611734824	0.6974360683294779	30.000000000000004	1.5624674910412997	271.29703324103684	-9.32576340117124	16	116
402.5	319.0	333.6978611734824	0.6974360683294779	30.000000000000004	1.5624674910412997	187.70452831060086	-10.999996367906238	16	116
407.5	265.0	333.6978611734824	0.6974360683294779	30.000000000000004	1.5624674910412997	126.31086804208188	-10.930711417641147	16	116
412.5	154.0	333.6978611734824	0.6974360683294779	30.000000000000004	1.5624674910412997	82.66905133032655	-14.201215869721777	16	116
417.5	136.0	333.6978611734824	0.6974360683294779	30.000000000000004	1.5624674910412997	52.62370874463317	-13.767889607466278	16	116
422.5	95.0	333.6978611734824	0.6974360683294779	30.000000000000004	1.5624674910412997	32.580385254083886	-14.83908259795729	16	116
427.5	78.0	333.6978611734824	0.6974360683294779	30.000000000000004	1.5624674910412997	19.618565226941833	-14.986961879583916	16	116
432.5	64.0	333.6978611734824	0.6974360683294779	30.000000000000004	1.5624674910412997	11.48985464261237	-15.16123037510039	16	116
437.5	53.0	333.6978611734824	0.6974360683294779	30.000000000000004	1.5624674910412997	6.544825784222773	-15.30003579817343	16	116
442.5	48.0	333.6978611734824	0.6974360683294779	30.000000000000004	1.5624674910412997	3.6259174391029885	-15.189476725709383	16	116
447.5	47.0	333.6978611734824	0.6974360683294779	30.000000000000004	1.5624674910412997	1.9537725160792037	-14.901526834117053	16	116
452.5	49.0	333.6978611734824	0.6974360683294779	30.000000000000004	1.5624674910412997	1.0239207527717091	-14.467784532485652	16	116
457.5	45.0	333.6978611734824	0.6974360683294779	30.000000000000004	1.5624674910412997	0.5219092078718683	-14.399034837427788	16	116
462.5	37.0	333.6978611734824	0.6974360683294779	30.000000000000004	1.5624674910412997	0.25873777379740287	-14.586131215269978	16	116
467.5	44.0	333.6978611734824	0.6974360683294779	30.000000000000004	1.5624674910412997	0.12475586725435575	-13.887817804503067	16	116
472.5	41.0	333.6978611734824	0.6974360683294779	30.000000000000004	1.5624674910412997	0.05850572782790669	-13.795471099376627	16	116
477.5	30.0	333.6978611734824	0.6974360683294779	30.000000000000004	1.5624674910412997	0.026685298043160076	-14.210057875743383	16	116
482.5	34.0	333.6978611734824	0.6974360683294779	30.000000000000004	1.5624674910412997	0.011838099702986228	-13.701253184491598	16	116
487.5	26.0	333.6978611734824	0.6974360683294779	30.000000000000004	1.5624674910412997	0.005107733075259317	-13.956493210429848	16	116
492.5	35.0	333.6978611734824	0.6974360683294779	30.000000000000004	1.5624674910412997	0.0021434366772986805	-13.125421237597994	16	116
497.5	36.0	333.6978611734824	0.6974360683294779	30.000000000000004	1.5624674910412997	0.0008748415203815862	-12.807379777341696	16	116
502.5	41.0	333.6978611734824	0.6974360683294779	30.000000000000004	1.5624674910412997	0.0003472836840143351	-12.222781942338948	16	116
507.5	33.0	333.6978611734824	0.6974360683294779	30.000000000000004	1.5624674910412997	0.00013408359250199312	-12.512491388332561	16	116
512.5	39.0	333.6978611734824	0.6974360683294779	30.000000000000004	1.5624674910412997	5.035042717707221e-05	-11.857462305478757	16	116
517.5	32.0	333.6978611734824	0.6974360683294779	30.000000000000004	1.5624674910412997	1.8389374016396053e-05	-12.100052885551708	16	116
522.5	28.0	333.6978611734824	0.6974360683294779	30.000000000000004	1.5624674910412997	6.5323131594996335e-06	-12.146808654125275	16	116
527.5	31.0	333.6978611734824	0.6974360683294779	30.000000000000004	1.5624674910412997	2.2568532057403846e-06	-11.701578983465275	16	116
532.5	27.0	333.6978611734824	0.6974360683294779	30.000000000000004	1.5624674910412997	7.583608268369719e-07	-11.762444376254791	16	116
537.5	33.0	333.6978611734824	0.6974360683294779	30.000000000000004	1.5624674910412997	2.478476100088231e-07	-11.095183919700007	16	116
542.5	29.0	333.6978611734824	0.6974360683294779	30.000000000000004	1.5624674910412997	7.878251552519383e-08	-11.16706588433791	16	116
547.5	41.0	333.6978611734824	0.6974360683294779	30.000000000000004	1.5624674910412997	2.435629449117696e-08	-10.033196018423684	16	116
552.5	32.0	333.6978611734824	0.6974360683294779	30.000000000000004	1.5624674910412997	7.3236714596058585e-09	-10.495135873173108	16	116
557.5	29.0	333.6978611734824	0.6974360683294779	30.000000000000004	1.5624674910412997	2.1418189420614017e-09	-10.509629516568909	16	116
562.5	31.0	333.6978611734824	0.6974360683294779	30.000000000000004	1.5624674910412997	6.092182728056092e-10	-10.136099862379096	16	116
567.5	38.0	333.6978611734824	0.6974360683294779	30.000000000000004	1.5624674910412997	1.6853858808125086e-10	-9.35744710851569	16	116
572.5	32.0	333.6978611734824	0.6974360683294779	30.000000000000004	1.5624674910412997	4.534840807286019e-11	-9.626571808297491	16	116
577.5	44.0	333.6978611734824	0.6974360683294779	30.000000000000004	1.5624674910412997	1.1867548222999429e-11	-8.420000947674058	16	116
582.5	33.0	333.6978611734824	0.6974360683294779	30.000000000000004	1.5624674910412997
587.5	32.0	333.6978611734824	0.6974360683294779	30.000000000000004	1.5624674910412997
592.5	36.0	333.6978611734824	0.6974360683294779	30.000000000000004	1.5624674910412997
597.5	25.0	333.6978611734824	0.6974360683294779	30.000000000000004	1.5624674910412997
602.5	27.0	333.6978611734824	0.6974360683294779	30.000000000000004	1.5624674910412997
607.5	39.0	333.6978611734824	0.6974360683294779	30.000000000000004	1.5624674910412997
612.5	33.0	333.6978611734824	0.6974360683294779	30.000000000000004	1.5624674910412997
617.5	29.0	333.6978611734824	0.6974360683294779	30.000000000000004	1.5624674910412997
622.5	27.0	333.6978611734824	0.6974360683294779	30.000000000000004	1.5624674910412997
627.5	21.0	333.6978611734824	0.6974360683294779	30.000000000000004	1.5624674910412997
632.5	30.0	333.6978611734824	0.6974360683294779	30.000000000000004	1.5624674910412997
637.5	32.0	333.6978611734824	0.6974360683294779	30.000000000000004	1.5624674910412997
642.5	36.0	333.6978611734824	0.6974360683294779	30.000000000000004	1.5624674910412997
647.5	30.0	333.6978611734824	0.6974360683294779	30.000000000000004	1.5624674910412997
652.5	27.0	333.6978611734824	0.6974360683294779	30.000000000000004	1.5624674910412997
657.5	30.0	333.6978611734824	0.6974360683294779	30.000000000000004	1.5624674910412997
662.5	36.0	333.6978611734824	0.6974360683294779	30.000000000000004	1.5624674910412997
667.5	24.0	333.6978611734824	0.6974360683294779	30.000000000000004	1.5624674910412997
672.5	35.0	333.6978611734824	0.6974360683294779	30.000000000000004	1.5624674910412997
677.5	32.0	333.6978611734824	0.6974360683294779	30.000000000000004	1.5624674910412997
682.5	27.0	333.6978611734824	0.6974360683294779	30.000000000000004	1.5624674910412997
687.5	32.0	333.6978611734824	0.6974360683294779	30.000000000000004	1.5624674910412997
692.5	26.0	333.6978611734824	0.6974360683294779	30.000000000000004	1.5624674910412997
697.5	23.0	333.6978611734824	0.6974360683294779	30.000000000000004	1.5624674910412997
702.5	38.0	333.6978611734824	0.6974360683294779	30.000000000000004	1.5624674910412997
707.5	33.0	333.6978611734824	0.6974360683294779	30.000000000000004	1.5624674910412997
712.5	25.0	333.6978611734824	0.6974360683294779	30.000000000000004	1.5624674910412997
717.5	29.0	333.6978611734824	0.6974360683294779	30.000000000000004	1.5624674910412997
722.5	15.0	333.6978611734824	0.6974360683294779	30.000000000000004	1.5624674910412997
727.5	20.0	333.6978611734824	0.6974360683294779	30.000000000000004	1.5624674910412997
732.5	25.0	333.6978611734824	0.6974360683294779	30.000000000000004	1.5624674910412997
737.5	23.0	333.6978611734824	0.6974360683294779	30.000000000000004	1.5624674910412997
742.5	32.0	333.6978611734824	0.6974360683294779	30.000000000000004	1.5624674910412997
747.5	36.0	333.6978611734824	0.6974360683294779	30.000000000000004	1.5624674910412997
752.5	25.0	333.6978611734824	0.6974360683294779	30.000000000000004	1.5624674910412997
757.5	39.0	333.6978611734824	0.6974360683294779	30.000000000000004	1.5624674910412997
762.5	20.0	333.6978611734824	0.6974360683294779	30.000000000000004	1.5624674910412997
767.5	23.0	333.6978611734824	0.6974360683294779	30.000000000000004	1.5624674910412997
772.5	34.0	333.6978611734824	0.6974360683294779	30.000000000000004	1.5624674910412997
777.5	21.0	333.6978611734824	0.6974360683294779	30.000000000000004	1.5624674910412997
782.5	27.0	333.6978611734824	0.6974360683294779	30.000000000000004	1.5624674910412997
787.5	24.0	333.6978611734824	0.6974360683294779	30.000000000000004	1.5624674910412997
792.5	22.0	333.6978611734824	0.6974360683294779	30.000000000000004	1.5624674910412997
797.5	25.0	333.6978611734824	0.6974360683294779	30.000000000000004	1.5624674910412997
802.5	26.0	333.6978611734824	0.6974360683294779	30.000000000000004	1.5624674910412997
807.5	33.0	333.6978611734824	0.6974360683294779	30.000000000000004	1.5624674910412997
812.5	26.0	333.6978611734824	0.6974360683294779	30.000000000000004	1.5624674910412997
817.5	28.0	333.6978611734824	0.6974360683294779	30.000000000000004	1.5624674910412997
822.5	26.0	333.6978611734824	0.6974360683294779	30.000000000000004	1.5624674910412997
827.5	29.0	333.6978611734824	0.6974360683294779	30.000000000000004	1.5624674910412997
832.5	24.0	333.6978611734824	0.6974360683294779	30.000000000000004	1.5624674910412997
837.5	35.0	333.6978611734824	0.6974360683294779	30.000000000000004	1.5624674910412997
842.5	23.0	333.6978611734824	0.6974360683294779	30.000000000000004	1.5624674910412997
847.5	26.0	333.6978611734824	0.6974360683294779	30.000000000000004	1.5624674910412997
852.5	36.0	333.6978611734824	0.6974360683294779	30.000000000000004	1.5624674910412997
857.5	20.0	333.6978611734824	0.6974360683294779	30.000000000000004	1.5624674910412997
862.5	24.0	333.6978611734824	0.6974360683294779	30.000000000000004	1.5624674910412997
867.5	27.0	333.6978611734824	0.6974360683294779	30.000000000000004	1.5624674910412997
872.5	21.0	333.6978611734824	0.6974360683294779	30.000000000000004	1.5624674910412997
877.5	25.0	333.6978611734824	0.6974360683294779	30.000000000000004	1.5624674910412997
882.5	26.0	333.6978611734824	0.6974360683294779	30.000000000000004	1.5624674910412997
887.5	29.0	333.6978611734824	0.6974360683294779	30.000000000000004	1.5624674910412997
892.5	26.0	333.6978611734824	0.6974360683294779	30.000000000000004	1.5624674910412997
897.5	24.0	333.6978611734824	0.6974360683294779	30.000000000000004	1.5624674910412997
902.5	25.0	333.6978611734824	0.6974360683294779	30.000000000000004	1.5624674910412997
907.5	21.0	333.6978611734824	0.6974360683294779	30.000000000000004	1.5624674910412997
912.5	33.0	333.6978611734824	0.6974360683294779	30.000000000000004	1.5624674910412997
917.5	11.0	333.6978611734824	0.6974360683294779	30.000000000000004	1.5624674910412997
922.5	27.0	333.6978611734824	0.6974360683294779	30.000000000000004	1.5624674910412997
927.5	16.0	333.6978611734824	0.6974360683294779	30.000000000000004	1.5624674910412997
932.5	21.0	333.6978611734824	0.6974360683294779	30.000000000000004	1.5624674910412997
937.5	21.0	333.6978611734824	0.6974360683294779	30.000000000000004	1.5624674910412997
942.5	27.0	333.6978611734824	0.6974360683294779	30.000000000000004	1.5624674910412997
947.5	23.0	333.6978611734824	0.6974360683294779	30.000000000000004	1.5624674910412997
952.5	24.0	333.6978611734824	0.6974360683294779	30.000000000000004	1.5624674910412997
957.5	27.0	333.6978611734824	0.6974360683294779	30.000000000000004	1.5624674910412997
962.5	21.0	333.6978611734824	0.6974360683294779	30.000000000000004	1.5624674910412997
967.5	22.0	333.6978611734824	0.6974360683294779	30.000000000000004	1.5624674910412997
972.5	26.0	333.6978611734824	0.6974360683294779	30.000000000000004	1.5624674910412997
977.5	25.0	333.6978611734824	0.6974360683294779	30.000000000000004	1.5624674910412997
982.5	21.0	333.6978611734824	0.6974360683294779	30.000000000000004	1.5624674910412997
987.5	20.0	333.6978611734824	0.6974360683294779	30.000000000000004	1.5624674910412997
992.5	16.0	333.6978611734824	0.6974360683294779	30.000000000000004	1.5624674910412997
997.5	22.0	333.6978611734824	0.6974360683294779	30.000000000000004	1.5624674910412997
1002.5	22.0	333.6978611734824	0.6974360683294779	30.000000000000004	1.5624674910412997
1007.5	24.0	333.6978611734824	0.6974360683294779	30.000000000000004	1.5624674910412997
1012.5	29.0	333.6978611734824	0.6974360683294779	30.000000000000004	1.5624674910412997
1017.5	23.0	333.6978611734824	0.6974360683294779	30.000000000000004	1.5624674910412997
1022.5	28.0	333.6978611734824	0.6974360683294779	30.000000000000004	1.5624674910412997
1027.5	23.0	333.6978611734824	0.6974360683294779	30.000000000000004	1.5624674910412997
1032.5	26.0	333.6978611734824	0.6974360683294779	30.000000000000004	1.5624674910412997
1037.5	22.0	333.6978611734824	0.6974360683294779	30.000000000000004	1.5624674910412997
1042.5	22.0	333.6978611734824	0.6974360683294779	30.000000000000004	1.5624674910412997
1047.5	21.0	333.6978611734824	0.6974360683294779	30.000000000000004	1.5624674910412997
1052.5	20.0	333.6978611734824	0.6974360683294779	30.000000000000004	1.5624674910412997
1057.5	22.0	333.6978611734824	0.6974360683294779	30.000000000000004	1.5624674910412997
1062.5	16.0	333.6978611734824	0.6974360683294779	30.000000000000004	1.5624674910412997
1067.5	17.0	333.6978611734824	0.6974360683294779	30.000000000000004	1.5624674910412997
1072.5	16.0	333.6978611734824	0.6974360683294779	30.000000000000004	1.5624674910412997
1077.5	22.0	333.6978611734824	0.6974360683294779	30.000000000000004	1.5624674910412997
1082.5	21.0	333.6978611734824	0.6974360683294779	30.000000000000004	1.5624674910412997
1087.5	26.0	333.6978611734824	0.6974360683294779	30.000000000000004	1.5624674910412997
1092.5	15.0	333.6978611734824	0.6974360683294779	30.000000000000004	1.5624674910412997
1097.5	19.0	333.6978611734824	0.6974360683294779	30.000000000000004	1.5624674910412997
1102.5	21.0	333.6978611734824	0.6974360683294779	30.000000000000004	1.5624674910412997
1107.5	30.0	333.6978611734824	0.6974360683294779	30.000000000000004	1.5624674910412997
1112.5	26.0	333.6978611734824	0.6974360683294779	30.000000000000004	1.5624674910412997
1117.5	16.0	333.6978611734824	0.6974360683294779	30.000000000000004	1.5624674910412997
1122.5	25.0	333.6978611734824	0.6974360683294779	30.000000000000004	1.5624674910412997
1127.5	27.0	333.6978611734824	0.6974360683294779	30.000000000000004	1.5624674910412997
1132.5	18.0	333.6978611734824	0.6974360683294779	30.000000000000004	1.5624674910412997
1137.5	13.0	333.6978611734824	0.6974360683294779	30.000000000000004	1.5624674910412997
1142.5	29.0	333.6978611734824	0.6974360683294779	30.000000000000004	1.5624674910412997
1147.5	22.0	333.6978611734824	0.6974360683294779	30.000000000000004	1.5624674910412997
1152.5	23.0	333.6978611734824	0.6974360683294779	30.000000000000004	1.5624674910412997
1157.5	12.0	333.6978611734824	0.6974360683294779	30.000000000000004	1.5624674910412997
1162.5	32.0	333.6978611734824	0.6974360683294779	30.000000000000004	1.5624674910412997
1167.5	18.0	333.6978611734824	0.6974360683294779	30.000000000000004	1.5624674910412997
1172.5	15.0	333.6978611734824	0.6974360683294779	30.000000000000004	1.5624674910412997
1177.5	19.0	333.6978611734824	0.6974360683294779	30.000000000000004	1.5624674910412997
1182.5	18.0	333.6978611734824	0.6974360683294779	30.000000000000004	1.5624674910412997
1187.5	25.0	333.6978611734824	0.6974360683294779	30.000000000000004	1.5624674910412997
1192.5	19.0	333.6978611734824	0.6974360683294779	30.000000000000004	1.5624674910412997
1197.5	26.0	333.6978611734824	0.6974360683294779	30.000000000000004	1.5624674910412997
