2.5	596236.0	333.32725552193097	0.9139523567790909	31.128250213031762	2.352377118839887
7.5	287609.0	333.32725552193097	0.9139523567790909	31.128250213031762	2.352377118839887
12.5	147171.0	333.32725552193097	0.9139523567790909	31.128250213031762	2.352377118839887
17.5	109350.0	333.32725552193097	0.9139523567790909	31.128250213031762	2.352377118839887
22.5	75142.0	333.32725552193097	0.9139523567790909	31.128250213031762	2.352377118839887
27.5	51186.0	333.32725552193097	0.9139523567790909	31.128250213031762	2.352377118839887
32.5	36034.0	333.32725552193097	0.9139523567790909	31.128250213031762	2.352377118839887
37.5	26798.0	333.32725552193097	0.9139523567790909	31.128250213031762	2.352377118839887
42.5	20920.0	333.32725552193097	0.9139523567790909	31.128250213031762	2.352377118839887
47.5	16780.0	333.32725552193097	0.9139523567790909	31.128250213031762	2.352377118839887
52.5	13861.0	333.32725552193097	0.9139523567790909	31.128250213031762	2.352377118839887
57.5	11604.0	333.32725552193097	0.9139523567790909	31.128250213031762	2.352377118839887
62.5	9984.0	333.32725552193097	0.9139523567790909	31.128250213031762	2.352377118839887
67.5	8730.0	333.32725552193097	0.9139523567790909	31.128250213031762	2.352377118839887
72.5	7486.0	333.32725552193097	0.9139523567790909	31.128250213031762	2.352377118839887
77.5	6802.0	333.32725552193097	0.9139523567790909	31.128250213031762	2.352377118839887
82.5	5875.0	333.32725552193097	0.9139523567790909	31.128250213031762	2.352377118839887	1.4967405545505367e-11	74.53184954989254	16	116
87.5	5428.0	333.32725552193097	0.9139523567790909	31.128250213031762	2.352377118839887	5.3907824188009916e-11	67.92263339468758	16	116
92.5	4920.0	333.32725552193097	0.9139523567790909	31.128250213031762	2.352377118839887	1.892134489453321e-10	59.69949753245646	16	116
97.5	4557.0	333.32725552193097	0.9139523567790909	31.128250213031762	2.352377118839887	6.472128364636576e-10	54.3050604395694	16	116
102.5	4261.0	333.32725552193097	0.9139523567790909	31.128250213031762	2.352377118839887	2.157432237975853e-09	50.152851352960276	16	116
107.5	3911.0	333.32725552193097	0.9139523567790909	31.128250213031762	2.352377118839887	7.008452387575384e-09	44.569097716753234	16	116
112.5	3485.0	333.32725552193097	0.9139523567790909	31.128250213031762	2.352377118839887	2.2187175164518096e-08	36.97949539009677	16	116
117.5	3301.0	333.32725552193097	0.9139523567790909	31.128250213031762	2.352377118839887	6.845053051284521e-08	34.744912958493394	16	116
122.5	3115.0	333.32725552193097	0.9139523567790909	31.128250213031762	2.352377118839887	2.0580055718948822e-07	32.327753109537134	16	116
127.5	2853.0	333.32725552193097	0.9139523567790909	31.128250213031762	2.352377118839887	6.029915075219912e-07	27.928307902321585	16	116
132.5	2664.0	333.32725552193097	0.9139523567790909	31.128250213031762	2.352377118839887	1.7217526754551433e-06	25.12356348631262	16	116
137.5	2457.0	333.32725552193097	0.9139523567790909	31.128250213031762	2.352377118839887	4.790989939939144e-06	21.718324213620424	16	116
142.5	2248.0	333.32725552193097	0.9139523567790909	31.128250213031762	2.352377118839887	1.2991959942987802e-05	18.094168718090863	16	116
147.5	2191.0	333.32725552193097	0.9139523567790909	31.128250213031762	2.352377118839887	3.433357353274191e-05	18.23736987954774	16	116
152.5	2068.0	333.32725552193097	0.9139523567790909	31.128250213031762	2.352377118839887	8.842157884169014e-05	16.59600861656429	16	116
157.5	1901.0	333.32725552193097	0.9139523567790909	31.128250213031762	2.352377118839887	0.00022191795611064912	13.670866559059728	16	116
162.5	1902.0	333.32725552193097	0.9139523567790909	31.128250213031762	2.352377118839887	0.0005427771344714414	15.179887859212235	16	116
167.5	1676.0	333.32725552193097	0.9139523567790909	31.128250213031762	2.352377118839887	0.0012937357089052403	10.40036279780946	16	116
172.5	1602.0	333.32725552193097	0.9139523567790909	31.128250213031762	2.352377118839887	0.003005138611311537	9.699162576218887	16	116
177.5	1537.0	333.32725552193097	0.9139523567790909	31.128250213031762	2.352377118839887	0.006802653857809557	9.188699000130185	16	116
182.5	1433.0	333.32725552193097	0.9139523567790909	31.128250213031762	2.352377118839887	0.015006767680088354	7.481114541504936	16	116
187.5	1348.0	333.32725552193097	0.9139523567790909	31.128250213031762	2.352377118839887	0.0322619688050882	6.236988015015493	16	116
192.5	1309.0	333.32725552193097	0.9139523567790909	31.128250213031762	2.352377118839887	0.06759109716087407	6.296379642793803	16	116
197.5	1237.0	333.32725552193097	0.9139523567790909	31.128250213031762	2.352377118839887	0.13800125845413472	5.3051886860498305	16	116
202.5	1165.0	333.32725552193097	0.9139523567790909	31.128250213031762	2.352377118839887	0.27458165544510016	4.239262018345133	16	116
207.5	1136.0	333.32725552193097	0.9139523567790909	31.128250213031762	2.352377118839887	0.5324206763602379	4.458180111579434	16	116
212.5	1117.0	333.32725552193097	0.9139523567790909	31.128250213031762	2.352377118839887	1.0060816503001462	4.961925555669886	16	116
217.5	1035.0	333.32725552193097	0.9139523567790909	31.128250213031762	2.352377118839887	1.8527058160902534	3.368899684826881	16	116
222.5	1071.0	333.32725552193097	0.9139523567790909	31.128250213031762	2.352377118839887	3.324869646470733	5.592846208262213	16	116
227.5	1060.0	333.32725552193097	0.9139523567790909	31.128250213031762	2.352377118839887	5.814839113300511	6.225494304953921	16	116
232.5	1051.0	333.32725552193097	0.9139523567790909	31.128250213031762	2.352377118839887	9.910503161648302	6.849148310565466	16	116
237.5	1015.0	333.32725552193097	0.9139523567790909	31.128250213031762	2.352377118839887	16.460712410505145	6.421951066880308	16	116
242.5	1046.0	333.32725552193097	0.9139523567790909	31.128250213031762	2.352377118839887	26.64381881795084	8.157847564361411	16	116
247.5	1050.0	333.32725552193097	0.9139523567790909	31.128250213031762	2.352377118839887	42.02804974937585	8.72506359548934	16	116
252.5	1048.0	333.32725552193097	0.9139523567790909	31.128250213031762	2.352377118839887	64.60660576631543	8.756631972430093	16	116
257.5	1068.0	333.32725552193097	0.9139523567790909	31.128250213031762	2.352377118839887	96.78532976662453	9.138518017833164	16	116
262.5	1092.0	333.32725552193097	0.9139523567790909	31.128250213031762	2.352377118839887	141.29834160533323	9.124036578732126	16	116
267.5	1120.0	333.32725552193097	0.9139523567790909	31.128250213031762	2.352377118839887	201.0293723330426	8.619465642270066	16	116
272.5	1177.0	333.32725552193097	0.9139523567790909	31.128250213031762	2.352377118839887	278.72562003518567	8.395633595138086	16	116
277.5	1145.0	333.32725552193097	0.9139523567790909	31.128250213031762	2.352377118839887	376.60769141911027	4.62836293928276	16	116
282.5	1269.0	333.32725552193097	0.9139523567790909	31.128250213031762	2.352377118839887	495.9026190033933	5.176408517370488	16	116
287.5	1314.0	333.32725552193097	0.9139523567790909	31.128250213031762	2.352377118839887	636.3536508523638	2.7469829007601927	16	116
292.5	1411.0	333.32725552193097	0.9139523567790909	31.128250213031762	2.352377118839887	795.7847269491	1.4278919022647605	16	116
297.5	1542.0	333.32725552193097	0.9139523567790909	31.128250213031762	2.352377118839887	969.8120610301869	0.7234983423644452	16	116
302.5	1578.0	333.32725552193097	0.9139523567790909	31.128250213031762	2.352377118839887	1151.793129470647	-2.4386435572631577	16	116
307.5	1729.0	333.32725552193097	0.9139523567790909	31.128250213031762	2.352377118839887	1333.0802916503826	-2.6290891916964223	16	116
312.5	1873.0	333.32725552193097	0.9139523567790909	31.128250213031762	2.352377118839887	1503.6025500306903	-2.7439659242580916	16	116
317.5	2040.0	333.32725552193097	0.9139523567790909	31.128250213031762	2.352377118839887	1652.7406954365983	-1.9181256310197228	16	116
322.5	2138.0	333.32725552193097	0.9139523567790909	31.128250213031762	2.352377118839887	1770.399627971864	-1.9578576778627204	16	116
327.5	2257.0	333.32725552193097	0.9139523567790909	31.128250213031762	2.352377118839887	1848.1312900570688	-0.7523511958558772	16	116
332.5	2351.0	333.32725552193097	0.9139523567790909	31.128250213031762	2.352377118839887	1880.1359422147518	0.8454708481093075	16	116
337.5	2273.0	333.32725552193097	0.9139523567790909	31.128250213031762	2.352377118839887	1863.977240335449	-0.14694270650580865	16	116
342.5	2287.0	333.32725552193097	0.9139523567790909	31.128250213031762	2.352377118839887	1800.8887293034545	1.7851190528554837	16	116
347.5	2094.0	333.32725552193097	0.9139523567790909	31.128250213031762	2.352377118839887	1695.6182275956817	0.2042829250159844	16	116
352.5	2049.0	333.32725552193097	0.9139523567790909	31.128250213031762	2.352377118839887	1555.8373548067639	2.6603599726146854	16	116
357.5	1852.0	333.32725552193097	0.9139523567790909	31.128250213031762	2.352377118839887	1391.2181468854656	2.3144975194847763	16	116
362.5	1589.0	333.32725552193097	0.9139523567790909	31.128250213031762	2.352377118839887	1212.3309565739298	0.6282135409527136	16	116
367.5	1320.0	333.32725552193097	0.9139523567790909	31.128250213031762	2.352377118839887	1029.5372804418705	-1.3444868876601652	16	116
372.5	1130.0	333.32725552193097	0.9139523567790909	31.128250213031762	2.352377118839887	852.0358756307851	-1.4851747921387337	16	116
377.5	911.0	333.32725552193097	0.9139523567790909	31.128250213031762	2.352377118839887	687.176987192239	-2.975131489219448	16	116
382.5	716.0	333.32725552193097	0.9139523567790909	31.128250213031762	2.352377118839887	540.1000955374307	-4.525445276602441	16	116
387.5	520.0	333.32725552193097	0.9139523567790909	31.128250213031762	2.352377118839887	413.6898092550175	-7.169858354089029	16	116
392.5	406.0	333.32725552193097	0.9139523567790909	31.128250213031762	2.352377118839887	308.79503783155974	-7.800059128117815	16	116
397.5	334.0	333.32725552193097	0.9139523567790909	31.128250213031762	2.352377118839887	224.62636255461123	-7.529721771816371	16	116
402.5	215.0	333.32725552193097	0.9139523567790909	31.128250213031762	2.352377118839887	159.23775924883577	-10.306122492225569	16	116
407.5	170.0	333.32725552193097	0.9139523567790909	31.128250213031762	2.352377118839887	110.0085175798208	-10.404524954926101	16	116
412.5	122.0	333.32725552193097	0.9139523567790909	31.128250213031762	2.352377118839887	74.06303222865358	-11.285590931876413	16	116
417.5	77.0	333.32725552193097	0.9139523567790909	31.128250213031762	2.352377118839887	48.59276215786979	-12.578006105583384	16	116
422.5	62.0	333.32725552193097	0.9139523567790909	31.128250213031762	2.352377118839887	31.069667505008795	-12.52120531040184	16	116
427.5	46.0	333.32725552193097	0.9139523567790909	31.128250213031762	2.352377118839887	19.35960742574074	-12.784802183080533	16	116
432.5	41.0	333.32725552193097	0.9139523567790909	31.128250213031762	2.352377118839887	11.755778883526418	-12.5310358756518	16	116
437.5	40.0	333.32725552193097	0.9139523567790909	31.128250213031762	2.352377118839887	6.956666638763853	-12.12444213583134	16	116
442.5	37.0	333.32725552193097	0.9139523567790909	31.128250213031762	2.352377118839887	4.0118611891843985	-11.928375820520019	16	116
447.5	26.0	333.32725552193097	0.9139523567790909	31.128250213031762	2.352377118839887	2.254683179329691	-12.352232952015996	16	116
452.5	30.0	333.32725552193097	0.9139523567790909	31.128250213031762	2.352377118839887	1.234866682630936	-11.759486951512606	16	116
457.5	23.0	333.32725552193097	0.9139523567790909	31.128250213031762	2.352377118839887	0.6590973162018183	-11.981267354024846	16	116
462.5	36.0	333.32725552193097	0.9139523567790909	31.128250213031762	2.352377118839887	0.3428261446172024	-10.745027120669974	16	116
467.5	23.0	333.32725552193097	0.9139523567790909	31.128250213031762	2.352377118839887	0.17377738099999904	-11.45433337416378	16	116
472.5	23.0	333.32725552193097	0.9139523567790909	31.128250213031762	2.352377118839887	0.08584351302142706	-11.201863693661256	16	116
477.5	29.0	333.32725552193097	0.9139523567790909	31.128250213031762	2.352377118839887	0.041325359303101335	-10.484002665764992	16	116
482.5	20.0	333.32725552193097	0.9139523567790909	31.128250213031762	2.352377118839887	0.01938745111640438	-10.949964747996166	16	116
487.5	23.0	333.32725552193097	0.9139523567790909	31.128250213031762	2.352377118839887	0.008863795237711691	-10.470801782428893	16	116
492.5	33.0	333.32725552193097	0.9139523567790909	31.128250213031762	2.352377118839887	0.003949240985313135	-9.40958463539853	16	116
497.5	22.0	333.32725552193097	0.9139523567790909	31.128250213031762	2.352377118839887	0.0017147565783111327	-10.083990662188466	16	116
502.5	27.0	333.32725552193097	0.9139523567790909	31.128250213031762	2.352377118839887	0.0007255815671515294	-9.428194388471052	16	116
507.5	28.0	333.32725552193097	0.9139523567790909	31.128250213031762	2.352377118839887	0.0002992022991573661	-9.107552087228239	16	116
512.5	26.0	333.32725552193097	0.9139523567790909	31.128250213031762	2.352377118839887	0.00012023711113011144	-9.051050946790653	16	116
517.5	20.0	333.32725552193097	0.9139523567790909	31.128250213031762	2.352377118839887	4.708765484658372e-05	-9.361608172398446	16	116
522.5	30.0	333.32725552193097	0.9139523567790909	31.128250213031762	2.352377118839887	1.7970928286694138e-05	-8.234198294266099	16	116
527.5	21.0	333.32725552193097	0.9139523567790909	31.128250213031762	2.352377118839887	6.683883667218453e-06	-8.839950350753535	16	116
532.5	19.0	333.32725552193097	0.9139523567790909	31.128250213031762	2.352377118839887	2.4226025789250114e-06	-8.816250811426734	16	116
537.5	28.0	333.32725552193097	0.9139523567790909	31.128250213031762	2.352377118839887	8.557174523779621e-07	-7.746812264524802	16	116
542.5	15.0	333.32725552193097	0.9139523567790909	31.128250213031762	2.352377118839887	2.945598332944341e-07	-8.795355516580237	16	116
547.5	19.0	333.32725552193097	0.9139523567790909	31.128250213031762	2.352377118839887	9.881243071101249e-08	-8.203552521893547	16	116
552.5	31.0	333.32725552193097	0.9139523567790909	31.128250213031762	2.352377118839887	3.2303126761441157e-08	-6.794261296400139	16	116
557.5	24.0	333.32725552193097	0.9139523567790909	31.128250213031762	2.352377118839887	1.029135269234912e-08	-7.294129014062566	16	116
562.5	15.0	333.32725552193097	0.9139523567790909	31.128250213031762	2.352377118839887	3.1951796681429627e-09	-8.028609011431984	16	116
567.5	32.0	333.32725552193097	0.9139523567790909	31.128250213031762	2.352377118839887	9.667474327589982e-10	-6.040490088165927	16	116
572.5	24.0	333.32725552193097	0.9139523567790909	31.128250213031762	2.352377118839887	2.850530501535555e-10	-6.68874926469931	16	116
577.5	23.0	333.32725552193097	0.9139523567790909	31.128250213031762	2.352377118839887	8.19093121664146e-11	-6.600418121843574	16	116
582.5	20.0	333.32725552193097	0.9139523567790909	31.128250213031762	2.352377118839887
587.5	19.0	333.32725552193097	0.9139523567790909	31.128250213031762	2.352377118839887
592.5	23.0	333.32725552193097	0.9139523567790909	31.128250213031762	2.352377118839887
597.5	22.0	333.32725552193097	0.9139523567790909	31.128250213031762	2.352377118839887
602.5	21.0	333.32725552193097	0.9139523567790909	31.128250213031762	2.352377118839887
607.5	25.0	333.32725552193097	0.9139523567790909	31.128250213031762	2.352377118839887
612.5	27.0	333.32725552193097	0.9139523567790909	31.128250213031762	2.352377118839887
617.5	31.0	333.32725552193097	0.9139523567790909	31.128250213031762	2.352377118839887
622.5	25.0	333.32725552193097	0.9139523567790909	31.128250213031762	2.352377118839887
627.5	16.0	333.32725552193097	0.9139523567790909	31.128250213031762	2.352377118839887
632.5	24.0	333.32725552193097	0.9139523567790909	31.128250213031762	2.352377118839887
637.5	26.0	333.32725552193097	0.9139523567790909	31.128250213031762	2.352377118839887
642.5	22.0	333.32725552193097	0.9139523567790909	31.128250213031762	2.352377118839887
647.5	27.0	333.32725552193097	0.9139523567790909	31.128250213031762	2.352377118839887
652.5	17.0	333.32725552193097	0.9139523567790909	31.128250213031762	2.352377118839887
657.5	26.0	333.32725552193097	0.9139523567790909	31.128250213031762	2.352377118839887
662.5	25.0	333.32725552193097	0.9139523567790909	31.128250213031762	2.352377118839887
667.5	33.0	333.32725552193097	0.9139523567790909	31.128250213031762	2.352377118839887
672.5	13.0	333.32725552193097	0.9139523567790909	31.128250213031762	2.352377118839887
677.5	19.0	333.32725552193097	0.9139523567790909	31.128250213031762	2.352377118839887
682.5	19.0	333.32725552193097	0.9139523567790909	31.128250213031762	2.352377118839887
687.5	11.0	333.32725552193097	0.9139523567790909	31.128250213031762	2.352377118839887
692.5	14.0	333.32725552193097	0.9139523567790909	31.128250213031762	2.352377118839887
697.5	18.0	333.32725552193097	0.9139523567790909	31.128250213031762	2.352377118839887
702.5	22.0	333.32725552193097	0.9139523567790909	31.128250213031762	2.352377118839887
707.5	31.0	333.32725552193097	0.9139523567790909	31.128250213031762	2.352377118839887
712.5	22.0	333.32725552193097	0.9139523567790909	31.128250213031762	2.352377118839887
717.5	21.0	333.32725552193097	0.9139523567790909	31.128250213031762	2.352377118839887
722.5	18.0	333.32725552193097	0.9139523567790909	31.128250213031762	2.352377118839887
727.5	17.0	333.32725552193097	0.9139523567790909	31.128250213031762	2.352377118839887
732.5	26.0	333.32725552193097	0.9139523567790909	31.128250213031762	2.352377118839887
737.5	28.0	333.32725552193097	0.9139523567790909	31.128250213031762	2.352377118839887
742.5	22.0	333.32725552193097	0.9139523567790909	31.128250213031762	2.352377118839887
747.5	21.0	333.32725552193097	0.9139523567790909	31.128250213031762	2.352377118839887
752.5	29.0	333.32725552193097	0.9139523567790909	31.128250213031762	2.352377118839887
757.5	18.0	333.32725552193097	0.9139523567790909	31.128250213031762	2.352377118839887
762.5	21.0	333.32725552193097	0.9139523567790909	31.128250213031762	2.352377118839887
767.5	14.0	333.32725552193097	0.9139523567790909	31.128250213031762	2.352377118839887
772.5	22.0	333.32725552193097	0.9139523567790909	31.128250213031762	2.352377118839887
777.5	25.0	333.32725552193097	0.9139523567790909	31.128250213031762	2.352377118839887
782.5	19.0	333.32725552193097	0.9139523567790909	31.128250213031762	2.352377118839887
787.5	17.0	333.32725552193097	0.9139523567790909	31.128250213031762	2.352377118839887
792.5	20.0	333.32725552193097	0.9139523567790909	31.128250213031762	2.352377118839887
797.5	14.0	333.32725552193097	0.9139523567790909	31.128250213031762	2.352377118839887
802.5	21.0	333.32725552193097	0.9139523567790909	31.128250213031762	2.352377118839887
807.5	16.0	333.32725552193097	0.9139523567790909	31.128250213031762	2.352377118839887
812.5	14.0	333.32725552193097	0.9139523567790909	31.128250213031762	2.352377118839887
817.5	16.0	333.32725552193097	0.9139523567790909	31.128250213031762	2.352377118839887
822.5	18.0	333.32725552193097	0.9139523567790909	31.128250213031762	2.352377118839887
827.5	24.0	333.32725552193097	0.9139523567790909	31.128250213031762	2.352377118839887
832.5	17.0	333.32725552193097	0.9139523567790909	31.128250213031762	2.352377118839887
837.5	14.0	333.32725552193097	0.9139523567790909	31.128250213031762	2.352377118839887
842.5	12.0	333.32725552193097	0.9139523567790909	31.128250213031762	2.352377118839887
847.5	11.0	333.32725552193097	0.9139523567790909	31.128250213031762	2.352377118839887
852.5	27.0	333.32725552193097	0.9139523567790909	31.128250213031762	2.352377118839887
857.5	25.0	333.32725552193097	0.9139523567790909	31.128250213031762	2.352377118839887
862.5	22.0	333.32725552193097	0.9139523567790909	31.128250213031762	2.352377118839887
867.5	20.0	333.32725552193097	0.9139523567790909	31.128250213031762	2.352377118839887
872.5	23.0	333.32725552193097	0.9139523567790909	31.128250213031762	2.352377118839887
877.5	17.0	333.32725552193097	0.9139523567790909	31.128250213031762	2.352377118839887
882.5	22.0	333.32725552193097	0.9139523567790909	31.128250213031762	2.352377118839887
887.5	18.0	333.32725552193097	0.9139523567790909	31.128250213031762	2.352377118839887
892.5	15.0	333.32725552193097	0.9139523567790909	31.128250213031762	2.352377118839887
897.5	18.0	333.32725552193097	0.9139523567790909	31.128250213031762	2.352377118839887
902.5	20.0	333.32725552193097	0.9139523567790909	31.128250213031762	2.352377118839887
907.5	14.0	333.32725552193097	0.9139523567790909	31.128250213031762	2.352377118839887
912.5	21.0	333.32725552193097	0.9139523567790909	31.128250213031762	2.352377118839887
917.5	12.0	333.32725552193097	0.9139523567790909	31.128250213031762	2.352377118839887
922.5	17.0	333.32725552193097	0.9139523567790909	31.128250213031762	2.352377118839887
927.5	18.0	333.32725552193097	0.9139523567790909	31.128250213031762	2.352377118839887
932.5	15.0	333.32725552193097	0.9139523567790909	31.128250213031762	2.352377118839887
937.5	15.0	333.32725552193097	0.9139523567790909	31.128250213031762	2.352377118839887
942.5	16.0	333.32725552193097	0.9139523567790909	31.128250213031762	2.352377118839887
947.5	12.0	333.32725552193097	0.9139523567790909	31.128250213031762	2.352377118839887
952.5	18.0	333.32725552193097	0.9139523567790909	31.128250213031762	2.352377118839887
957.5	19.0	333.32725552193097	0.9139523567790909	31.128250213031762	2.352377118839887
962.5	13.0	333.32725552193097	0.9139523567790909	31.128250213031762	2.352377118839887
967.5	20.0	333.32725552193097	0.9139523567790909	31.128250213031762	2.352377118839887
972.5	20.0	333.32725552193097	0.9139523567790909	31.128250213031762	2.352377118839887
977.5	14.0	333.32725552193097	0.9139523567790909	31.128250213031762	2.352377118839887
982.5	18.0	333.32725552193097	0.9139523567790909	31.128250213031762	2.352377118839887
987.5	21.0	333.32725552193097	0.9139523567790909	31.128250213031762	2.352377118839887
992.5	13.0	333.32725552193097	0.9139523567790909	31.128250213031762	2.352377118839887
997.5	15.0	333.32725552193097	0.9139523567790909	31.128250213031762	2.352377118839887
1002.5	15.0	333.32725552193097	0.9139523567790909	31.128250213031762	2.352377118839887
1007.5	16.0	333.32725552193097	0.9139523567790909	31.128250213031762	2.352377118839887
1012.5	16.0	333.32725552193097	0.9139523567790909	31.128250213031762	2.352377118839887
1017.5	21.0	333.32725552193097	0.9139523567790909	31.128250213031762	2.352377118839887
1022.5	15.0	333.32725552193097	0.9139523567790909	31.128250213031762	2.352377118839887
1027.5	17.0	333.32725552193097	0.9139523567790909	31.128250213031762	2.352377118839887
1032.5	9.0	333.32725552193097	0.9139523567790909	31.128250213031762	2.352377118839887
1037.5	15.0	333.32725552193097	0.9139523567790909	31.128250213031762	2.352377118839887
1042.5	22.0	333.32725552193097	0.9139523567790909	31.128250213031762	2.352377118839887
1047.5	24.0	333.32725552193097	0.9139523567790909	31.128250213031762	2.352377118839887
1052.5	17.0	333.32725552193097	0.9139523567790909	31.128250213031762	2.352377118839887
1057.5	16.0	333.32725552193097	0.9139523567790909	31.128250213031762	2.352377118839887
1062.5	12.0	333.32725552193097	0.9139523567790909	31.128250213031762	2.352377118839887
1067.5	15.0	333.32725552193097	0.9139523567790909	31.128250213031762	2.352377118839887
1072.5	20.0	333.32725552193097	0.9139523567790909	31.128250213031762	2.352377118839887
1077.5	17.0	333.32725552193097	0.9139523567790909	31.128250213031762	2.352377118839887
1082.5	17.0	333.32725552193097	0.9139523567790909	31.128250213031762	2.352377118839887
1087.5	25.0	333.32725552193097	0.9139523567790909	31.128250213031762	2.352377118839887
1092.5	15.0	333.32725552193097	0.9139523567790909	31.128250213031762	2.352377118839887
1097.5	17.0	333.32725552193097	0.9139523567790909	31.128250213031762	2.352377118839887
1102.5	19.0	333.32725552193097	0.9139523567790909	31.128250213031762	2.352377118839887
1107.5	8.0	333.32725552193097	0.9139523567790909	31.128250213031762	2.352377118839887
1112.5	16.0	333.32725552193097	0.9139523567790909	31.128250213031762	2.352377118839887
1117.5	9.0	333.32725552193097	0.9139523567790909	31.128250213031762	2.352377118839887
1122.5	10.0	333.32725552193097	0.9139523567790909	31.128250213031762	2.352377118839887
1127.5	16.0	333.32725552193097	0.9139523567790909	31.128250213031762	2.352377118839887
1132.5	16.0	333.32725552193097	0.9139523567790909	31.128250213031762	2.352377118839887
1137.5	21.0	333.32725552193097	0.9139523567790909	31.128250213031762	2.352377118839887
1142.5	15.0	333.32725552193097	0.9139523567790909	31.128250213031762	2.352377118839887
1147.5	11.0	333.32725552193097	0.9139523567790909	31.128250213031762	2.352377118839887
1152.5	16.0	333.32725552193097	0.9139523567790909	31.128250213031762	2.352377118839887
1157.5	19.0	333.32725552193097	0.9139523567790909	31.128250213031762	2.352377118839887
1162.5	14.0	333.32725552193097	0.9139523567790909	31.128250213031762	2.352377118839887
1167.5	17.0	333.32725552193097	0.9139523567790909	31.128250213031762	2.352377118839887
1172.5	16.0	333.32725552193097	0.9139523567790909	31.128250213031762	2.352377118839887
1177.5	12.0	333.32725552193097	0.9139523567790909	31.128250213031762	2.352377118839887
1182.5	15.0	333.32725552193097	0.9139523567790909	31.128250213031762	2.352377118839887
1187.5	12.0	333.32725552193097	0.9139523567790909	31.128250213031762	2.352377118839887
1192.5	13.0	333.32725552193097	0.9139523567790909	31.128250213031762	2.352377118839887
1197.5	16.0	333.32725552193097	0.9139523567790909	31.128250213031762	2.352377118839887
