2.5	1282783.0	332.7297807918549	1.0513343699924729	30.121570592205718	2.830761278612978
7.5	427512.0	332.7297807918549	1.0513343699924729	30.121570592205718	2.830761278612978
12.5	93924.0	332.7297807918549	1.0513343699924729	30.121570592205718	2.830761278612978
17.5	59463.0	332.7297807918549	1.0513343699924729	30.121570592205718	2.830761278612978
22.5	40324.0	332.7297807918549	1.0513343699924729	30.121570592205718	2.830761278612978
27.5	27147.0	332.7297807918549	1.0513343699924729	30.121570592205718	2.830761278612978
32.5	19263.0	332.7297807918549	1.0513343699924729	30.121570592205718	2.830761278612978
37.5	14201.0	332.7297807918549	1.0513343699924729	30.121570592205718	2.830761278612978
42.5	11087.0	332.7297807918549	1.0513343699924729	30.121570592205718	2.830761278612978
47.5	8961.0	332.7297807918549	1.0513343699924729	30.121570592205718	2.830761278612978
52.5	7302.0	332.7297807918549	1.0513343699924729	30.121570592205718	2.830761278612978
57.5	6111.0	332.7297807918549	1.0513343699924729	30.121570592205718	2.830761278612978
62.5	5275.0	332.7297807918549	1.0513343699924729	30.121570592205718	2.830761278612978
67.5	4516.0	332.7297807918549	1.0513343699924729	30.121570592205718	2.830761278612978
72.5	4007.0	332.7297807918549	1.0513343699924729	30.121570592205718	2.830761278612978
77.5	3609.0	332.7297807918549	1.0513343699924729	30.121570592205718	2.830761278612978
82.5	3159.0	332.7297807918549	1.0513343699924729	30.121570592205718	2.830761278612978	1.0615816683761056e-12	26.982699058541126	16	116
87.5	2860.0	332.7297807918549	1.0513343699924729	30.121570592205718	2.830761278612978	4.157648359258688e-12	22.58708261291168	16	116
92.5	2544.0	332.7297807918549	1.0513343699924729	30.121570592205718	2.830761278612978	1.584074294259891e-11	17.504008872240117	16	116
97.5	2327.0	332.7297807918549	1.0513343699924729	30.121570592205718	2.830761278612978	5.87133396398478e-11	14.491489150556843	16	116
102.5	2323.0	332.7297807918549	1.0513343699924729	30.121570592205718	2.830761278612978	2.1170517183378593e-10	16.50043219872944	16	116
107.5	2057.0	332.7297807918549	1.0513343699924729	30.121570592205718	2.830761278612978	7.42607956027676e-10	11.926769402583824	16	116
112.5	1932.0	332.7297807918549	1.0513343699924729	30.121570592205718	2.830761278612978	2.534084976498967e-09	10.691903040496117	16	116
117.5	1756.0	332.7297807918549	1.0513343699924729	30.121570592205718	2.830761278612978	8.412327984259451e-09	7.985010377723329	16	116
122.5	1594.0	332.7297807918549	1.0513343699924729	30.121570592205718	2.830761278612978	2.7167186604886888e-08	5.45804179973439	16	116
127.5	1563.0	332.7297807918549	1.0513343699924729	30.121570592205718	2.830761278612978	8.535060051848667e-08	6.335901548059688	16	116
132.5	1399.0	332.7297807918549	1.0513343699924729	30.121570592205718	2.830761278612978	2.608566680587397e-07	3.4561466545802153	16	116
137.5	1336.0	332.7297807918549	1.0513343699924729	30.121570592205718	2.830761278612978	7.755874099478709e-07	3.269527085096086	16	116
142.5	1267.0	332.7297807918549	1.0513343699924729	30.121570592205718	2.830761278612978	2.243329176599586e-06	2.831285957477405	16	116
147.5	1136.0	332.7297807918549	1.0513343699924729	30.121570592205718	2.830761278612978	6.312315613088234e-06	0.45537958903293724	16	116
152.5	1071.0	332.7297807918549	1.0513343699924729	30.121570592205718	2.830761278612978	1.727897005871845e-05	-0.07465491995712412	16	116
157.5	983.0	332.7297807918549	1.0513343699924729	30.121570592205718	2.830761278612978	4.601298892229252e-05	-1.4075982767620954	16	116
162.5	965.0	332.7297807918549	1.0513343699924729	30.121570592205718	2.830761278612978	0.0001192000629027496	-0.6288856890896776	16	116
167.5	930.0	332.7297807918549	1.0513343699924729	30.121570592205718	2.830761278612978	0.0003004041792305975	-0.4287568869009555	16	116
172.5	867.0	332.7297807918549	1.0513343699924729	30.121570592205718	2.830761278612978	0.0007364934728893826	-1.2095900938139756	16	116
177.5	814.0	332.7297807918549	1.0513343699924729	30.121570592205718	2.830761278612978	0.001756569269255545	-1.7414475474234454	16	116
182.5	747.0	332.7297807918549	1.0513343699924729	30.121570592205718	2.830761278612978	0.004075633330317333	-2.8382016550767024	16	116
187.5	732.0	332.7297807918549	1.0513343699924729	30.121570592205718	2.830761278612978	0.009199376133124484	-2.191026895061362	16	116
192.5	698.0	332.7297807918549	1.0513343699924729	30.121570592205718	2.830761278612978	0.02020017320791428	-2.2571500183517843	16	116
197.5	597.0	332.7297807918549	1.0513343699924729	30.121570592205718	2.830761278612978	0.043150442816741054	-4.860846000423902	16	116
202.5	632.0	332.7297807918549	1.0513343699924729	30.121570592205718	2.830761278612978	0.08967035037201902	-2.479343438034535	16	116
207.5	601.0	332.7297807918549	1.0513343699924729	30.121570592205718	2.830761278612978	0.18127834300527054	-2.59718167794013	16	116
212.5	582.0	332.7297807918549	1.0513343699924729	30.121570592205718	2.830761278612978	0.3565138656609681	-2.296895841391572	16	116
217.5	627.0	332.7297807918549	1.0513343699924729	30.121570592205718	2.830761278612978	0.6820879449338532	0.5477785133834091	16	116
222.5	639.0	332.7297807918549	1.0513343699924729	30.121570592205718	2.830761278612978	1.2695148022414462	2.096535671164818	16	116
227.5	533.0	332.7297807918549	1.0513343699924729	30.121570592205718	2.830761278612978	2.298627564544234	-1.322146628459601	16	116
232.5	574.0	332.7297807918549	1.0513343699924729	30.121570592205718	2.830761278612978	4.048861284960361	1.355369308734509	16	116
237.5	584.0	332.7297807918549	1.0513343699924729	30.121570592205718	2.830761278612978	6.937941473246198	2.686041007494128	16	116
242.5	573.0	332.7297807918549	1.0513343699924729	30.121570592205718	2.830761278612978	11.565430740007349	3.0042746489505827	16	116
247.5	553.0	332.7297807918549	1.0513343699924729	30.121570592205718	2.830761278612978	18.755404657177472	2.7597293451532825	16	116
252.5	535.0	332.7297807918549	1.0513343699924729	30.121570592205718	2.830761278612978	29.58860645714455	2.382199878532965	16	116
257.5	574.0	332.7297807918549	1.0513343699924729	30.121570592205718	2.830761278612978	45.41047353577678	4.32254990908021	16	116
262.5	576.0	332.7297807918549	1.0513343699924729	30.121570592205718	2.830761278612978	67.7986421678823	4.2101506278123	16	116
267.5	558.0	332.7297807918549	1.0513343699924729	30.121570592205718	2.830761278612978	98.47350765905155	2.757113094893347	16	116
272.5	645.0	332.7297807918549	1.0513343699924729	30.121570592205718	2.830761278612978	139.13976514233124	5.460807293523359	16	116
277.5	623.0	332.7297807918549	1.0513343699924729	30.121570592205718	2.830761278612978	191.2566613630273	2.821389051112297	16	116
282.5	668.0	332.7297807918549	1.0513343699924729	30.121570592205718	2.830761278612978	255.74981073278352	2.5389185797410687	16	116
287.5	720.0	332.7297807918549	1.0513343699924729	30.121570592205718	2.830761278612978	332.6959529380516	2.023784867230217	16	116
292.5	771.0	332.7297807918549	1.0513343699924729	30.121570592205718	2.830761278612978	421.0301154934676	1.0684324560255782	16	116
297.5	811.0	332.7297807918549	1.0513343699924729	30.121570592205718	2.830761278612978	518.3370477072883	-0.5102183686817109	16	116
302.5	885.0	332.7297807918549	1.0513343699924729	30.121570592205718	2.830761278612978	620.7901060406347	-0.9963593864052749	16	116
307.5	992.0	332.7297807918549	1.0513343699924729	30.121570592205718	2.830761278612978	723.287182287765	-0.4167524203306673	16	116
312.5	1043.0	332.7297807918549	1.0513343699924729	30.121570592205718	2.830761278612978	819.8043101491143	-1.418542128144438	16	116
317.5	1085.0	332.7297807918549	1.0513343699924729	30.121570592205718	2.830761278612978	903.947217110758	-2.2751392348611854	16	116
322.5	1173.0	332.7297807918549	1.0513343699924729	30.121570592205718	2.830761278612978	969.63747768378	-1.271049077495571	16	116
327.5	1208.0	332.7297807918549	1.0513343699924729	30.121570592205718	2.830761278612978	1011.8337481778309	-1.162555742390385	16	116
332.5	1284.0	332.7297807918549	1.0513343699924729	30.121570592205718	2.830761278612978	1027.1701124088033	0.8354871548734054	16	116
337.5	1245.0	332.7297807918549	1.0513343699924729	30.121570592205718	2.830761278612978	1014.3995180968424	0.36904648653935207	16	116
342.5	1207.0	332.7297807918549	1.0513343699924729	30.121570592205718	2.830761278612978	974.5612529509881	0.697170680945447	16	116
347.5	1112.0	332.7297807918549	1.0513343699924729	30.121570592205718	2.830761278612978	910.841255185179	0.04497238012717828	16	116
352.5	1102.0	332.7297807918549	1.0513343699924729	30.121570592205718	2.830761278612978	828.1513077505057	2.5876087305285727	16	116
357.5	903.0	332.7297807918549	1.0513343699924729	30.121570592205718	2.830761278612978	732.5042304031613	-0.4185095103824825	16	116
362.5	847.0	332.7297807918549	1.0513343699924729	30.121570592205718	2.830761278612978	630.2952419719195	1.4541488510822014	16	116
367.5	661.0	332.7297807918549	1.0513343699924729	30.121570592205718	2.830761278612978	527.6079932790576	-1.3130404919351308	16	116
372.5	589.0	332.7297807918549	1.0513343699924729	30.121570592205718	2.830761278612978	429.64736299101577	-0.06493457656029916	16	116
377.5	445.0	332.7297807918549	1.0513343699924729	30.121570592205718	2.830761278612978	340.36616472404216	-2.2261407516169056	16	116
382.5	343.0	332.7297807918549	1.0513343699924729	30.121570592205718	2.830761278612978	262.30952301755246	-3.3062008078122345	16	116
387.5	276.0	332.7297807918549	1.0513343699924729	30.121570592205718	2.830761278612978	196.65961324559294	-3.3752671632391897	16	116
392.5	204.0	332.7297807918549	1.0513343699924729	30.121570592205718	2.830761278612978	143.43322060893593	-4.483074897899709	16	116
397.5	148.0	332.7297807918549	1.0513343699924729	30.121570592205718	2.830761278612978	101.76952925910516	-5.4870655438871765	16	116
402.5	113.0	332.7297807918549	1.0513343699924729	30.121570592205718	2.830761278612978	70.24561637273175	-5.842927800973351	16	116
407.5	88.0	332.7297807918549	1.0513343699924729	30.121570592205718	2.830761278612978	47.168724853952156	-6.063638283209542	16	116
412.5	48.0	332.7297807918549	1.0513343699924729	30.121570592205718	2.830761278612978	30.812184544633467	-8.04342997517805	16	116
417.5	45.0	332.7297807918549	1.0513343699924729	30.121570592205718	2.830761278612978	19.580523155075834	-7.380381859451059	16	116
422.5	37.0	332.7297807918549	1.0513343699924729	30.121570592205718	2.830761278612978	12.104853515780672	-7.37512531872459	16	116
427.5	29.0	332.7297807918549	1.0513343699924729	30.121570592205718	2.830761278612978	7.279947237697421	-7.566250820165604	16	116
432.5	28.0	332.7297807918549	1.0513343699924729	30.121570592205718	2.830761278612978	4.25922292591257	-7.210951950128279	16	116
437.5	16.0	332.7297807918549	1.0513343699924729	30.121570592205718	2.830761278612978	2.4241861043875703	-8.062423875969507	16	116
442.5	15.0	332.7297807918549	1.0513343699924729	30.121570592205718	2.830761278612978	1.3422548745657297	-7.864270206456599	16	116
447.5	17.0	332.7297807918549	1.0513343699924729	30.121570592205718	2.830761278612978	0.7229986202069819	-7.375287577997831	16	116
452.5	17.0	332.7297807918549	1.0513343699924729	30.121570592205718	2.830761278612978	0.37885532287585666	-7.117377013278579	16	116
457.5	16.0	332.7297807918549	1.0513343699924729	30.121570592205718	2.830761278612978	0.1931268978860474	-6.985960333554705	16	116
462.5	11.0	332.7297807918549	1.0513343699924729	30.121570592205718	2.830761278612978	0.09577354926672309	-7.332929684353213	16	116
467.5	12.0	332.7297807918549	1.0513343699924729	30.121570592205718	2.830761278612978	0.04620424159675918	-6.999563389800011	16	116
472.5	9.0	332.7297807918549	1.0513343699924729	30.121570592205718	2.830761278612978	0.021684607028920274	-7.1511334987906405	16	116
477.5	11.0	332.7297807918549	1.0513343699924729	30.121570592205718	2.830761278612978	0.009900444936136567	-6.702774823448488	16	116
482.5	7.0	332.7297807918549	1.0513343699924729	30.121570592205718	2.830761278612978	0.004397352849936077	-7.007296292417615	16	116
487.5	17.0	332.7297807918549	1.0513343699924729	30.121570592205718	2.830761278612978	0.0019000339651136402	-5.524975366715128	16	116
492.5	12.0	332.7297807918549	1.0513343699924729	30.121570592205718	2.830761278612978	0.000798665380951789	-5.973431669416595	16	116
497.5	16.0	332.7297807918549	1.0513343699924729	30.121570592205718	2.830761278612978	0.0003265891869146007	-5.236911068293312	16	116
502.5	10.0	332.7297807918549	1.0513343699924729	30.121570592205718	2.830761278612978	0.00012991885652561316	-5.860473179658273	16	116
507.5	18.0	332.7297807918549	1.0513343699924729	30.121570592205718	2.830761278612978	5.027777195013982e-05	-4.547041416593803	16	116
512.5	14.0	332.7297807918549	1.0513343699924729	30.121570592205718	2.830761278612978	1.8928373820215646e-05	-4.9172074965637185	16	116
517.5	19.0	332.7297807918549	1.0513343699924729	30.121570592205718	2.830761278612978	6.932406666288819e-06	-3.988624053801408	16	116
522.5	19.0	332.7297807918549	1.0513343699924729	30.121570592205718	2.830761278612978	2.469950242311426e-06	-3.7827999926825338	16	116
527.5	12.0	332.7297807918549	1.0513343699924729	30.121570592205718	2.830761278612978	8.561026154894067e-07	-4.655451340363038	16	116
532.5	15.0	332.7297807918549	1.0513343699924729	30.121570592205718	2.830761278612978	2.886668344026917e-07	-4.005013200363286	16	116
537.5	12.0	332.7297807918549	1.0513343699924729	30.121570592205718	2.830761278612978	9.468940808638265e-08	-4.299674046169795	16	116
542.5	17.0	332.7297807918549	1.0513343699924729	30.121570592205718	2.830761278612978	3.021616616674564e-08	-3.3043441791060935	16	116
547.5	16.0	332.7297807918549	1.0513343699924729	30.121570592205718	2.830761278612978	9.380171198743003e-09	-3.2812022688056577	16	116
552.5	10.0	332.7297807918549	1.0513343699924729	30.121570592205718	2.830761278612978	2.832798056608433e-09	-4.123460266734714	16	116
557.5	11.0	332.7297807918549	1.0513343699924729	30.121570592205718	2.830761278612978	8.322502094093658e-10	-3.7865325045181275	16	116
562.5	11.0	332.7297807918549	1.0513343699924729	30.121570592205718	2.830761278612978	2.378623234097135e-10	-3.6226940077784464	16	116
567.5	17.0	332.7297807918549	1.0513343699924729	30.121570592205718	2.830761278612978	6.613492214168476e-11	-2.3638692944806983	16	116
572.5	7.0	332.7297807918549	1.0513343699924729	30.121570592205718	2.830761278612978	1.7888317015262788e-11	-4.0470467418596305	16	116
577.5	15.0	332.7297807918549	1.0513343699924729	30.121570592205718	2.830761278612978	4.7069714629635e-12	-2.3776500788900945	16	116
582.5	16.0	332.7297807918549	1.0513343699924729	30.121570592205718	2.830761278612978
587.5	15.0	332.7297807918549	1.0513343699924729	30.121570592205718	2.830761278612978
592.5	6.0	332.7297807918549	1.0513343699924729	30.121570592205718	2.830761278612978
597.5	8.0	332.7297807918549	1.0513343699924729	30.121570592205718	2.830761278612978
602.5	11.0	332.7297807918549	1.0513343699924729	30.121570592205718	2.830761278612978
607.5	11.0	332.7297807918549	1.0513343699924729	30.121570592205718	2.830761278612978
612.5	17.0	332.7297807918549	1.0513343699924729	30.121570592205718	2.830761278612978
617.5	16.0	332.7297807918549	1.0513343699924729	30.121570592205718	2.830761278612978
622.5	12.0	332.7297807918549	1.0513343699924729	30.121570592205718	2.830761278612978
627.5	15.0	332.7297807918549	1.0513343699924729	30.121570592205718	2.830761278612978
632.5	7.0	332.7297807918549	1.0513343699924729	30.121570592205718	2.830761278612978
637.5	19.0	332.7297807918549	1.0513343699924729	30.121570592205718	2.830761278612978
642.5	11.0	332.7297807918549	1.0513343699924729	30.121570592205718	2.830761278612978
647.5	10.0	332.7297807918549	1.0513343699924729	30.121570592205718	2.830761278612978
652.5	12.0	332.7297807918549	1.0513343699924729	30.121570592205718	2.830761278612978
657.5	14.0	332.7297807918549	1.0513343699924729	30.121570592205718	2.830761278612978
662.5	7.0	332.7297807918549	1.0513343699924729	30.121570592205718	2.830761278612978
667.5	8.0	332.7297807918549	1.0513343699924729	30.121570592205718	2.830761278612978
672.5	3.0	332.7297807918549	1.0513343699924729	30.121570592205718	2.830761278612978
677.5	9.0	332.7297807918549	1.0513343699924729	30.121570592205718	2.830761278612978
682.5	15.0	332.7297807918549	1.0513343699924729	30.121570592205718	2.830761278612978
687.5	13.0	332.7297807918549	1.0513343699924729	30.121570592205718	2.830761278612978
692.5	9.0	332.7297807918549	1.0513343699924729	30.121570592205718	2.830761278612978
697.5	17.0	332.7297807918549	1.0513343699924729	30.121570592205718	2.830761278612978
702.5	16.0	332.7297807918549	1.0513343699924729	30.121570592205718	2.830761278612978
707.5	13.0	332.7297807918549	1.0513343699924729	30.121570592205718	2.830761278612978
712.5	9.0	332.7297807918549	1.0513343699924729	30.121570592205718	2.830761278612978
717.5	10.0	332.7297807918549	1.0513343699924729	30.121570592205718	2.830761278612978
722.5	11.0	332.7297807918549	1.0513343699924729	30.121570592205718	2.830761278612978
727.5	9.0	332.7297807918549	1.0513343699924729	30.121570592205718	2.830761278612978
732.5	7.0	332.7297807918549	1.0513343699924729	30.121570592205718	2.830761278612978
737.5	15.0	332.7297807918549	1.0513343699924729	30.121570592205718	2.830761278612978
742.5	9.0	332.7297807918549	1.0513343699924729	30.121570592205718	2.830761278612978
747.5	14.0	332.7297807918549	1.0513343699924729	30.121570592205718	2.830761278612978
752.5	14.0	332.7297807918549	1.0513343699924729	30.121570592205718	2.830761278612978
757.5	7.0	332.7297807918549	1.0513343699924729	30.121570592205718	2.830761278612978
762.5	10.0	332.7297807918549	1.0513343699924729	30.121570592205718	2.830761278612978
767.5	10.0	332.7297807918549	1.0513343699924729	30.121570592205718	2.830761278612978
772.5	12.0	332.7297807918549	1.0513343699924729	30.121570592205718	2.830761278612978
777.5	9.0	332.7297807918549	1.0513343699924729	30.121570592205718	2.830761278612978
782.5	12.0	332.7297807918549	1.0513343699924729	30.121570592205718	2.830761278612978
787.5	6.0	332.7297807918549	1.0513343699924729	30.121570592205718	2.830761278612978
792.5	6.0	332.7297807918549	1.0513343699924729	30.121570592205718	2.830761278612978
797.5	11.0	332.7297807918549	1.0513343699924729	30.121570592205718	2.830761278612978
802.5	9.0	332.7297807918549	1.0513343699924729	30.121570592205718	2.830761278612978
807.5	8.0	332.7297807918549	1.0513343699924729	30.121570592205718	2.830761278612978
812.5	9.0	332.7297807918549	1.0513343699924729	30.121570592205718	2.830761278612978
817.5	12.0	332.7297807918549	1.0513343699924729	30.121570592205718	2.830761278612978
822.5	10.0	332.7297807918549	1.0513343699924729	30.121570592205718	2.830761278612978
827.5	11.0	332.7297807918549	1.0513343699924729	30.121570592205718	2.830761278612978
832.5	9.0	332.7297807918549	1.0513343699924729	30.121570592205718	2.830761278612978
837.5	8.0	332.7297807918549	1.0513343699924729	30.121570592205718	2.830761278612978
842.5	9.0	332.7297807918549	1.0513343699924729	30.121570592205718	2.830761278612978
847.5	11.0	332.7297807918549	1.0513343699924729	30.121570592205718	2.830761278612978
852.5	6.0	332.7297807918549	1.0513343699924729	30.121570592205718	2.830761278612978
857.5	9.0	332.7297807918549	1.0513343699924729	30.121570592205718	2.830761278612978
862.5	14.0	332.7297807918549	1.0513343699924729	30.121570592205718	2.830761278612978
867.5	6.0	332.7297807918549	1.0513343699924729	30.121570592205718	2.830761278612978
872.5	10.0	332.7297807918549	1.0513343699924729	30.121570592205718	2.830761278612978
877.5	13.0	332.7297807918549	1.0513343699924729	30.121570592205718	2.830761278612978
882.5	10.0	332.7297807918549	1.0513343699924729	30.121570592205718	2.830761278612978
887.5	11.0	332.7297807918549	1.0513343699924729	30.121570592205718	2.830761278612978
892.5	12.0	332.7297807918549	1.0513343699924729	30.121570592205718	2.830761278612978
897.5	8.0	332.7297807918549	1.0513343699924729	30.121570592205718	2.830761278612978
902.5	5.0	332.7297807918549	1.0513343699924729	30.121570592205718	2.830761278612978
907.5	7.0	332.7297807918549	1.0513343699924729	30.121570592205718	2.830761278612978
912.5	12.0	332.7297807918549	1.0513343699924729	30.121570592205718	2.830761278612978
917.5	8.0	332.7297807918549	1.0513343699924729	30.121570592205718	2.830761278612978
922.5	6.0	332.7297807918549	1.0513343699924729	30.121570592205718	2.830761278612978
927.5	6.0	332.7297807918549	1.0513343699924729	30.121570592205718	2.830761278612978
932.5	7.0	332.7297807918549	1.0513343699924729	30.121570592205718	2.830761278612978
937.5	8.0	332.7297807918549	1.0513343699924729	30.121570592205718	2.830761278612978
942.5	12.0	332.7297807918549	1.0513343699924729	30.121570592205718	2.830761278612978
947.5	9.0	332.7297807918549	1.0513343699924729	30.121570592205718	2.830761278612978
952.5	10.0	332.7297807918549	1.0513343699924729	30.121570592205718	2.830761278612978
957.5	9.0	332.7297807918549	1.0513343699924729	30.121570592205718	2.830761278612978
962.5	4.0	332.7297807918549	1.0513343699924729	30.121570592205718	2.830761278612978
967.5	7.0	332.7297807918549	1.0513343699924729	30.121570592205718	2.830761278612978
972.5	7.0	332.7297807918549	1.0513343699924729	30.121570592205718	2.830761278612978
977.5	11.0	332.7297807918549	1.0513343699924729	30.121570592205718	2.830761278612978
982.5	10.0	332.7297807918549	1.0513343699924729	30.121570592205718	2.830761278612978
987.5	10.0	332.7297807918549	1.0513343699924729	30.121570592205718	2.830761278612978
992.5	11.0	332.7297807918549	1.0513343699924729	30.121570592205718	2.830761278612978
997.5	7.0	332.7297807918549	1.0513343699924729	30.121570592205718	2.830761278612978
1002.5	8.0	332.7297807918549	1.0513343699924729	30.121570592205718	2.830761278612978
1007.5	16.0	332.7297807918549	1.0513343699924729	30.121570592205718	2.830761278612978
1012.5	8.0	332.7297807918549	1.0513343699924729	30.121570592205718	2.830761278612978
1017.5	5.0	332.7297807918549	1.0513343699924729	30.121570592205718	2.830761278612978
1022.5	10.0	332.7297807918549	1.0513343699924729	30.121570592205718	2.830761278612978
1027.5	14.0	332.7297807918549	1.0513343699924729	30.121570592205718	2.830761278612978
1032.5	8.0	332.7297807918549	1.0513343699924729	30.121570592205718	2.830761278612978
1037.5	13.0	332.7297807918549	1.0513343699924729	30.121570592205718	2.830761278612978
1042.5	5.0	332.7297807918549	1.0513343699924729	30.121570592205718	2.830761278612978
1047.5	11.0	332.7297807918549	1.0513343699924729	30.121570592205718	2.830761278612978
1052.5	8.0	332.7297807918549	1.0513343699924729	30.121570592205718	2.830761278612978
1057.5	5.0	332.7297807918549	1.0513343699924729	30.121570592205718	2.830761278612978
1062.5	14.0	332.7297807918549	1.0513343699924729	30.121570592205718	2.830761278612978
1067.5	7.0	332.7297807918549	1.0513343699924729	30.121570592205718	2.830761278612978
1072.5	11.0	332.7297807918549	1.0513343699924729	30.121570592205718	2.830761278612978
1077.5	5.0	332.7297807918549	1.0513343699924729	30.121570592205718	2.830761278612978
1082.5	5.0	332.7297807918549	1.0513343699924729	30.121570592205718	2.830761278612978
1087.5	12.0	332.7297807918549	1.0513343699924729	30.121570592205718	2.830761278612978
1092.5	9.0	332.7297807918549	1.0513343699924729	30.121570592205718	2.830761278612978
1097.5	5.0	332.7297807918549	1.0513343699924729	30.121570592205718	2.830761278612978
1102.5	9.0	332.7297807918549	1.0513343699924729	30.121570592205718	2.830761278612978
1107.5	9.0	332.7297807918549	1.0513343699924729	30.121570592205718	2.830761278612978
1112.5	8.0	332.7297807918549	1.0513343699924729	30.121570592205718	2.830761278612978
1117.5	4.0	332.7297807918549	1.0513343699924729	30.121570592205718	2.830761278612978
1122.5	8.0	332.7297807918549	1.0513343699924729	30.121570592205718	2.830761278612978
1127.5	12.0	332.7297807918549	1.0513343699924729	30.121570592205718	2.830761278612978
1132.5	7.0	332.7297807918549	1.0513343699924729	30.121570592205718	2.830761278612978
1137.5	7.0	332.7297807918549	1.0513343699924729	30.121570592205718	2.830761278612978
1142.5	13.0	332.7297807918549	1.0513343699924729	30.121570592205718	2.830761278612978
1147.5	9.0	332.7297807918549	1.0513343699924729	30.121570592205718	2.830761278612978
1152.5	11.0	332.7297807918549	1.0513343699924729	30.121570592205718	2.830761278612978
1157.5	6.0	332.7297807918549	1.0513343699924729	30.121570592205718	2.830761278612978
1162.5	3.0	332.7297807918549	1.0513343699924729	30.121570592205718	2.830761278612978
1167.5	8.0	332.7297807918549	1.0513343699924729	30.121570592205718	2.830761278612978
1172.5	17.0	332.7297807918549	1.0513343699924729	30.121570592205718	2.830761278612978
1177.5	5.0	332.7297807918549	1.0513343699924729	30.121570592205718	2.830761278612978
1182.5	3.0	332.7297807918549	1.0513343699924729	30.121570592205718	2.830761278612978
1187.5	3.0	332.7297807918549	1.0513343699924729	30.121570592205718	2.830761278612978
1192.5	6.0	332.7297807918549	1.0513343699924729	30.121570592205718	2.830761278612978
1197.5	8.0	332.7297807918549	1.0513343699924729	30.121570592205718	2.830761278612978
