2.5	423664.0	331.78463925448386	1.8078604595091943	31.49607938563578	8.572592126080023
7.5	141353.0	331.78463925448386	1.8078604595091943	31.49607938563578	8.572592126080023
12.5	32936.0	331.78463925448386	1.8078604595091943	31.49607938563578	8.572592126080023
17.5	21014.0	331.78463925448386	1.8078604595091943	31.49607938563578	8.572592126080023
22.5	14511.0	331.78463925448386	1.8078604595091943	31.49607938563578	8.572592126080023
27.5	9913.0	331.78463925448386	1.8078604595091943	31.49607938563578	8.572592126080023
32.5	7011.0	331.78463925448386	1.8078604595091943	31.49607938563578	8.572592126080023
37.5	5091.0	331.78463925448386	1.8078604595091943	31.49607938563578	8.572592126080023
42.5	4014.0	331.78463925448386	1.8078604595091943	31.49607938563578	8.572592126080023
47.5	3232.0	331.78463925448386	1.8078604595091943	31.49607938563578	8.572592126080023
52.5	2701.0	331.78463925448386	1.8078604595091943	31.49607938563578	8.572592126080023
57.5	2120.0	331.78463925448386	1.8078604595091943	31.49607938563578	8.572592126080023
62.5	1800.0	331.78463925448386	1.8078604595091943	31.49607938563578	8.572592126080023
67.5	1688.0	331.78463925448386	1.8078604595091943	31.49607938563578	8.572592126080023
72.5	1415.0	331.78463925448386	1.8078604595091943	31.49607938563578	8.572592126080023
77.5	1287.0	331.78463925448386	1.8078604595091943	31.49607938563578	8.572592126080023
82.5	1137.0	331.78463925448386	1.8078604595091943	31.49607938563578	8.572592126080023	8.522972887981645e-12	-8.548404395488847	16	116
87.5	1064.0	331.78463925448386	1.8078604595091943	31.49607938563578	8.572592126080023	2.9566312372428104e-11	-8.448498007202096	16	116
92.5	952.0	331.78463925448386	1.8078604595091943	31.49607938563578	8.572592126080023	1.0001343116348564e-10	-9.55951673009739	16	116
97.5	848.0	331.78463925448386	1.8078604595091943	31.49607938563578	8.572592126080023	3.29894142686219e-10	-10.639846999371196	16	116
102.5	770.0	331.78463925448386	1.8078604595091943	31.49607938563578	8.572592126080023	1.0610747851393665e-09	-11.14394233194626	16	116
107.5	742.0	331.78463925448386	1.8078604595091943	31.49607938563578	8.572592126080023	3.327917073388112e-09	-10.276982837048845	16	116
112.5	659.0	331.78463925448386	1.8078604595091943	31.49607938563578	8.572592126080023	1.0177804609621367e-08	-11.197073238743503	16	116
117.5	664.0	331.78463925448386	1.8078604595091943	31.49607938563578	8.572592126080023	3.035224606646026e-08	-9.439851117343967	16	116
122.5	588.0	331.78463925448386	1.8078604595091943	31.49607938563578	8.572592126080023	8.826381024349963e-08	-10.382486931880285	16	116
127.5	552.0	331.78463925448386	1.8078604595091943	31.49607938563578	8.572592126080023	2.5028200212669956e-07	-10.114092744115085	16	116
132.5	494.0	331.78463925448386	1.8078604595091943	31.49607938563578	8.572592126080023	6.920407709528333e-07	-10.710141386505693	16	116
137.5	510.0	331.78463925448386	1.8078604595091943	31.49607938563578	8.572592126080023	1.8659021020752644e-06	-8.737734631529907	16	116
142.5	419.0	331.78463925448386	1.8078604595091943	31.49607938563578	8.572592126080023	4.90570172145234e-06	-10.767996210377115	16	116
147.5	428.0	331.78463925448386	1.8078604595091943	31.49607938563578	8.572592126080023	1.2576753093267643e-05	-9.134061102132277	16	116
152.5	421.0	331.78463925448386	1.8078604595091943	31.49607938563578	8.572592126080023	3.144061577226226e-05	-8.127802014347814	16	116
157.5	366.0	331.78463925448386	1.8078604595091943	31.49607938563578	8.572592126080023	7.664232366877625e-05	-9.127054720313769	16	116
162.5	307.0	331.78463925448386	1.8078604595091943	31.49607938563578	8.572592126080023	0.00018218029264705486	-10.443235945673475	16	116
167.5	319.0	331.78463925448386	1.8078604595091943	31.49607938563578	8.572592126080023	0.0004222690383852248	-8.807926339708608	16	116
172.5	317.0	331.78463925448386	1.8078604595091943	31.49607938563578	8.572592126080023	0.0009544038772658562	-7.781773032834959	16	116
177.5	264.0	331.78463925448386	1.8078604595091943	31.49607938563578	8.572592126080023	0.002103440649891737	-9.145754039648454	16	116
182.5	272.0	331.78463925448386	1.8078604595091943	31.49607938563578	8.572592126080023	0.004520468445515734	-7.737317230167914	16	116
187.5	262.0	331.78463925448386	1.8078604595091943	31.49607938563578	8.572592126080023	0.009473091527119929	-7.204521292299884	16	116
192.5	255.0	331.78463925448386	1.8078604595091943	31.49607938563578	8.572592126080023	0.01935776158110324	-6.5555942418083	16	116
197.5	245.0	331.78463925448386	1.8078604595091943	31.49607938563578	8.572592126080023	0.038572132651339484	-6.0929377148543375	16	116
202.5	224.0	331.78463925448386	1.8078604595091943	31.49607938563578	8.572592126080023	0.07494579633975156	-6.265913234582009	16	116
207.5	195.0	331.78463925448386	1.8078604595091943	31.49607938563578	8.572592126080023	0.14199596952868643	-6.96319093461813	16	116
212.5	200.0	331.78463925448386	1.8078604595091943	31.49607938563578	8.572592126080023	0.26233719343903794	-5.807430786358197	16	116
217.5	215.0	331.78463925448386	1.8078604595091943	31.49607938563578	8.572592126080023	0.47260556427411055	-4.050630053474501	16	116
222.5	195.0	331.78463925448386	1.8078604595091943	31.49607938563578	8.572592126080023	0.8302194525061104	-4.396467109956489	16	116
227.5	206.0	331.78463925448386	1.8078604595091943	31.49607938563578	8.572592126080023	1.4221391464410502	-2.879830015205243	16	116
232.5	194.0	331.78463925448386	1.8078604595091943	31.49607938563578	8.572592126080023	2.375452711554489	-2.8433582238675403	16	116
237.5	192.0	331.78463925448386	1.8078604595091943	31.49607938563578	8.572592126080023	3.869062980937355	-2.2265247013164062	16	116
242.5	174.0	331.78463925448386	1.8078604595091943	31.49607938563578	8.572592126080023	6.14497784040633	-2.772256335770895	16	116
247.5	189.0	331.78463925448386	1.8078604595091943	31.49607938563578	8.572592126080023	9.516778356367226	-1.162057846644154	16	116
252.5	205.0	331.78463925448386	1.8078604595091943	31.49607938563578	8.572592126080023	14.371916998505164	0.4304434104044558	16	116
257.5	174.0	331.78463925448386	1.8078604595091943	31.49607938563578	8.572592126080023	21.163844299806733	-1.4912690464039697	16	116
262.5	206.0	331.78463925448386	1.8078604595091943	31.49607938563578	8.572592126080023	30.389917920980572	0.8779327492813703	16	116
267.5	226.0	331.78463925448386	1.8078604595091943	31.49607938563578	8.572592126080023	42.55196384183165	2.120925640501466	16	116
272.5	213.0	331.78463925448386	1.8078604595091943	31.49607938563578	8.572592126080023	58.0984841446191	0.7200591538754465	16	116
277.5	257.0	331.78463925448386	1.8078604595091943	31.49607938563578	8.572592126080023	77.35085279954352	2.980733538185382	16	116
282.5	237.0	331.78463925448386	1.8078604595091943	31.49607938563578	8.572592126080023	100.42007073481436	0.563796619323291	16	116
287.5	251.0	331.78463925448386	1.8078604595091943	31.49607938563578	8.572592126080023	127.12502506845904	0.2150915332515329	16	116
292.5	278.0	331.78463925448386	1.8078604595091943	31.49607938563578	8.572592126080023	156.9266457851463	0.4685534414265173	16	116
297.5	274.0	331.78463925448386	1.8078604595091943	31.49607938563578	8.572592126080023	188.89368733121722	-1.2543138381246377	16	116
302.5	315.0	331.78463925448386	1.8078604595091943	31.49607938563578	8.572592126080023	221.71409769784015	-0.3945534402294438	16	116
307.5	329.0	331.78463925448386	1.8078604595091943	31.49607938563578	8.572592126080023	253.76065387304718	-1.0287404190455238	16	116
312.5	377.0	331.78463925448386	1.8078604595091943	31.49607938563578	8.572592126080023	283.2111664002758	0.2557834332726776	16	116
317.5	359.0	331.78463925448386	1.8078604595091943	31.49607938563578	8.572592126080023	308.2134398196512	-1.6579252880388127	16	116
322.5	367.0	331.78463925448386	1.8078604595091943	31.49607938563578	8.572592126080023	327.0754022074472	-1.9232032401301116	16	116
327.5	427.0	331.78463925448386	1.8078604595091943	31.49607938563578	8.572592126080023	338.45373231036353	0.7154964831025825	16	116
332.5	426.0	331.78463925448386	1.8078604595091943	31.49607938563578	8.572592126080023	341.5119013861003	0.7322108179794022	16	116
337.5	397.0	331.78463925448386	1.8078604595091943	31.49607938563578	8.572592126080023	336.0218281690621	-0.22693837571676842	16	116
342.5	387.0	331.78463925448386	1.8078604595091943	31.49607938563578	8.572592126080023	322.39199479681236	0.15076284938992043	16	116
347.5	372.0	331.78463925448386	1.8078604595091943	31.49607938563578	8.572592126080023	301.61721145726943	0.6524355306448114	16	116
352.5	335.0	331.78463925448386	1.8078604595091943	31.49607938563578	8.572592126080023	275.15860772976885	0.2896328166805152	16	116
357.5	295.0	331.78463925448386	1.8078604595091943	31.49607938563578	8.572592126080023	244.77395099426238	-0.06569254315484645	16	116
362.5	242.0	331.78463925448386	1.8078604595091943	31.49607938563578	8.572592126080023	212.32562180711605	-1.1550161869811013	16	116
367.5	222.0	331.78463925448386	1.8078604595091943	31.49607938563578	8.572592126080023	179.59519911848867	-0.20405707143211713	16	116
372.5	187.0	331.78463925448386	1.8078604595091943	31.49607938563578	8.572592126080023	148.12970344482287	-0.2829110546305194	16	116
377.5	169.0	331.78463925448386	1.8078604595091943	31.49607938563578	8.572592126080023	119.13646114037017	0.7613765001742756	16	116
382.5	115.0	331.78463925448386	1.8078604595091943	31.49607938563578	8.572592126080023	93.43344231489893	-1.4230056178167867	16	116
387.5	105.0	331.78463925448386	1.8078604595091943	31.49607938563578	8.572592126080023	71.45211943806747	-0.2016441434900544	16	116
392.5	98.0	331.78463925448386	1.8078604595091943	31.49607938563578	8.572592126080023	53.2823036601675	1.2008870504321325	16	116
397.5	61.0	331.78463925448386	1.8078604595091943	31.49607938563578	8.572592126080023	38.7441362159519	-1.1082422607283957	16	116
402.5	63.0	331.78463925448386	1.8078604595091943	31.49607938563578	8.572592126080023	27.47160822998403	0.7731805835629688	16	116
407.5	54.0	331.78463925448386	1.8078604595091943	31.49607938563578	8.572592126080023	18.994037792899622	1.0331304767820202	16	116
412.5	53.0	331.78463925448386	1.8078604595091943	31.49607938563578	8.572592126080023	12.805767808592543	2.2258919498521625	16	116
417.5	35.0	331.78463925448386	1.8078604595091943	31.49607938563578	8.572592126080023	8.418778051036826	0.32231667337905273	16	116
422.5	36.0	331.78463925448386	1.8078604595091943	31.49607938563578	8.572592126080023	5.39694023884114	1.3707703306147683	16	116
427.5	28.0	331.78463925448386	1.8078604595091943	31.49607938563578	8.572592126080023	3.3736596735272673	0.5444776552667079	16	116
432.5	32.0	331.78463925448386	1.8078604595091943	31.49607938563578	8.572592126080023	2.0564115885574115	1.9639806148985313	16	116
437.5	20.0	331.78463925448386	1.8078604595091943	31.49607938563578	8.572592126080023	1.2222890669993092	-0.13246999410453292	16	116
442.5	14.0	331.78463925448386	1.8078604595091943	31.49607938563578	8.572592126080023	0.7084234417397769	-1.1355478262608376	16	116
447.5	17.0	331.78463925448386	1.8078604595091943	31.49607938563578	8.572592126080023	0.4003750739133615	-0.13284701454606662	16	116
452.5	18.0	331.78463925448386	1.8078604595091943	31.49607938563578	8.572592126080023	0.2206460981990477	0.40466803809027735	16	116
457.5	14.0	331.78463925448386	1.8078604595091943	31.49607938563578	8.572592126080023	0.11857157372095839	-0.3340796072980201	16	116
462.5	19.0	331.78463925448386	1.8078604595091943	31.49607938563578	8.572592126080023	0.06213267159072485	1.2265757256203256	16	116
467.5	15.0	331.78463925448386	1.8078604595091943	31.49607938563578	8.572592126080023	0.03174786929198217	0.4145272031724265	16	116
472.5	13.0	331.78463925448386	1.8078604595091943	31.49607938563578	8.572592126080023	0.015818461842043698	0.09338662764455141	16	116
477.5	8.0	331.78463925448386	1.8078604595091943	31.49607938563578	8.572592126080023	0.007685445208064737	-1.133420956848011	16	116
482.5	5.0	331.78463925448386	1.8078604595091943	31.49607938563578	8.572592126080023	0.003641069108353114	-1.8535377331588216	16	116
487.5	9.0	331.78463925448386	1.8078604595091943	31.49607938563578	8.572592126080023	0.0016820694579543877	-0.4744832791318473	16	116
492.5	7.0	331.78463925448386	1.8078604595091943	31.49607938563578	8.572592126080023	0.0007577292290575285	-0.9262212085180597	16	116
497.5	9.0	331.78463925448386	1.8078604595091943	31.49607938563578	8.572592126080023	0.0003328428769507827	-0.10814802733639925	16	116
502.5	8.0	331.78463925448386	1.8078604595091943	31.49607938563578	8.572592126080023	0.00014256719533715538	-0.2628505533580514	16	116
507.5	8.0	331.78463925448386	1.8078604595091943	31.49607938563578	8.572592126080023	5.95463377802377e-05	-0.09044724496415742	16	116
512.5	4.0	331.78463925448386	1.8078604595091943	31.49607938563578	8.572592126080023	2.425189164445241e-05	-1.3529680067840626	16	116
517.5	6.0	331.78463925448386	1.8078604595091943	31.49607938563578	8.572592126080023	9.63144155366344e-06	-0.48536663728166374	16	116
522.5	10.0	331.78463925448386	1.8078604595091943	31.49607938563578	8.572592126080023	3.7298561258089034e-06	1.1893128407070732	16	116
527.5	10.0	331.78463925448386	1.8078604595091943	31.49607938563578	8.572592126080023	1.4084712221492895e-06	1.385894835669475	16	116
532.5	5.0	331.78463925448386	1.8078604595091943	31.49607938563578	8.572592126080023	5.186316158583235e-07	-0.44213837606320155	16	116
537.5	7.0	331.78463925448386	1.8078604595091943	31.49607938563578	8.572592126080023	1.8621948006331916e-07	0.5299672034988303	16	116
542.5	3.0	331.78463925448386	1.8078604595091943	31.49607938563578	8.572592126080023	6.519981199576924e-08	-1.030307169587454	16	116
547.5	5.0	331.78463925448386	1.8078604595091943	31.49607938563578	8.572592126080023	2.225987334858747e-08	-0.03280657949968166	16	116
552.5	7.0	331.78463925448386	1.8078604595091943	31.49607938563578	8.572592126080023	7.410613213087256e-09	1.0187557034581356	16	116
557.5	4.0	331.78463925448386	1.8078604595091943	31.49607938563578	8.572592126080023	2.405695831932798e-09	-0.23210920218640166	16	116
562.5	5.0	331.78463925448386	1.8078604595091943	31.49607938563578	8.572592126080023	7.615218991740875e-10	0.37625097520850254	16	116
567.5	8.0	331.78463925448386	1.8078604595091943	31.49607938563578	8.572592126080023	2.3506024795569083e-10	2.0175160110508616	16	116
572.5	8.0	331.78463925448386	1.8078604595091943	31.49607938563578	8.572592126080023	7.075075762877889e-11	2.201396683293221	16	116
577.5	7.0	331.78463925448386	1.8078604595091943	31.49607938563578	8.572592126080023	2.076529530295746e-11	1.8543635912269723	16	116
582.5	3.0	331.78463925448386	1.8078604595091943	31.49607938563578	8.572592126080023
587.5	7.0	331.78463925448386	1.8078604595091943	31.49607938563578	8.572592126080023
592.5	4.0	331.78463925448386	1.8078604595091943	31.49607938563578	8.572592126080023
597.5	2.0	331.78463925448386	1.8078604595091943	31.49607938563578	8.572592126080023
602.5	4.0	331.78463925448386	1.8078604595091943	31.49607938563578	8.572592126080023
607.5	1.0	331.78463925448386	1.8078604595091943	31.49607938563578	8.572592126080023
612.5	2.0	331.78463925448386	1.8078604595091943	31.49607938563578	8.572592126080023
617.5	5.0	331.78463925448386	1.8078604595091943	31.49607938563578	8.572592126080023
622.5	2.0	331.78463925448386	1.8078604595091943	31.49607938563578	8.572592126080023
627.5	1.0	331.78463925448386	1.8078604595091943	31.49607938563578	8.572592126080023
632.5	3.0	331.78463925448386	1.8078604595091943	31.49607938563578	8.572592126080023
637.5	2.0	331.78463925448386	1.8078604595091943	31.49607938563578	8.572592126080023
642.5	5.0	331.78463925448386	1.8078604595091943	31.49607938563578	8.572592126080023
647.5	4.0	331.78463925448386	1.8078604595091943	31.49607938563578	8.572592126080023
652.5	4.0	331.78463925448386	1.8078604595091943	31.49607938563578	8.572592126080023
657.5	4.0	331.78463925448386	1.8078604595091943	31.49607938563578	8.572592126080023
662.5	2.0	331.78463925448386	1.8078604595091943	31.49607938563578	8.572592126080023
667.5	2.0	331.78463925448386	1.8078604595091943	31.49607938563578	8.572592126080023
672.5	1.0	331.78463925448386	1.8078604595091943	31.49607938563578	8.572592126080023
677.5	4.0	331.78463925448386	1.8078604595091943	31.49607938563578	8.572592126080023
682.5	3.0	331.78463925448386	1.8078604595091943	31.49607938563578	8.572592126080023
687.5	3.0	331.78463925448386	1.8078604595091943	31.49607938563578	8.572592126080023
692.5	2.0	331.78463925448386	1.8078604595091943	31.49607938563578	8.572592126080023
697.5	7.0	331.78463925448386	1.8078604595091943	31.49607938563578	8.572592126080023
702.5	2.0	331.78463925448386	1.8078604595091943	31.49607938563578	8.572592126080023
707.5	3.0	331.78463925448386	1.8078604595091943	31.49607938563578	8.572592126080023
712.5	1.0	331.78463925448386	1.8078604595091943	31.49607938563578	8.572592126080023
717.5	3.0	331.78463925448386	1.8078604595091943	31.49607938563578	8.572592126080023
722.5	5.0	331.78463925448386	1.8078604595091943	31.49607938563578	8.572592126080023
727.5	3.0	331.78463925448386	1.8078604595091943	31.49607938563578	8.572592126080023
732.5	3.0	331.78463925448386	1.8078604595091943	31.49607938563578	8.572592126080023
737.5	3.0	331.78463925448386	1.8078604595091943	31.49607938563578	8.572592126080023
742.5	4.0	331.78463925448386	1.8078604595091943	31.49607938563578	8.572592126080023
747.5	2.0	331.78463925448386	1.8078604595091943	31.49607938563578	8.572592126080023
752.5	4.0	331.78463925448386	1.8078604595091943	31.49607938563578	8.572592126080023
757.5	3.0	331.78463925448386	1.8078604595091943	31.49607938563578	8.572592126080023
762.5	1.0	331.78463925448386	1.8078604595091943	31.49607938563578	8.572592126080023
767.5	2.0	331.78463925448386	1.8078604595091943	31.49607938563578	8.572592126080023
772.5	1.0	331.78463925448386	1.8078604595091943	31.49607938563578	8.572592126080023
777.5	6.0	331.78463925448386	1.8078604595091943	31.49607938563578	8.572592126080023
782.5	3.0	331.78463925448386	1.8078604595091943	31.49607938563578	8.572592126080023
787.5	4.0	331.78463925448386	1.8078604595091943	31.49607938563578	8.572592126080023
792.5	3.0	331.78463925448386	1.8078604595091943	31.49607938563578	8.572592126080023
797.5	2.0	331.78463925448386	1.8078604595091943	31.49607938563578	8.572592126080023
802.5	5.0	331.78463925448386	1.8078604595091943	31.49607938563578	8.572592126080023
807.5	7.0	331.78463925448386	1.8078604595091943	31.49607938563578	8.572592126080023
812.5	2.0	331.78463925448386	1.8078604595091943	31.49607938563578	8.572592126080023
817.5	2.0	331.78463925448386	1.8078604595091943	31.49607938563578	8.572592126080023
822.5	4.0	331.78463925448386	1.8078604595091943	31.49607938563578	8.572592126080023
827.5	3.0	331.78463925448386	1.8078604595091943	31.49607938563578	8.572592126080023
832.5	5.0	331.78463925448386	1.8078604595091943	31.49607938563578	8.572592126080023
837.5	5.0	331.78463925448386	1.8078604595091943	31.49607938563578	8.572592126080023
842.5	4.0	331.78463925448386	1.8078604595091943	31.49607938563578	8.572592126080023
847.5	5.0	331.78463925448386	1.8078604595091943	31.49607938563578	8.572592126080023
852.5	5.0	331.78463925448386	1.8078604595091943	31.49607938563578	8.572592126080023
857.5	3.0	331.78463925448386	1.8078604595091943	31.49607938563578	8.572592126080023
862.5	1.0	331.78463925448386	1.8078604595091943	31.49607938563578	8.572592126080023
867.5	5.0	331.78463925448386	1.8078604595091943	31.49607938563578	8.572592126080023
872.5	4.0	331.78463925448386	1.8078604595091943	31.49607938563578	8.572592126080023
877.5	3.0	331.78463925448386	1.8078604595091943	31.49607938563578	8.572592126080023
882.5	2.0	331.78463925448386	1.8078604595091943	31.49607938563578	8.572592126080023
887.5	4.0	331.78463925448386	1.8078604595091943	31.49607938563578	8.572592126080023
892.5	4.0	331.78463925448386	1.8078604595091943	31.49607938563578	8.572592126080023
897.5	9.0	331.78463925448386	1.8078604595091943	31.49607938563578	8.572592126080023
902.5	4.0	331.78463925448386	1.8078604595091943	31.49607938563578	8.572592126080023
907.5	6.0	331.78463925448386	1.8078604595091943	31.49607938563578	8.572592126080023
912.5	1.0	331.78463925448386	1.8078604595091943	31.49607938563578	8.572592126080023
917.5	5.0	331.78463925448386	1.8078604595091943	31.49607938563578	8.572592126080023
922.5	4.0	331.78463925448386	1.8078604595091943	31.49607938563578	8.572592126080023
927.5	0.0	331.78463925448386	1.8078604595091943	31.49607938563578	8.572592126080023
932.5	4.0	331.78463925448386	1.8078604595091943	31.49607938563578	8.572592126080023
937.5	2.0	331.78463925448386	1.8078604595091943	31.49607938563578	8.572592126080023
942.5	8.0	331.78463925448386	1.8078604595091943	31.49607938563578	8.572592126080023
947.5	3.0	331.78463925448386	1.8078604595091943	31.49607938563578	8.572592126080023
952.5	4.0	331.78463925448386	1.8078604595091943	31.49607938563578	8.572592126080023
957.5	6.0	331.78463925448386	1.8078604595091943	31.49607938563578	8.572592126080023
962.5	2.0	331.78463925448386	1.8078604595091943	31.49607938563578	8.572592126080023
967.5	1.0	331.78463925448386	1.8078604595091943	31.49607938563578	8.572592126080023
972.5	3.0	331.78463925448386	1.8078604595091943	31.49607938563578	8.572592126080023
977.5	5.0	331.78463925448386	1.8078604595091943	31.49607938563578	8.572592126080023
982.5	5.0	331.78463925448386	1.8078604595091943	31.49607938563578	8.572592126080023
987.5	2.0	331.78463925448386	1.8078604595091943	31.49607938563578	8.572592126080023
992.5	3.0	331.78463925448386	1.8078604595091943	31.49607938563578	8.572592126080023
997.5	3.0	331.78463925448386	1.8078604595091943	31.49607938563578	8.572592126080023
1002.5	3.0	331.78463925448386	1.8078604595091943	31.49607938563578	8.572592126080023
1007.5	3.0	331.78463925448386	1.8078604595091943	31.49607938563578	8.572592126080023
1012.5	4.0	331.78463925448386	1.8078604595091943	31.49607938563578	8.572592126080023
1017.5	3.0	331.78463925448386	1.8078604595091943	31.49607938563578	8.572592126080023
1022.5	1.0	331.78463925448386	1.8078604595091943	31.49607938563578	8.572592126080023
1027.5	2.0	331.78463925448386	1.8078604595091943	31.49607938563578	8.572592126080023
1032.5	6.0	331.78463925448386	1.8078604595091943	31.49607938563578	8.572592126080023
1037.5	7.0	331.78463925448386	1.8078604595091943	31.49607938563578	8.572592126080023
1042.5	5.0	331.78463925448386	1.8078604595091943	31.49607938563578	8.572592126080023
1047.5	2.0	331.78463925448386	1.8078604595091943	31.49607938563578	8.572592126080023
1052.5	2.0	331.78463925448386	1.8078604595091943	31.49607938563578	8.572592126080023
1057.5	5.0	331.78463925448386	1.8078604595091943	31.49607938563578	8.572592126080023
1062.5	4.0	331.78463925448386	1.8078604595091943	31.49607938563578	8.572592126080023
1067.5	2.0	331.78463925448386	1.8078604595091943	31.49607938563578	8.572592126080023
1072.5	3.0	331.78463925448386	1.8078604595091943	31.49607938563578	8.572592126080023
1077.5	4.0	331.78463925448386	1.8078604595091943	31.49607938563578	8.572592126080023
1082.5	3.0	331.78463925448386	1.8078604595091943	31.49607938563578	8.572592126080023
1087.5	3.0	331.78463925448386	1.8078604595091943	31.49607938563578	8.572592126080023
1092.5	3.0	331.78463925448386	1.8078604595091943	31.49607938563578	8.572592126080023
1097.5	3.0	331.78463925448386	1.8078604595091943	31.49607938563578	8.572592126080023
1102.5	5.0	331.78463925448386	1.8078604595091943	31.49607938563578	8.572592126080023
1107.5	5.0	331.78463925448386	1.8078604595091943	31.49607938563578	8.572592126080023
1112.5	1.0	331.78463925448386	1.8078604595091943	31.49607938563578	8.572592126080023
1117.5	1.0	331.78463925448386	1.8078604595091943	31.49607938563578	8.572592126080023
1122.5	2.0	331.78463925448386	1.8078604595091943	31.49607938563578	8.572592126080023
1127.5	5.0	331.78463925448386	1.8078604595091943	31.49607938563578	8.572592126080023
1132.5	2.0	331.78463925448386	1.8078604595091943	31.49607938563578	8.572592126080023
1137.5	5.0	331.78463925448386	1.8078604595091943	31.49607938563578	8.572592126080023
1142.5	2.0	331.78463925448386	1.8078604595091943	31.49607938563578	8.572592126080023
1147.5	3.0	331.78463925448386	1.8078604595091943	31.49607938563578	8.572592126080023
1152.5	1.0	331.78463925448386	1.8078604595091943	31.49607938563578	8.572592126080023
1157.5	1.0	331.78463925448386	1.8078604595091943	31.49607938563578	8.572592126080023
1162.5	2.0	331.78463925448386	1.8078604595091943	31.49607938563578	8.572592126080023
1167.5	3.0	331.78463925448386	1.8078604595091943	31.49607938563578	8.572592126080023
1172.5	2.0	331.78463925448386	1.8078604595091943	31.49607938563578	8.572592126080023
1177.5	1.0	331.78463925448386	1.8078604595091943	31.49607938563578	8.572592126080023
1182.5	5.0	331.78463925448386	1.8078604595091943	31.49607938563578	8.572592126080023
1187.5	4.0	331.78463925448386	1.8078604595091943	31.49607938563578	8.572592126080023
1192.5	3.0	331.78463925448386	1.8078604595091943	31.49607938563578	8.572592126080023
1197.5	4.0	331.78463925448386	1.8078604595091943	31.49607938563578	8.572592126080023
