2.5	786748.0	330.6150710828131	0.21288104100261904	35.717487512391145	0.2798004042165732
7.5	409399.0	330.6150710828131	0.21288104100261904	35.717487512391145	0.2798004042165732
12.5	245174.0	330.6150710828131	0.21288104100261904	35.717487512391145	0.2798004042165732
17.5	192141.0	330.6150710828131	0.21288104100261904	35.717487512391145	0.2798004042165732
22.5	136557.0	330.6150710828131	0.21288104100261904	35.717487512391145	0.2798004042165732
27.5	93667.0	330.6150710828131	0.21288104100261904	35.717487512391145	0.2798004042165732
32.5	66040.0	330.6150710828131	0.21288104100261904	35.717487512391145	0.2798004042165732
37.5	49511.0	330.6150710828131	0.21288104100261904	35.717487512391145	0.2798004042165732
42.5	38002.0	330.6150710828131	0.21288104100261904	35.717487512391145	0.2798004042165732
47.5	30512.0	330.6150710828131	0.21288104100261904	35.717487512391145	0.2798004042165732
52.5	25203.0	330.6150710828131	0.21288104100261904	35.717487512391145	0.2798004042165732
57.5	21398.0	330.6150710828131	0.21288104100261904	35.717487512391145	0.2798004042165732
62.5	18300.0	330.6150710828131	0.21288104100261904	35.717487512391145	0.2798004042165732
67.5	16026.0	330.6150710828131	0.21288104100261904	35.717487512391145	0.2798004042165732
72.5	13987.0	330.6150710828131	0.21288104100261904	35.717487512391145	0.2798004042165732
77.5	12348.0	330.6150710828131	0.21288104100261904	35.717487512391145	0.2798004042165732
82.5	10910.0	330.6150710828131	0.21288104100261904	35.717487512391145	0.2798004042165732	1.3631741057146345e-07	1133029.2034944296	16	116
87.5	9810.0	330.6150710828131	0.21288104100261904	35.717487512391145	0.2798004042165732	3.569602877661075e-07	1683460.983715958	16	116
92.5	8991.0	330.6150710828131	0.21288104100261904	35.717487512391145	0.2798004042165732	9.165957357575871e-07	2483087.2974913763	16	116
97.5	8286.0	330.6150710828131	0.21288104100261904	35.717487512391145	0.2798004042165732	2.3079431985142483e-06	3193181.5758188143	16	116
102.5	7467.0	330.6150710828131	0.21288104100261904	35.717487512391145	0.2798004042165732	5.698515761839473e-06	2762778.9001565846	16	116
107.5	6925.0	330.6150710828131	0.21288104100261904	35.717487512391145	0.2798004042165732	1.379709789686861e-05	1826166.070191824	16	116
112.5	6466.0	330.6150710828131	0.21288104100261904	35.717487512391145	0.2798004042165732	3.27569224081521e-05	1126124.1864544025	16	116
117.5	6016.0	330.6150710828131	0.21288104100261904	35.717487512391145	0.2798004042165732	7.626193006176937e-05	688549.9072271907	16	116
122.5	5640.0	330.6150710828131	0.21288104100261904	35.717487512391145	0.2798004042165732	0.00017410123301730398	427408.75780234695	16	116
127.5	5193.0	330.6150710828131	0.21288104100261904	35.717487512391145	0.2798004042165732	0.00038974922080402865	263038.9293626294	16	116
132.5	4891.0	330.6150710828131	0.21288104100261904	35.717487512391145	0.2798004042165732	0.000855574867170095	167212.07880669655	16	116
137.5	4555.0	330.6150710828131	0.21288104100261904	35.717487512391145	0.2798004042165732	0.001841705290363004	106139.73056857842	16	116
142.5	4510.0	330.6150710828131	0.21288104100261904	35.717487512391145	0.2798004042165732	0.0038875107852898924	72333.64278023367	16	116
147.5	4113.0	330.6150710828131	0.21288104100261904	35.717487512391145	0.2798004042165732	0.008046600361331448	45851.29845910349	16	116
152.5	3872.0	330.6150710828131	0.21288104100261904	35.717487512391145	0.2798004042165732	0.0163321218738643	30297.877819094858	16	116
157.5	3712.0	330.6150710828131	0.21288104100261904	35.717487512391145	0.2798004042165732	0.03250589632813078	20588.423418682363	16	116
162.5	3422.0	330.6150710828131	0.21288104100261904	35.717487512391145	0.2798004042165732	0.06344114811659568	13585.83815546589	16	116
167.5	3267.0	330.6150710828131	0.21288104100261904	35.717487512391145	0.2798004042165732	0.12141414228638683	9375.584579275488	16	116
172.5	3008.0	330.6150710828131	0.21288104100261904	35.717487512391145	0.2798004042165732	0.22785411308260745	6301.10181077343	16	116
177.5	2862.0	330.6150710828131	0.21288104100261904	35.717487512391145	0.2798004042165732	0.4193086515161585	4419.153479748243	16	116
182.5	2731.0	330.6150710828131	0.21288104100261904	35.717487512391145	0.2798004042165732	0.7566588708880511	3138.71073350687	16	116
187.5	2587.0	330.6150710828131	0.21288104100261904	35.717487512391145	0.2798004042165732	1.33892357052902	2234.5686642336223	16	116
192.5	2435.0	330.6150710828131	0.21288104100261904	35.717487512391145	0.2798004042165732	2.3232759683046136	1596.0040891514711	16	116
197.5	2238.0	330.6150710828131	0.21288104100261904	35.717487512391145	0.2798004042165732	3.953076032261114	1123.6335731557936	16	116
202.5	2278.0	330.6150710828131	0.21288104100261904	35.717487512391145	0.2798004042165732	6.59566955227	884.4331349867275	16	116
207.5	2235.0	330.6150710828131	0.21288104100261904	35.717487512391145	0.2798004042165732	10.791255239609546	677.0793389293276	16	116
212.5	2006.0	330.6150710828131	0.21288104100261904	35.717487512391145	0.2798004042165732	17.31308234778258	477.9464271665179	16	116
217.5	1953.0	330.6150710828131	0.21288104100261904	35.717487512391145	0.2798004042165732	27.23743324200971	368.99429462525814	16	116
222.5	1961.0	330.6150710828131	0.21288104100261904	35.717487512391145	0.2798004042165732	42.0191552477907	296.03767251843067	16	116
227.5	1942.0	330.6150710828131	0.21288104100261904	35.717487512391145	0.2798004042165732	63.564964619106554	235.60650394580114	16	116
232.5	1850.0	330.6150710828131	0.21288104100261904	35.717487512391145	0.2798004042165732	94.29260982188819	180.8061959728705	16	116
237.5	1933.0	330.6150710828131	0.21288104100261904	35.717487512391145	0.2798004042165732	137.15980440520022	153.33957648145267	16	116
242.5	1990.0	330.6150710828131	0.21288104100261904	35.717487512391145	0.2798004042165732	195.64349484716305	128.28504397701067	16	116
247.5	1871.0	330.6150710828131	0.21288104100261904	35.717487512391145	0.2798004042165732	273.64865720872143	96.56145262778296	16	116
252.5	1923.0	330.6150710828131	0.21288104100261904	35.717487512391145	0.2798004042165732	375.32767178715227	79.88656089211526	16	116
257.5	1856.0	330.6150710828131	0.21288104100261904	35.717487512391145	0.2798004042165732	504.79750817248083	60.1397801656348	16	116
262.5	1941.0	330.6150710828131	0.21288104100261904	35.717487512391145	0.2798004042165732	665.7530645565598	49.42397843124893	16	116
267.5	2100.0	330.6150710828131	0.21288104100261904	35.717487512391145	0.2798004042165732	860.9907788604961	42.22554740963688	16	116
272.5	1997.0	330.6150710828131	0.21288104100261904	35.717487512391145	0.2798004042165732	1091.8756488162464	27.39186855622209	16	116
277.5	2061.0	330.6150710828131	0.21288104100261904	35.717487512391145	0.2798004042165732	1357.8044096060369	19.083478120615005	16	116
282.5	2184.0	330.6150710828131	0.21288104100261904	35.717487512391145	0.2798004042165732	1655.7341384745	12.982467505250275	16	116
287.5	2260.0	330.6150710828131	0.21288104100261904	35.717487512391145	0.2798004042165732	1979.8548237502112	6.296025463982467	16	116
292.5	2484.0	330.6150710828131	0.21288104100261904	35.717487512391145	0.2798004042165732	2321.4826538825114	3.3730051188270354	16	116
297.5	2632.0	330.6150710828131	0.21288104100261904	35.717487512391145	0.2798004042165732	2669.2355115560013	-0.7207155255814496	16	116
302.5	2946.0	330.6150710828131	0.21288104100261904	35.717487512391145	0.2798004042165732	3009.523226254675	-1.1579337102876448	16	116
307.5	3168.0	330.6150710828131	0.21288104100261904	35.717487512391145	0.2798004042165732	3327.3451937393106	-2.7624220957172603	16	116
312.5	3395.0	330.6150710828131	0.21288104100261904	35.717487512391145	0.2798004042165732	3607.3424507676004	-3.5354372972938832	16	116
317.5	3605.0	330.6150710828131	0.21288104100261904	35.717487512391145	0.2798004042165732	3835.007701199955	-3.7141484439057675	16	116
322.5	3841.0	330.6150710828131	0.21288104100261904	35.717487512391145	0.2798004042165732	3997.9233415921526	-2.4818202076172144	16	116
327.5	4138.0	330.6150710828131	0.21288104100261904	35.717487512391145	0.2798004042165732	4086.88143661059	0.7996181084973146	16	116
332.5	4044.0	330.6150710828131	0.21288104100261904	35.717487512391145	0.2798004042165732	4096.745347034519	-0.8240710729281893	16	116
337.5	4156.0	330.6150710828131	0.21288104100261904	35.717487512391145	0.2798004042165732	4026.9408801277154	2.033766419493989	16	116
342.5	3952.0	330.6150710828131	0.21288104100261904	35.717487512391145	0.2798004042165732	3881.5116369973966	1.1314020948113888	16	116
347.5	3858.0	330.6150710828131	0.21288104100261904	35.717487512391145	0.2798004042165732	3668.731136032376	3.1247928530614058	16	116
352.5	3617.0	330.6150710828131	0.21288104100261904	35.717487512391145	0.2798004042165732	3400.3234670450897	3.715795132257827	16	116
357.5	3253.0	330.6150710828131	0.21288104100261904	35.717487512391145	0.2798004042165732	3090.3945843666024	2.925014604213656	16	116
362.5	2877.0	330.6150710828131	0.21288104100261904	35.717487512391145	0.2798004042165732	2754.209612101225	2.3397307159093503	16	116
367.5	2418.0	330.6150710828131	0.21288104100261904	35.717487512391145	0.2798004042165732	2406.9629171420543	0.22496740731393008	16	116
372.5	1975.0	330.6150710828131	0.21288104100261904	35.717487512391145	0.2798004042165732	2062.6767022799418	-1.930494750448769	16	116
377.5	1596.0	330.6150710828131	0.21288104100261904	35.717487512391145	0.2798004042165732	1733.3341016415623	-3.2986576914787724	16	116
382.5	1328.0	330.6150710828131	0.21288104100261904	35.717487512391145	0.2798004042165732	1428.3109106723475	-2.654219260357984	16	116
387.5	955.0	330.6150710828131	0.21288104100261904	35.717487512391145	0.2798004042165732	1154.124286860739	-5.8613538877285	16	116
392.5	722.0	330.6150710828131	0.21288104100261904	35.717487512391145	0.2798004042165732	914.4748393459528	-6.364848713779317	16	116
397.5	529.0	330.6150710828131	0.21288104100261904	35.717487512391145	0.2798004042165732	710.5265255680987	-6.810044462593184	16	116
402.5	398.0	330.6150710828131	0.21288104100261904	35.717487512391145	0.2798004042165732	541.3500544797284	-6.1611072648491785	16	116
407.5	295.0	330.6150710828131	0.21288104100261904	35.717487512391145	0.2798004042165732	404.45054788471066	-5.442334433921821	16	116
412.5	222.0	330.6150710828131	0.21288104100261904	35.717487512391145	0.2798004042165732	296.30707781944176	-4.316772585630259	16	116
417.5	135.0	330.6150710828131	0.21288104100261904	35.717487512391145	0.2798004042165732	212.86682235241264	-5.337015492407271	16	116
422.5	137.0	330.6150710828131	0.21288104100261904	35.717487512391145	0.2798004042165732	149.95580512192646	-1.0579929295656523	16	116
427.5	94.0	330.6150710828131	0.21288104100261904	35.717487512391145	0.2798004042165732	103.58764098091596	-0.9420149421891605	16	116
432.5	63.0	330.6150710828131	0.21288104100261904	35.717487512391145	0.2798004042165732	70.16846194027686	-0.8557659555852357	16	116
437.5	76.0	330.6150710828131	0.21288104100261904	35.717487512391145	0.2798004042165732	46.60852137838046	4.305154803457009	16	116
442.5	57.0	330.6150710828131	0.21288104100261904	35.717487512391145	0.2798004042165732	30.35834191997869	4.8352866589006	16	116
447.5	45.0	330.6150710828131	0.21288104100261904	35.717487512391145	0.2798004042165732	19.390103389584688	5.815911145104189	16	116
452.5	64.0	330.6150710828131	0.21288104100261904	35.717487512391145	0.2798004042165732	12.144273957108545	14.88027445252135	16	116
457.5	56.0	330.6150710828131	0.21288104100261904	35.717487512391145	0.2798004042165732	7.4585145422906365	17.774070235578304	16	116
462.5	51.0	330.6150710828131	0.21288104100261904	35.717487512391145	0.2798004042165732	4.491821402695236	21.94411605660746	16	116
467.5	48.0	330.6150710828131	0.21288104100261904	35.717487512391145	0.2798004042165732	2.6526623516838987	27.842665369675437	16	116
472.5	52.0	330.6150710828131	0.21288104100261904	35.717487512391145	0.2798004042165732	1.5361400824234068	40.71599528784492	16	116
477.5	44.0	330.6150710828131	0.21288104100261904	35.717487512391145	0.2798004042165732	0.8723063283938555	46.176575547073085	16	116
482.5	48.0	330.6150710828131	0.21288104100261904	35.717487512391145	0.2798004042165732	0.48573184738496644	68.17509545983192	16	116
487.5	43.0	330.6150710828131	0.21288104100261904	35.717487512391145	0.2798004042165732	0.26522440849020473	82.98023931172933	16	116
492.5	45.0	330.6150710828131	0.21288104100261904	35.717487512391145	0.2798004042165732	0.14201027026460225	119.03644004416591	16	116
497.5	47.0	330.6150710828131	0.21288104100261904	35.717487512391145	0.2798004042165732	0.07456162638798011	171.850441481202	16	116
502.5	53.0	330.6150710828131	0.21288104100261904	35.717487512391145	0.2798004042165732	0.03838842951954063	270.3093194379946	16	116
507.5	43.0	330.6150710828131	0.21288104100261904	35.717487512391145	0.2798004042165732	0.019380932651288568	308.73461889374204	16	116
512.5	46.0	330.6150710828131	0.21288104100261904	35.717487512391145	0.2798004042165732	0.00959485362190488	469.5134724775497	16	116
517.5	40.0	330.6150710828131	0.21288104100261904	35.717487512391145	0.2798004042165732	0.004657913175649781	586.0217314459721	16	116
522.5	42.0	330.6150710828131	0.21288104100261904	35.717487512391145	0.2798004042165732	0.002217347591689453	891.8862578835381	16	116
527.5	44.0	330.6150710828131	0.21288104100261904	35.717487512391145	0.2798004042165732	0.0010350599921479394	1367.6019105987332	16	116
532.5	32.0	330.6150710828131	0.21288104100261904	35.717487512391145	0.2798004042165732	0.0004737907965056419	1470.111375232934	16	116
537.5	53.0	330.6150710828131	0.21288104100261904	35.717487512391145	0.2798004042165732	0.00021266551509403626	3634.340307840847	16	116
542.5	42.0	330.6150710828131	0.21288104100261904	35.717487512391145	0.2798004042165732	9.360453251562287e-05	4341.100929303547	16	116
547.5	38.0	330.6150710828131	0.21288104100261904	35.717487512391145	0.2798004042165732	4.040043480156035e-05	5978.470840038765	16	116
552.5	32.0	330.6150710828131	0.21288104100261904	35.717487512391145	0.2798004042165732	1.7098757530706933e-05	7738.690347539627	16	116
557.5	34.0	330.6150710828131	0.21288104100261904	35.717487512391145	0.2798004042165732	7.096307442147239e-06	12763.289350780911	16	116
562.5	41.0	330.6150710828131	0.21288104100261904	35.717487512391145	0.2798004042165732	2.8879498396936513e-06	24126.20441918544	16	116
567.5	39.0	330.6150710828131	0.21288104100261904	35.717487512391145	0.2798004042165732	1.1524874982652212e-06	36328.41772405923	16	116
572.5	40.0	330.6150710828131	0.21288104100261904	35.717487512391145	0.2798004042165732	4.509954438510508e-07	59562.635942793066	16	116
577.5	43.0	330.6150710828131	0.21288104100261904	35.717487512391145	0.2798004042165732	1.730602951669511e-07	103364.10148361206	16	116
582.5	36.0	330.6150710828131	0.21288104100261904	35.717487512391145	0.2798004042165732
587.5	35.0	330.6150710828131	0.21288104100261904	35.717487512391145	0.2798004042165732
592.5	42.0	330.6150710828131	0.21288104100261904	35.717487512391145	0.2798004042165732
597.5	45.0	330.6150710828131	0.21288104100261904	35.717487512391145	0.2798004042165732
602.5	38.0	330.6150710828131	0.21288104100261904	35.717487512391145	0.2798004042165732
607.5	47.0	330.6150710828131	0.21288104100261904	35.717487512391145	0.2798004042165732
612.5	28.0	330.6150710828131	0.21288104100261904	35.717487512391145	0.2798004042165732
617.5	36.0	330.6150710828131	0.21288104100261904	35.717487512391145	0.2798004042165732
622.5	37.0	330.6150710828131	0.21288104100261904	35.717487512391145	0.2798004042165732
627.5	37.0	330.6150710828131	0.21288104100261904	35.717487512391145	0.2798004042165732
632.5	30.0	330.6150710828131	0.21288104100261904	35.717487512391145	0.2798004042165732
637.5	41.0	330.6150710828131	0.21288104100261904	35.717487512391145	0.2798004042165732
642.5	38.0	330.6150710828131	0.21288104100261904	35.717487512391145	0.2798004042165732
647.5	36.0	330.6150710828131	0.21288104100261904	35.717487512391145	0.2798004042165732
652.5	44.0	330.6150710828131	0.21288104100261904	35.717487512391145	0.2798004042165732
657.5	41.0	330.6150710828131	0.21288104100261904	35.717487512391145	0.2798004042165732
662.5	36.0	330.6150710828131	0.21288104100261904	35.717487512391145	0.2798004042165732
667.5	39.0	330.6150710828131	0.21288104100261904	35.717487512391145	0.2798004042165732
672.5	42.0	330.6150710828131	0.21288104100261904	35.717487512391145	0.2798004042165732
677.5	34.0	330.6150710828131	0.21288104100261904	35.717487512391145	0.2798004042165732
682.5	31.0	330.6150710828131	0.21288104100261904	35.717487512391145	0.2798004042165732
687.5	40.0	330.6150710828131	0.21288104100261904	35.717487512391145	0.2798004042165732
692.5	29.0	330.6150710828131	0.21288104100261904	35.717487512391145	0.2798004042165732
697.5	36.0	330.6150710828131	0.21288104100261904	35.717487512391145	0.2798004042165732
702.5	33.0	330.6150710828131	0.21288104100261904	35.717487512391145	0.2798004042165732
707.5	39.0	330.6150710828131	0.21288104100261904	35.717487512391145	0.2798004042165732
712.5	27.0	330.6150710828131	0.21288104100261904	35.717487512391145	0.2798004042165732
717.5	42.0	330.6150710828131	0.21288104100261904	35.717487512391145	0.2798004042165732
722.5	37.0	330.6150710828131	0.21288104100261904	35.717487512391145	0.2798004042165732
727.5	46.0	330.6150710828131	0.21288104100261904	35.717487512391145	0.2798004042165732
732.5	31.0	330.6150710828131	0.21288104100261904	35.717487512391145	0.2798004042165732
737.5	36.0	330.6150710828131	0.21288104100261904	35.717487512391145	0.2798004042165732
742.5	47.0	330.6150710828131	0.21288104100261904	35.717487512391145	0.2798004042165732
747.5	41.0	330.6150710828131	0.21288104100261904	35.717487512391145	0.2798004042165732
752.5	39.0	330.6150710828131	0.21288104100261904	35.717487512391145	0.2798004042165732
757.5	39.0	330.6150710828131	0.21288104100261904	35.717487512391145	0.2798004042165732
762.5	32.0	330.6150710828131	0.21288104100261904	35.717487512391145	0.2798004042165732
767.5	29.0	330.6150710828131	0.21288104100261904	35.717487512391145	0.2798004042165732
772.5	22.0	330.6150710828131	0.21288104100261904	35.717487512391145	0.2798004042165732
777.5	36.0	330.6150710828131	0.21288104100261904	35.717487512391145	0.2798004042165732
782.5	25.0	330.6150710828131	0.21288104100261904	35.717487512391145	0.2798004042165732
787.5	22.0	330.6150710828131	0.21288104100261904	35.717487512391145	0.2798004042165732
792.5	39.0	330.6150710828131	0.21288104100261904	35.717487512391145	0.2798004042165732
797.5	39.0	330.6150710828131	0.21288104100261904	35.717487512391145	0.2798004042165732
802.5	28.0	330.6150710828131	0.21288104100261904	35.717487512391145	0.2798004042165732
807.5	39.0	330.6150710828131	0.21288104100261904	35.717487512391145	0.2798004042165732
812.5	32.0	330.6150710828131	0.21288104100261904	35.717487512391145	0.2798004042165732
817.5	24.0	330.6150710828131	0.21288104100261904	35.717487512391145	0.2798004042165732
822.5	28.0	330.6150710828131	0.21288104100261904	35.717487512391145	0.2798004042165732
827.5	34.0	330.6150710828131	0.21288104100261904	35.717487512391145	0.2798004042165732
832.5	42.0	330.6150710828131	0.21288104100261904	35.717487512391145	0.2798004042165732
837.5	34.0	330.6150710828131	0.21288104100261904	35.717487512391145	0.2798004042165732
842.5	32.0	330.6150710828131	0.21288104100261904	35.717487512391145	0.2798004042165732
847.5	32.0	330.6150710828131	0.21288104100261904	35.717487512391145	0.2798004042165732
852.5	27.0	330.6150710828131	0.21288104100261904	35.717487512391145	0.2798004042165732
857.5	26.0	330.6150710828131	0.21288104100261904	35.717487512391145	0.2798004042165732
862.5	24.0	330.6150710828131	0.21288104100261904	35.717487512391145	0.2798004042165732
867.5	35.0	330.6150710828131	0.21288104100261904	35.717487512391145	0.2798004042165732
872.5	46.0	330.6150710828131	0.21288104100261904	35.717487512391145	0.2798004042165732
877.5	32.0	330.6150710828131	0.21288104100261904	35.717487512391145	0.2798004042165732
882.5	26.0	330.6150710828131	0.21288104100261904	35.717487512391145	0.2798004042165732
887.5	39.0	330.6150710828131	0.21288104100261904	35.717487512391145	0.2798004042165732
892.5	29.0	330.6150710828131	0.21288104100261904	35.717487512391145	0.2798004042165732
897.5	29.0	330.6150710828131	0.21288104100261904	35.717487512391145	0.2798004042165732
902.5	27.0	330.6150710828131	0.21288104100261904	35.717487512391145	0.2798004042165732
907.5	35.0	330.6150710828131	0.21288104100261904	35.717487512391145	0.2798004042165732
912.5	28.0	330.6150710828131	0.21288104100261904	35.717487512391145	0.2798004042165732
917.5	25.0	330.6150710828131	0.21288104100261904	35.717487512391145	0.2798004042165732
922.5	24.0	330.6150710828131	0.21288104100261904	35.717487512391145	0.2798004042165732
927.5	28.0	330.6150710828131	0.21288104100261904	35.717487512391145	0.2798004042165732
932.5	40.0	330.6150710828131	0.21288104100261904	35.717487512391145	0.2798004042165732
937.5	30.0	330.6150710828131	0.21288104100261904	35.717487512391145	0.2798004042165732
942.5	30.0	330.6150710828131	0.21288104100261904	35.717487512391145	0.2798004042165732
947.5	30.0	330.6150710828131	0.21288104100261904	35.717487512391145	0.2798004042165732
952.5	25.0	330.6150710828131	0.21288104100261904	35.717487512391145	0.2798004042165732
957.5	31.0	330.6150710828131	0.21288104100261904	35.717487512391145	0.2798004042165732
962.5	40.0	330.6150710828131	0.21288104100261904	35.717487512391145	0.2798004042165732
967.5	29.0	330.6150710828131	0.21288104100261904	35.717487512391145	0.2798004042165732
972.5	36.0	330.6150710828131	0.21288104100261904	35.717487512391145	0.2798004042165732
977.5	36.0	330.6150710828131	0.21288104100261904	35.717487512391145	0.2798004042165732
982.5	28.0	330.6150710828131	0.21288104100261904	35.717487512391145	0.2798004042165732
987.5	24.0	330.6150710828131	0.21288104100261904	35.717487512391145	0.2798004042165732
992.5	25.0	330.6150710828131	0.21288104100261904	35.717487512391145	0.2798004042165732
997.5	25.0	330.6150710828131	0.21288104100261904	35.717487512391145	0.2798004042165732
1002.5	32.0	330.6150710828131	0.21288104100261904	35.717487512391145	0.2798004042165732
1007.5	21.0	330.6150710828131	0.21288104100261904	35.717487512391145	0.2798004042165732
1012.5	32.0	330.6150710828131	0.21288104100261904	35.717487512391145	0.2798004042165732
1017.5	32.0	330.6150710828131	0.21288104100261904	35.717487512391145	0.2798004042165732
1022.5	22.0	330.6150710828131	0.21288104100261904	35.717487512391145	0.2798004042165732
1027.5	29.0	330.6150710828131	0.21288104100261904	35.717487512391145	0.2798004042165732
1032.5	26.0	330.6150710828131	0.21288104100261904	35.717487512391145	0.2798004042165732
1037.5	34.0	330.6150710828131	0.21288104100261904	35.717487512391145	0.2798004042165732
1042.5	31.0	330.6150710828131	0.21288104100261904	35.717487512391145	0.2798004042165732
1047.5	31.0	330.6150710828131	0.21288104100261904	35.717487512391145	0.2798004042165732
1052.5	28.0	330.6150710828131	0.21288104100261904	35.717487512391145	0.2798004042165732
1057.5	23.0	330.6150710828131	0.21288104100261904	35.717487512391145	0.2798004042165732
1062.5	23.0	330.6150710828131	0.21288104100261904	35.717487512391145	0.2798004042165732
1067.5	25.0	330.6150710828131	0.21288104100261904	35.717487512391145	0.2798004042165732
1072.5	31.0	330.6150710828131	0.21288104100261904	35.717487512391145	0.2798004042165732
1077.5	38.0	330.6150710828131	0.21288104100261904	35.717487512391145	0.2798004042165732
1082.5	29.0	330.6150710828131	0.21288104100261904	35.717487512391145	0.2798004042165732
1087.5	22.0	330.6150710828131	0.21288104100261904	35.717487512391145	0.2798004042165732
1092.5	32.0	330.6150710828131	0.21288104100261904	35.717487512391145	0.2798004042165732
1097.5	31.0	330.6150710828131	0.21288104100261904	35.717487512391145	0.2798004042165732
1102.5	20.0	330.6150710828131	0.21288104100261904	35.717487512391145	0.2798004042165732
1107.5	24.0	330.6150710828131	0.21288104100261904	35.717487512391145	0.2798004042165732
1112.5	29.0	330.6150710828131	0.21288104100261904	35.717487512391145	0.2798004042165732
1117.5	31.0	330.6150710828131	0.21288104100261904	35.717487512391145	0.2798004042165732
1122.5	27.0	330.6150710828131	0.21288104100261904	35.717487512391145	0.2798004042165732
1127.5	27.0	330.6150710828131	0.21288104100261904	35.717487512391145	0.2798004042165732
1132.5	32.0	330.6150710828131	0.21288104100261904	35.717487512391145	0.2798004042165732
1137.5	31.0	330.6150710828131	0.21288104100261904	35.717487512391145	0.2798004042165732
1142.5	35.0	330.6150710828131	0.21288104100261904	35.717487512391145	0.2798004042165732
1147.5	19.0	330.6150710828131	0.21288104100261904	35.717487512391145	0.2798004042165732
1152.5	28.0	330.6150710828131	0.21288104100261904	35.717487512391145	0.2798004042165732
1157.5	28.0	330.6150710828131	0.21288104100261904	35.717487512391145	0.2798004042165732
1162.5	30.0	330.6150710828131	0.21288104100261904	35.717487512391145	0.2798004042165732
1167.5	28.0	330.6150710828131	0.21288104100261904	35.717487512391145	0.2798004042165732
1172.5	26.0	330.6150710828131	0.21288104100261904	35.717487512391145	0.2798004042165732
1177.5	24.0	330.6150710828131	0.21288104100261904	35.717487512391145	0.2798004042165732
1182.5	20.0	330.6150710828131	0.21288104100261904	35.717487512391145	0.2798004042165732
1187.5	23.0	330.6150710828131	0.21288104100261904	35.717487512391145	0.2798004042165732
1192.5	27.0	330.6150710828131	0.21288104100261904	35.717487512391145	0.2798004042165732
1197.5	29.0	330.6150710828131	0.21288104100261904	35.717487512391145	0.2798004042165732
