2.5	1180332.0	999.2507251529075	17.351983144735687	51.892184269032064	44.09499844978217
7.5	409252.0	999.2507251529075	17.351983144735687	51.892184269032064	44.09499844978217
12.5	60956.0	999.2507251529075	17.351983144735687	51.892184269032064	44.09499844978217
17.5	30520.0	999.2507251529075	17.351983144735687	51.892184269032064	44.09499844978217
22.5	27418.0	999.2507251529075	17.351983144735687	51.892184269032064	44.09499844978217
27.5	25397.0	999.2507251529075	17.351983144735687	51.892184269032064	44.09499844978217
32.5	22848.0	999.2507251529075	17.351983144735687	51.892184269032064	44.09499844978217
37.5	20121.0	999.2507251529075	17.351983144735687	51.892184269032064	44.09499844978217
42.5	17708.0	999.2507251529075	17.351983144735687	51.892184269032064	44.09499844978217
47.5	15274.0	999.2507251529075	17.351983144735687	51.892184269032064	44.09499844978217
52.5	13519.0	999.2507251529075	17.351983144735687	51.892184269032064	44.09499844978217
57.5	11903.0	999.2507251529075	17.351983144735687	51.892184269032064	44.09499844978217
62.5	10710.0	999.2507251529075	17.351983144735687	51.892184269032064	44.09499844978217
67.5	9217.0	999.2507251529075	17.351983144735687	51.892184269032064	44.09499844978217
72.5	8264.0	999.2507251529075	17.351983144735687	51.892184269032064	44.09499844978217
77.5	7273.0	999.2507251529075	17.351983144735687	51.892184269032064	44.09499844978217
82.5	6494.0	999.2507251529075	17.351983144735687	51.892184269032064	44.09499844978217
87.5	5964.0	999.2507251529075	17.351983144735687	51.892184269032064	44.09499844978217
92.5	5307.0	999.2507251529075	17.351983144735687	51.892184269032064	44.09499844978217
97.5	4811.0	999.2507251529075	17.351983144735687	51.892184269032064	44.09499844978217
102.5	4408.0	999.2507251529075	17.351983144735687	51.892184269032064	44.09499844978217
107.5	3994.0	999.2507251529075	17.351983144735687	51.892184269032064	44.09499844978217
112.5	3651.0	999.2507251529075	17.351983144735687	51.892184269032064	44.09499844978217
117.5	3274.0	999.2507251529075	17.351983144735687	51.892184269032064	44.09499844978217
122.5	3172.0	999.2507251529075	17.351983144735687	51.892184269032064	44.09499844978217
127.5	2847.0	999.2507251529075	17.351983144735687	51.892184269032064	44.09499844978217
132.5	2674.0	999.2507251529075	17.351983144735687	51.892184269032064	44.09499844978217
137.5	2515.0	999.2507251529075	17.351983144735687	51.892184269032064	44.09499844978217
142.5	2404.0	999.2507251529075	17.351983144735687	51.892184269032064	44.09499844978217
147.5	2160.0	999.2507251529075	17.351983144735687	51.892184269032064	44.09499844978217
152.5	2091.0	999.2507251529075	17.351983144735687	51.892184269032064	44.09499844978217
157.5	1865.0	999.2507251529075	17.351983144735687	51.892184269032064	44.09499844978217
162.5	1794.0	999.2507251529075	17.351983144735687	51.892184269032064	44.09499844978217
167.5	1660.0	999.2507251529075	17.351983144735687	51.892184269032064	44.09499844978217
172.5	1620.0	999.2507251529075	17.351983144735687	51.892184269032064	44.09499844978217
177.5	1508.0	999.2507251529075	17.351983144735687	51.892184269032064	44.09499844978217
182.5	1477.0	999.2507251529075	17.351983144735687	51.892184269032064	44.09499844978217
187.5	1337.0	999.2507251529075	17.351983144735687	51.892184269032064	44.09499844978217
192.5	1288.0	999.2507251529075	17.351983144735687	51.892184269032064	44.09499844978217
197.5	1288.0	999.2507251529075	17.351983144735687	51.892184269032064	44.09499844978217
202.5	1144.0	999.2507251529075	17.351983144735687	51.892184269032064	44.09499844978217
207.5	1204.0	999.2507251529075	17.351983144735687	51.892184269032064	44.09499844978217
212.5	1118.0	999.2507251529075	17.351983144735687	51.892184269032064	44.09499844978217
217.5	1077.0	999.2507251529075	17.351983144735687	51.892184269032064	44.09499844978217
222.5	1058.0	999.2507251529075	17.351983144735687	51.892184269032064	44.09499844978217
227.5	989.0	999.2507251529075	17.351983144735687	51.892184269032064	44.09499844978217
232.5	987.0	999.2507251529075	17.351983144735687	51.892184269032064	44.09499844978217
237.5	889.0	999.2507251529075	17.351983144735687	51.892184269032064	44.09499844978217
242.5	892.0	999.2507251529075	17.351983144735687	51.892184269032064	44.09499844978217
247.5	866.0	999.2507251529075	17.351983144735687	51.892184269032064	44.09499844978217
252.5	806.0	999.2507251529075	17.351983144735687	51.892184269032064	44.09499844978217
257.5	767.0	999.2507251529075	17.351983144735687	51.892184269032064	44.09499844978217
262.5	732.0	999.2507251529075	17.351983144735687	51.892184269032064	44.09499844978217
267.5	721.0	999.2507251529075	17.351983144735687	51.892184269032064	44.09499844978217
272.5	681.0	999.2507251529075	17.351983144735687	51.892184269032064	44.09499844978217
277.5	661.0	999.2507251529075	17.351983144735687	51.892184269032064	44.09499844978217
282.5	667.0	999.2507251529075	17.351983144735687	51.892184269032064	44.09499844978217
287.5	674.0	999.2507251529075	17.351983144735687	51.892184269032064	44.09499844978217
292.5	580.0	999.2507251529075	17.351983144735687	51.892184269032064	44.09499844978217
297.5	611.0	999.2507251529075	17.351983144735687	51.892184269032064	44.09499844978217
302.5	579.0	999.2507251529075	17.351983144735687	51.892184269032064	44.09499844978217
307.5	622.0	999.2507251529075	17.351983144735687	51.892184269032064	44.09499844978217
312.5	562.0	999.2507251529075	17.351983144735687	51.892184269032064	44.09499844978217
317.5	523.0	999.2507251529075	17.351983144735687	51.892184269032064	44.09499844978217
322.5	533.0	999.2507251529075	17.351983144735687	51.892184269032064	44.09499844978217
327.5	501.0	999.2507251529075	17.351983144735687	51.892184269032064	44.09499844978217
332.5	470.0	999.2507251529075	17.351983144735687	51.892184269032064	44.09499844978217
337.5	485.0	999.2507251529075	17.351983144735687	51.892184269032064	44.09499844978217
342.5	444.0	999.2507251529075	17.351983144735687	51.892184269032064	44.09499844978217
347.5	444.0	999.2507251529075	17.351983144735687	51.892184269032064	44.09499844978217
352.5	424.0	999.2507251529075	17.351983144735687	51.892184269032064	44.09499844978217
357.5	432.0	999.2507251529075	17.351983144735687	51.892184269032064	44.09499844978217
362.5	416.0	999.2507251529075	17.351983144735687	51.892184269032064	44.09499844978217
367.5	410.0	999.2507251529075	17.351983144735687	51.892184269032064	44.09499844978217
372.5	388.0	999.2507251529075	17.351983144735687	51.892184269032064	44.09499844978217
377.5	360.0	999.2507251529075	17.351983144735687	51.892184269032064	44.09499844978217
382.5	379.0	999.2507251529075	17.351983144735687	51.892184269032064	44.09499844978217
387.5	368.0	999.2507251529075	17.351983144735687	51.892184269032064	44.09499844978217
392.5	349.0	999.2507251529075	17.351983144735687	51.892184269032064	44.09499844978217
397.5	344.0	999.2507251529075	17.351983144735687	51.892184269032064	44.09499844978217
402.5	316.0	999.2507251529075	17.351983144735687	51.892184269032064	44.09499844978217
407.5	314.0	999.2507251529075	17.351983144735687	51.892184269032064	44.09499844978217
412.5	277.0	999.2507251529075	17.351983144735687	51.892184269032064	44.09499844978217
417.5	284.0	999.2507251529075	17.351983144735687	51.892184269032064	44.09499844978217
422.5	324.0	999.2507251529075	17.351983144735687	51.892184269032064	44.09499844978217
427.5	283.0	999.2507251529075	17.351983144735687	51.892184269032064	44.09499844978217
432.5	272.0	999.2507251529075	17.351983144735687	51.892184269032064	44.09499844978217
437.5	301.0	999.2507251529075	17.351983144735687	51.892184269032064	44.09499844978217
442.5	257.0	999.2507251529075	17.351983144735687	51.892184269032064	44.09499844978217
447.5	251.0	999.2507251529075	17.351983144735687	51.892184269032064	44.09499844978217
452.5	273.0	999.2507251529075	17.351983144735687	51.892184269032064	44.09499844978217
457.5	289.0	999.2507251529075	17.351983144735687	51.892184269032064	44.09499844978217
462.5	264.0	999.2507251529075	17.351983144735687	51.892184269032064	44.09499844978217
467.5	249.0	999.2507251529075	17.351983144735687	51.892184269032064	44.09499844978217
472.5	225.0	999.2507251529075	17.351983144735687	51.892184269032064	44.09499844978217
477.5	218.0	999.2507251529075	17.351983144735687	51.892184269032064	44.09499844978217
482.5	199.0	999.2507251529075	17.351983144735687	51.892184269032064	44.09499844978217
487.5	208.0	999.2507251529075	17.351983144735687	51.892184269032064	44.09499844978217
492.5	225.0	999.2507251529075	17.351983144735687	51.892184269032064	44.09499844978217
497.5	220.0	999.2507251529075	17.351983144735687	51.892184269032064	44.09499844978217
502.5	194.0	999.2507251529075	17.351983144735687	51.892184269032064	44.09499844978217
507.5	196.0	999.2507251529075	17.351983144735687	51.892184269032064	44.09499844978217
512.5	192.0	999.2507251529075	17.351983144735687	51.892184269032064	44.09499844978217
517.5	183.0	999.2507251529075	17.351983144735687	51.892184269032064	44.09499844978217
522.5	199.0	999.2507251529075	17.351983144735687	51.892184269032064	44.09499844978217
527.5	188.0	999.2507251529075	17.351983144735687	51.892184269032064	44.09499844978217
532.5	198.0	999.2507251529075	17.351983144735687	51.892184269032064	44.09499844978217
537.5	183.0	999.2507251529075	17.351983144735687	51.892184269032064	44.09499844978217
542.5	153.0	999.2507251529075	17.351983144735687	51.892184269032064	44.09499844978217
547.5	190.0	999.2507251529075	17.351983144735687	51.892184269032064	44.09499844978217
552.5	161.0	999.2507251529075	17.351983144735687	51.892184269032064	44.09499844978217
557.5	167.0	999.2507251529075	17.351983144735687	51.892184269032064	44.09499844978217
562.5	169.0	999.2507251529075	17.351983144735687	51.892184269032064	44.09499844978217
567.5	136.0	999.2507251529075	17.351983144735687	51.892184269032064	44.09499844978217
572.5	133.0	999.2507251529075	17.351983144735687	51.892184269032064	44.09499844978217
577.5	155.0	999.2507251529075	17.351983144735687	51.892184269032064	44.09499844978217
582.5	131.0	999.2507251529075	17.351983144735687	51.892184269032064	44.09499844978217
587.5	134.0	999.2507251529075	17.351983144735687	51.892184269032064	44.09499844978217
592.5	139.0	999.2507251529075	17.351983144735687	51.892184269032064	44.09499844978217
597.5	141.0	999.2507251529075	17.351983144735687	51.892184269032064	44.09499844978217
602.5	126.0	999.2507251529075	17.351983144735687	51.892184269032064	44.09499844978217
607.5	113.0	999.2507251529075	17.351983144735687	51.892184269032064	44.09499844978217
612.5	130.0	999.2507251529075	17.351983144735687	51.892184269032064	44.09499844978217
617.5	123.0	999.2507251529075	17.351983144735687	51.892184269032064	44.09499844978217
622.5	114.0	999.2507251529075	17.351983144735687	51.892184269032064	44.09499844978217
627.5	125.0	999.2507251529075	17.351983144735687	51.892184269032064	44.09499844978217
632.5	119.0	999.2507251529075	17.351983144735687	51.892184269032064	44.09499844978217
637.5	112.0	999.2507251529075	17.351983144735687	51.892184269032064	44.09499844978217
642.5	100.0	999.2507251529075	17.351983144735687	51.892184269032064	44.09499844978217
647.5	107.0	999.2507251529075	17.351983144735687	51.892184269032064	44.09499844978217
652.5	103.0	999.2507251529075	17.351983144735687	51.892184269032064	44.09499844978217
657.5	104.0	999.2507251529075	17.351983144735687	51.892184269032064	44.09499844978217
662.5	102.0	999.2507251529075	17.351983144735687	51.892184269032064	44.09499844978217
667.5	85.0	999.2507251529075	17.351983144735687	51.892184269032064	44.09499844978217
672.5	104.0	999.2507251529075	17.351983144735687	51.892184269032064	44.09499844978217
677.5	100.0	999.2507251529075	17.351983144735687	51.892184269032064	44.09499844978217
682.5	103.0	999.2507251529075	17.351983144735687	51.892184269032064	44.09499844978217
687.5	89.0	999.2507251529075	17.351983144735687	51.892184269032064	44.09499844978217
692.5	95.0	999.2507251529075	17.351983144735687	51.892184269032064	44.09499844978217
697.5	99.0	999.2507251529075	17.351983144735687	51.892184269032064	44.09499844978217
702.5	96.0	999.2507251529075	17.351983144735687	51.892184269032064	44.09499844978217
707.5	84.0	999.2507251529075	17.351983144735687	51.892184269032064	44.09499844978217
712.5	101.0	999.2507251529075	17.351983144735687	51.892184269032064	44.09499844978217
717.5	86.0	999.2507251529075	17.351983144735687	51.892184269032064	44.09499844978217
722.5	86.0	999.2507251529075	17.351983144735687	51.892184269032064	44.09499844978217
727.5	92.0	999.2507251529075	17.351983144735687	51.892184269032064	44.09499844978217
732.5	82.0	999.2507251529075	17.351983144735687	51.892184269032064	44.09499844978217
737.5	94.0	999.2507251529075	17.351983144735687	51.892184269032064	44.09499844978217
742.5	78.0	999.2507251529075	17.351983144735687	51.892184269032064	44.09499844978217
747.5	85.0	999.2507251529075	17.351983144735687	51.892184269032064	44.09499844978217	0.0038613830508451006	-4.836300720462581	149	249
752.5	95.0	999.2507251529075	17.351983144735687	51.892184269032064	44.09499844978217	0.006133927257479615	-3.9454890255876216	149	249
757.5	85.0	999.2507251529075	17.351983144735687	51.892184269032064	44.09499844978217	0.00965389026121231	-4.733048180178663	149	249
762.5	85.0	999.2507251529075	17.351983144735687	51.892184269032064	44.09499844978217	0.015053382434907945	-4.6816469251332755	149	249
767.5	78.0	999.2507251529075	17.351983144735687	51.892184269032064	44.09499844978217	0.023255936530638028	-5.22263888001085	149	249
772.5	81.0	999.2507251529075	17.351983144735687	51.892184269032064	44.09499844978217	0.0355960307167297	-4.918910682968671	149	249
777.5	69.0	999.2507251529075	17.351983144735687	51.892184269032064	44.09499844978217	0.05398055099526981	-5.88998186752414	149	249
782.5	78.0	999.2507251529075	17.351983144735687	51.892184269032064	44.09499844978217	0.0811037722929914	-5.076377382968705	149	249
787.5	72.0	999.2507251529075	17.351983144735687	51.892184269032064	44.09499844978217	0.12072933178217322	-5.542027513224357	149	249
792.5	86.0	999.2507251529075	17.351983144735687	51.892184269032064	44.09499844978217	0.17805433029320186	-4.297418536278021	149	249
797.5	91.0	999.2507251529075	17.351983144735687	51.892184269032064	44.09499844978217	0.26017183767446744	-3.8219197837984455	149	249
802.5	81.0	999.2507251529075	17.351983144735687	51.892184269032064	44.09499844978217	0.37664831581637825	-4.638583906616521	149	249
807.5	95.0	999.2507251529075	17.351983144735687	51.892184269032064	44.09499844978217	0.5402313414472425	-3.391446162902263	149	249
812.5	107.0	999.2507251529075	17.351983144735687	51.892184269032064	44.09499844978217	0.7676999695838714	-2.317277322267046	149	249
817.5	105.0	999.2507251529075	17.351983144735687	51.892184269032064	44.09499844978217	1.0808645462904005	-2.4586027284355403	149	249
822.5	91.0	999.2507251529075	17.351983144735687	51.892184269032064	44.09499844978217	1.5077141854187437	-3.6495330265938772	149	249
827.5	98.0	999.2507251529075	17.351983144735687	51.892184269032064	44.09499844978217	2.0836979823075854	-3.0324016669400593	149	249
832.5	140.0	999.2507251529075	17.351983144735687	51.892184269032064	44.09499844978217	2.8531100425901337	0.6046400162270786	149	249
837.5	127.0	999.2507251529075	17.351983144735687	51.892184269032064	44.09499844978217	3.8705285446342517	-0.5488230711692985	149	249
842.5	114.0	999.2507251529075	17.351983144735687	51.892184269032064	44.09499844978217	5.202235733716529	-1.725064591260889	149	249
847.5	124.0	999.2507251529075	17.351983144735687	51.892184269032064	44.09499844978217	6.92751990154524	-0.9461663143206389	149	249
852.5	120.0	999.2507251529075	17.351983144735687	51.892184269032064	44.09499844978217	9.139733599459163	-1.4131146263848582	149	249
857.5	148.0	999.2507251529075	17.351983144735687	51.892184269032064	44.09499844978217	11.946956805873414	0.796110189872582	149	249
862.5	153.0	999.2507251529075	17.351983144735687	51.892184269032064	44.09499844978217	15.472092411432454	0.9698783683968291	149	249
867.5	173.0	999.2507251529075	17.351983144735687	51.892184269032064	44.09499844978217	19.85220763576473	2.310633313652258	149	249
872.5	157.0	999.2507251529075	17.351983144735687	51.892184269032064	44.09499844978217	25.236932610568342	0.582777589205199	149	249
877.5	164.0	999.2507251529075	17.351983144735687	51.892184269032064	44.09499844978217	31.78574011331306	0.6620268815862944	149	249
882.5	196.0	999.2507251529075	17.351983144735687	51.892184269032064	44.09499844978217	39.66396163354662	2.5896009941782197	149	249
887.5	220.0	999.2507251529075	17.351983144735687	51.892184269032064	44.09499844978217	49.03744696875738	3.690545003392563	149	249
892.5	209.0	999.2507251529075	17.351983144735687	51.892184269032064	44.09499844978217	60.06584825538579	2.000453025559109	149	249
897.5	246.0	999.2507251529075	17.351983144735687	51.892184269032064	44.09499844978217	72.89460361733788	3.718845705393757	149	249
902.5	264.0	999.2507251529075	17.351983144735687	51.892184269032064	44.09499844978217	87.64580693270746	3.8615376047924053	149	249
907.5	244.0	999.2507251529075	17.351983144735687	51.892184269032064	44.09499844978217	104.4082724452138	1.3098273912345364	149	249
912.5	277.0	999.2507251529075	17.351983144735687	51.892184269032064	44.09499844978217	123.22722739964524	2.2121773093472306	149	249
917.5	310.0	999.2507251529075	17.351983144735687	51.892184269032064	44.09499844978217	144.09418171893913	2.9137893076694055	149	249
922.5	335.0	999.2507251529075	17.351983144735687	51.892184269032064	44.09499844978217	166.93761869468932	2.9638893376797872	149	249
927.5	338.0	999.2507251529075	17.351983144735687	51.892184269032064	44.09499844978217	191.61521209449882	1.6495215108183234	149	249
932.5	370.0	999.2507251529075	17.351983144735687	51.892184269032064	44.09499844978217	217.9082913077919	1.9318109384941469	149	249
937.5	400.0	999.2507251529075	17.351983144735687	51.892184269032064	44.09499844978217	245.51923786529176	2.01730126534606	149	249
942.5	406.0	999.2507251529075	17.351983144735687	51.892184269032064	44.09499844978217	274.0723984112355	0.8329132519332181	149	249
947.5	396.0	999.2507251529075	17.351983144735687	51.892184269032064	44.09499844978217	303.1189405556769	-1.0751241736297856	149	249
952.5	459.0	999.2507251529075	17.351983144735687	51.892184269032064	44.09499844978217	332.1458644110342	0.597121466546272	149	249
957.5	474.0	999.2507251529075	17.351983144735687	51.892184269032064	44.09499844978217	360.58912554082593	-0.009530348616384377	149	249
962.5	467.0	999.2507251529075	17.351983144735687	51.892184269032064	44.09499844978217	387.85054169929117	-1.5126389369718503	149	249
967.5	541.0	999.2507251529075	17.351983144735687	51.892184269032064	44.09499844978217	413.31786781602517	0.6670086185115073	149	249
972.5	558.0	999.2507251529075	17.351983144735687	51.892184269032064	44.09499844978217	436.38715559806957	0.4200199765644761	149	249
977.5	587.0	999.2507251529075	17.351983144735687	51.892184269032064	44.09499844978217	456.4862907232795	0.8117862342992109	149	249
982.5	588.0	999.2507251529075	17.351983144735687	51.892184269032064	44.09499844978217	473.0984445807305	0.17932519830638374	149	249
987.5	583.0	999.2507251529075	17.351983144735687	51.892184269032064	44.09499844978217	485.7841068928496	-0.5225059133548267	149	249
992.5	623.0	999.2507251529075	17.351983144735687	51.892184269032064	44.09499844978217	494.2003914674314	0.790755293718371	149	249
997.5	587.0	999.2507251529075	17.351983144735687	51.892184269032064	44.09499844978217	498.1164324695237	-0.8076040342325587	149	249
1002.5	616.0	999.2507251529075	17.351983144735687	51.892184269032064	44.09499844978217	497.42390652011215	0.4220875340484991	149	249
1007.5	593.0	999.2507251529075	17.351983144735687	51.892184269032064	44.09499844978217	492.14201130718743	-0.27537460452892265	149	249
1012.5	571.0	999.2507251529075	17.351983144735687	51.892184269032064	44.09499844978217	482.4165813444287	-0.7593024595878319	149	249
1017.5	565.0	999.2507251529075	17.351983144735687	51.892184269032064	44.09499844978217	468.51339772134855	-0.414990126198715	149	249
1022.5	581.0	999.2507251529075	17.351983144735687	51.892184269032064	44.09499844978217	450.80612021347423	1.0313792214608684	149	249
1027.5	543.0	999.2507251529075	17.351983144735687	51.892184269032064	44.09499844978217	429.75960648942174	0.3439116211584341	149	249
1032.5	506.0	999.2507251529075	17.351983144735687	51.892184269032064	44.09499844978217	405.9096574066826	-0.20461742522475848	149	249
1037.5	482.0	999.2507251529075	17.351983144735687	51.892184269032064	44.09499844978217	379.84041871965	-0.09028841911231919	149	249
1042.5	451.0	999.2507251529075	17.351983144735687	51.892184269032064	44.09499844978217	352.16076518333614	-0.22210709559985142	149	249
1047.5	398.0	999.2507251529075	17.351983144735687	51.892184269032064	44.09499844978217	323.48098932877406	-1.380008540114042	149	249
1052.5	381.0	999.2507251529075	17.351983144735687	51.892184269032064	44.09499844978217	294.39101945221944	-0.7956786519017451	149	249
1057.5	356.0	999.2507251529075	17.351983144735687	51.892184269032064	44.09499844978217	265.44121299732547	-0.5919285864184686	149	249
1062.5	314.0	999.2507251529075	17.351983144735687	51.892184269032064	44.09499844978217	237.12653218901363	-1.3304576959774586	149	249
1067.5	291.0	999.2507251529075	17.351983144735687	51.892184269032064	44.09499844978217	209.87463211308142	-1.1162834769722478	149	249
1072.5	223.0	999.2507251529075	17.351983144735687	51.892184269032064	44.09499844978217	184.03810240271994	-3.635149434395811	149	249
1077.5	206.0	999.2507251529075	17.351983144735687	51.892184269032064	44.09499844978217	159.8908261171927	-3.3267392187200002	149	249
1082.5	197.0	999.2507251529075	17.351983144735687	51.892184269032064	44.09499844978217	137.62817378368132	-2.586211925755953	149	249
1087.5	166.0	999.2507251529075	17.351983144735687	51.892184269032064	44.09499844978217	117.37055249186506	-3.402157691168076	149	249
1092.5	151.0	999.2507251529075	17.351983144735687	51.892184269032064	44.09499844978217	99.16968908731428	-3.2940573578201633	149	249
1097.5	117.0	999.2507251529075	17.351983144735687	51.892184269032064	44.09499844978217	83.01694652093653	-4.731382733009302	149	249
1102.5	100.0	999.2507251529075	17.351983144735687	51.892184269032064	44.09499844978217	68.85295123446757	-5.115567273658717	149	249
1107.5	93.0	999.2507251529075	17.351983144735687	51.892184269032064	44.09499844978217	56.57784034376101	-4.856263242857992	149	249
1112.5	77.0	999.2507251529075	17.351983144735687	51.892184269032064	44.09499844978217	46.06151015766984	-5.457619130130986	149	249
1117.5	55.0	999.2507251529075	17.351983144735687	51.892184269032064	44.09499844978217	37.153350116753515	-6.739926548693023	149	249
1122.5	75.0	999.2507251529075	17.351983144735687	51.892184269032064	44.09499844978217	29.691065896644474	-4.4460715260837915	149	249
1127.5	44.0	999.2507251529075	17.351983144735687	51.892184269032064	44.09499844978217	23.50832025678148	-6.808351334241436	149	249
1132.5	35.0	999.2507251529075	17.351983144735687	51.892184269032064	44.09499844978217	18.44103997152358	-7.298028021731534	149	249
1137.5	26.0	999.2507251529075	17.351983144735687	51.892184269032064	44.09499844978217	14.332343915182575	-7.874939556683853	149	249
1142.5	31.0	999.2507251529075	17.351983144735687	51.892184269032064	44.09499844978217	11.0361357396941	-7.154246704981422	149	249
1147.5	22.0	999.2507251529075	17.351983144735687	51.892184269032064	44.09499844978217	8.419471808558098	-7.849671181394384	149	249
1152.5	22.0	999.2507251529075	17.351983144735687	51.892184269032064	44.09499844978217	6.363860656238848	-7.693198725657777	149	249
1157.5	16.0	999.2507251529075	17.351983144735687	51.892184269032064	44.09499844978217	4.765675608567769	-8.174650931949397	149	249
1162.5	19.0	999.2507251529075	17.351983144735687	51.892184269032064	44.09499844978217	3.535870037372026	-7.762711460269432	149	249
1167.5	13.0	999.2507251529075	17.351983144735687	51.892184269032064	44.09499844978217	2.5991785334113393	-8.296033893616334	149	249
1172.5	14.0	999.2507251529075	17.351983144735687	51.892184269032064	44.09499844978217	1.892970866630948	-8.120664094573124	149	249
1177.5	17.0	999.2507251529075	17.351983144735687	51.892184269032064	44.09499844978217	1.3659026564788017	-7.744570278016209	149	249
1182.5	16.0	999.2507251529075	17.351983144735687	51.892184269032064	44.09499844978217	0.9764804892910842	-7.795362170495839	149	249
1187.5	14.0	999.2507251529075	17.351983144735687	51.892184269032064	44.09499844978217	0.6916324985343469	-7.959379307131985	149	249
1192.5	8.0	999.2507251529075	17.351983144735687	51.892184269032064	44.09499844978217	0.48535020156038733	-8.555139629621399	149	249
1197.5	11.0	999.2507251529075	17.351983144735687	51.892184269032064	44.09499844978217	0.3374450313628419	-8.198729344963077	149	249
