0.4166666666666667	0.0	33.98541855006976	0.013406925735108427	7.731750034198861	0.019387848859110584
1.25	0.0	33.98541855006976	0.013406925735108427	7.731750034198861	0.019387848859110584
2.0833333333333335	0.0	33.98541855006976	0.013406925735108427	7.731750034198861	0.019387848859110584
2.916666666666667	3.0	33.98541855006976	0.013406925735108427	7.731750034198861	0.019387848859110584
3.75	2.0	33.98541855006976	0.013406925735108427	7.731750034198861	0.019387848859110584
4.583333333333334	4.0	33.98541855006976	0.013406925735108427	7.731750034198861	0.019387848859110584
5.416666666666667	8.0	33.98541855006976	0.013406925735108427	7.731750034198861	0.019387848859110584
6.25	14.0	33.98541855006976	0.013406925735108427	7.731750034198861	0.019387848859110584
7.083333333333334	27.0	33.98541855006976	0.013406925735108427	7.731750034198861	0.019387848859110584
7.916666666666667	39.0	33.98541855006976	0.013406925735108427	7.731750034198861	0.019387848859110584
8.75	46.0	33.98541855006976	0.013406925735108427	7.731750034198861	0.019387848859110584
9.583333333333334	103.0	33.98541855006976	0.013406925735108427	7.731750034198861	0.019387848859110584
10.416666666666668	176.0	33.98541855006976	0.013406925735108427	7.731750034198861	0.019387848859110584
11.25	249.0	33.98541855006976	0.013406925735108427	7.731750034198861	0.019387848859110584
12.083333333333334	377.0	33.98541855006976	0.013406925735108427	7.731750034198861	0.019387848859110584
12.916666666666668	546.0	33.98541855006976	0.013406925735108427	7.731750034198861	0.019387848859110584
13.75	779.0	33.98541855006976	0.013406925735108427	7.731750034198861	0.019387848859110584
14.583333333333334	1113.0	33.98541855006976	0.013406925735108427	7.731750034198861	0.019387848859110584
15.416666666666668	1581.0	33.98541855006976	0.013406925735108427	7.731750034198861	0.019387848859110584
16.25	2177.0	33.98541855006976	0.013406925735108427	7.731750034198861	0.019387848859110584
17.083333333333336	2786.0	33.98541855006976	0.013406925735108427	7.731750034198861	0.019387848859110584
17.916666666666668	3753.0	33.98541855006976	0.013406925735108427	7.731750034198861	0.019387848859110584
18.75	4972.0	33.98541855006976	0.013406925735108427	7.731750034198861	0.019387848859110584
19.583333333333336	6391.0	33.98541855006976	0.013406925735108427	7.731750034198861	0.019387848859110584
20.416666666666668	7887.0	33.98541855006976	0.013406925735108427	7.731750034198861	0.019387848859110584
21.25	9685.0	33.98541855006976	0.013406925735108427	7.731750034198861	0.019387848859110584
22.083333333333336	11891.0	33.98541855006976	0.013406925735108427	7.731750034198861	0.019387848859110584
22.916666666666668	14227.0	33.98541855006976	0.013406925735108427	7.731750034198861	0.019387848859110584
23.75	16957.0	33.98541855006976	0.013406925735108427	7.731750034198861	0.019387848859110584	17424.1790820494	-3.539217282265429	28	52
24.583333333333336	19616.0	33.98541855006976	0.013406925735108427	7.731750034198861	0.019387848859110584	19980.01176377387	-2.5752390498105266	28	52
25.416666666666668	22559.0	33.98541855006976	0.013406925735108427	7.731750034198861	0.019387848859110584	22646.135140370963	-0.5790236302213329	28	52
26.25	25223.0	33.98541855006976	0.013406925735108427	7.731750034198861	0.019387848859110584	25371.57285174262	-0.9327510869860359	28	52
27.083333333333336	28350.0	33.98541855006976	0.013406925735108427	7.731750034198861	0.019387848859110584	28096.720362759108	1.51102782211037	28	52
27.916666666666668	31161.0	33.98541855006976	0.013406925735108427	7.731750034198861	0.019387848859110584	30755.217914562596	2.3138407509127945	28	52
28.75	33726.0	33.98541855006976	0.013406925735108427	7.731750034198861	0.019387848859110584	33276.44546274816	2.464415437013622	28	52
29.583333333333336	35923.0	33.98541855006976	0.013406925735108427	7.731750034198861	0.019387848859110584	35588.5252610414	1.7729983341589568	28	52
30.416666666666668	37962.0	33.98541855006976	0.013406925735108427	7.731750034198861	0.019387848859110584	37621.66358790811	1.7546456266666086	28	52
31.25	39875.0	33.98541855006976	0.013406925735108427	7.731750034198861	0.019387848859110584	39311.61998618618	2.841456197954577	28	52
32.083333333333336	40920.0	33.98541855006976	0.013406925735108427	7.731750034198861	0.019387848859110584	40603.06587573748	1.5728582631177828	28	52
32.91666666666667	41551.0	33.98541855006976	0.013406925735108427	7.731750034198861	0.019387848859110584	41452.588575310074	0.483358868287788	28	52
33.75	41591.0	33.98541855006976	0.013406925735108427	7.731750034198861	0.019387848859110584	41831.11354614572	-1.1739968966264658	28	52
34.583333333333336	41411.0	33.98541855006976	0.013406925735108427	7.731750034198861	0.019387848859110584	41725.55642353667	-1.5399176257045033	28	52
35.41666666666667	41015.0	33.98541855006976	0.013406925735108427	7.731750034198861	0.019387848859110584	41139.573925823264	-0.6141822432078662	28	52
36.25	39810.0	33.98541855006976	0.013406925735108427	7.731750034198861	0.019387848859110584	40093.35353983214	-1.4151173338661156	28	52
37.083333333333336	37713.0	33.98541855006976	0.013406925735108427	7.731750034198861	0.019387848859110584	38622.4588523328	-4.6276775998786315	28	52
37.91666666666667	36608.0	33.98541855006976	0.013406925735108427	7.731750034198861	0.019387848859110584	36775.822634597345	-0.8751234804712835	28	52
38.75	34139.0	33.98541855006976	0.013406925735108427	7.731750034198861	0.019387848859110584	34613.045614220646	-2.548004704783191	28	52
39.583333333333336	32102.0	33.98541855006976	0.013406925735108427	7.731750034198861	0.019387848859110584	32201.208778256376	-0.552858529211416	28	52
40.41666666666667	29635.0	33.98541855006976	0.013406925735108427	7.731750034198861	0.019387848859110584	29611.43649073123	0.13693366481700267	28	52
41.25	26979.0	33.98541855006976	0.013406925735108427	7.731750034198861	0.019387848859110584	26915.454575321684	0.38733204335620613	28	52
42.083333333333336	24662.0	33.98541855006976	0.013406925735108427	7.731750034198861	0.019387848859110584	24182.372317723624	3.084287041997617	28	52
42.91666666666667	21933.0	33.98541855006976	0.013406925735108427	7.731750034198861	0.019387848859110584	21475.882997675977	3.119262042415405	28	52
43.75	19638.0	33.98541855006976	0.013406925735108427	7.731750034198861	0.019387848859110584
44.583333333333336	17496.0	33.98541855006976	0.013406925735108427	7.731750034198861	0.019387848859110584
45.41666666666667	15315.0	33.98541855006976	0.013406925735108427	7.731750034198861	0.019387848859110584
46.25	13282.0	33.98541855006976	0.013406925735108427	7.731750034198861	0.019387848859110584
47.083333333333336	11727.0	33.98541855006976	0.013406925735108427	7.731750034198861	0.019387848859110584
47.91666666666667	10167.0	33.98541855006976	0.013406925735108427	7.731750034198861	0.019387848859110584
48.75	8532.0	33.98541855006976	0.013406925735108427	7.731750034198861	0.019387848859110584
49.583333333333336	7381.0	33.98541855006976	0.013406925735108427	7.731750034198861	0.019387848859110584
50.41666666666667	6201.0	33.98541855006976	0.013406925735108427	7.731750034198861	0.019387848859110584
51.25	5466.0	33.98541855006976	0.013406925735108427	7.731750034198861	0.019387848859110584
52.083333333333336	4558.0	33.98541855006976	0.013406925735108427	7.731750034198861	0.019387848859110584
52.91666666666667	3922.0	33.98541855006976	0.013406925735108427	7.731750034198861	0.019387848859110584
53.75	3186.0	33.98541855006976	0.013406925735108427	7.731750034198861	0.019387848859110584
54.583333333333336	2757.0	33.98541855006976	0.013406925735108427	7.731750034198861	0.019387848859110584
55.41666666666667	2313.0	33.98541855006976	0.013406925735108427	7.731750034198861	0.019387848859110584
56.25	1984.0	33.98541855006976	0.013406925735108427	7.731750034198861	0.019387848859110584
57.083333333333336	1614.0	33.98541855006976	0.013406925735108427	7.731750034198861	0.019387848859110584
57.91666666666667	1513.0	33.98541855006976	0.013406925735108427	7.731750034198861	0.019387848859110584
58.75	1229.0	33.98541855006976	0.013406925735108427	7.731750034198861	0.019387848859110584
59.583333333333336	1113.0	33.98541855006976	0.013406925735108427	7.731750034198861	0.019387848859110584
60.41666666666667	924.0	33.98541855006976	0.013406925735108427	7.731750034198861	0.019387848859110584
61.25	810.0	33.98541855006976	0.013406925735108427	7.731750034198861	0.019387848859110584
62.083333333333336	685.0	33.98541855006976	0.013406925735108427	7.731750034198861	0.019387848859110584
62.91666666666667	618.0	33.98541855006976	0.013406925735108427	7.731750034198861	0.019387848859110584
63.75	516.0	33.98541855006976	0.013406925735108427	7.731750034198861	0.019387848859110584
64.58333333333334	432.0	33.98541855006976	0.013406925735108427	7.731750034198861	0.019387848859110584
65.41666666666667	360.0	33.98541855006976	0.013406925735108427	7.731750034198861	0.019387848859110584
66.25	319.0	33.98541855006976	0.013406925735108427	7.731750034198861	0.019387848859110584
67.08333333333334	284.0	33.98541855006976	0.013406925735108427	7.731750034198861	0.019387848859110584
67.91666666666667	270.0	33.98541855006976	0.013406925735108427	7.731750034198861	0.019387848859110584
68.75	210.0	33.98541855006976	0.013406925735108427	7.731750034198861	0.019387848859110584
69.58333333333334	174.0	33.98541855006976	0.013406925735108427	7.731750034198861	0.019387848859110584
70.41666666666667	158.0	33.98541855006976	0.013406925735108427	7.731750034198861	0.019387848859110584
71.25	159.0	33.98541855006976	0.013406925735108427	7.731750034198861	0.019387848859110584
72.08333333333334	135.0	33.98541855006976	0.013406925735108427	7.731750034198861	0.019387848859110584
72.91666666666667	108.0	33.98541855006976	0.013406925735108427	7.731750034198861	0.019387848859110584
73.75	84.0	33.98541855006976	0.013406925735108427	7.731750034198861	0.019387848859110584
74.58333333333334	82.0	33.98541855006976	0.013406925735108427	7.731750034198861	0.019387848859110584
75.41666666666667	73.0	33.98541855006976	0.013406925735108427	7.731750034198861	0.019387848859110584
76.25	76.0	33.98541855006976	0.013406925735108427	7.731750034198861	0.019387848859110584
77.08333333333334	47.0	33.98541855006976	0.013406925735108427	7.731750034198861	0.019387848859110584
77.91666666666667	60.0	33.98541855006976	0.013406925735108427	7.731750034198861	0.019387848859110584
78.75	41.0	33.98541855006976	0.013406925735108427	7.731750034198861	0.019387848859110584
79.58333333333334	48.0	33.98541855006976	0.013406925735108427	7.731750034198861	0.019387848859110584
80.41666666666667	29.0	33.98541855006976	0.013406925735108427	7.731750034198861	0.019387848859110584
81.25	27.0	33.98541855006976	0.013406925735108427	7.731750034198861	0.019387848859110584
82.08333333333334	39.0	33.98541855006976	0.013406925735108427	7.731750034198861	0.019387848859110584
82.91666666666667	21.0	33.98541855006976	0.013406925735108427	7.731750034198861	0.019387848859110584
83.75	24.0	33.98541855006976	0.013406925735108427	7.731750034198861	0.019387848859110584
84.58333333333334	15.0	33.98541855006976	0.013406925735108427	7.731750034198861	0.019387848859110584
85.41666666666667	27.0	33.98541855006976	0.013406925735108427	7.731750034198861	0.019387848859110584
86.25	17.0	33.98541855006976	0.013406925735108427	7.731750034198861	0.019387848859110584
87.08333333333334	17.0	33.98541855006976	0.013406925735108427	7.731750034198861	0.019387848859110584
87.91666666666667	11.0	33.98541855006976	0.013406925735108427	7.731750034198861	0.019387848859110584
88.75	14.0	33.98541855006976	0.013406925735108427	7.731750034198861	0.019387848859110584
89.58333333333334	10.0	33.98541855006976	0.013406925735108427	7.731750034198861	0.019387848859110584
90.41666666666667	10.0	33.98541855006976	0.013406925735108427	7.731750034198861	0.019387848859110584
91.25	9.0	33.98541855006976	0.013406925735108427	7.731750034198861	0.019387848859110584
92.08333333333334	7.0	33.98541855006976	0.013406925735108427	7.731750034198861	0.019387848859110584
92.91666666666667	8.0	33.98541855006976	0.013406925735108427	7.731750034198861	0.019387848859110584
93.75	6.0	33.98541855006976	0.013406925735108427	7.731750034198861	0.019387848859110584
94.58333333333334	9.0	33.98541855006976	0.013406925735108427	7.731750034198861	0.019387848859110584
95.41666666666667	9.0	33.98541855006976	0.013406925735108427	7.731750034198861	0.019387848859110584
96.25	4.0	33.98541855006976	0.013406925735108427	7.731750034198861	0.019387848859110584
97.08333333333334	12.0	33.98541855006976	0.013406925735108427	7.731750034198861	0.019387848859110584
97.91666666666667	9.0	33.98541855006976	0.013406925735108427	7.731750034198861	0.019387848859110584
98.75	10.0	33.98541855006976	0.013406925735108427	7.731750034198861	0.019387848859110584
99.58333333333334	13.0	33.98541855006976	0.013406925735108427	7.731750034198861	0.019387848859110584
100.41666666666667	5.0	33.98541855006976	0.013406925735108427	7.731750034198861	0.019387848859110584
101.25	8.0	33.98541855006976	0.013406925735108427	7.731750034198861	0.019387848859110584
102.08333333333334	7.0	33.98541855006976	0.013406925735108427	7.731750034198861	0.019387848859110584
102.91666666666667	6.0	33.98541855006976	0.013406925735108427	7.731750034198861	0.019387848859110584
103.75	13.0	33.98541855006976	0.013406925735108427	7.731750034198861	0.019387848859110584
104.58333333333334	5.0	33.98541855006976	0.013406925735108427	7.731750034198861	0.019387848859110584
105.41666666666667	3.0	33.98541855006976	0.013406925735108427	7.731750034198861	0.019387848859110584
106.25	4.0	33.98541855006976	0.013406925735108427	7.731750034198861	0.019387848859110584
107.08333333333334	9.0	33.98541855006976	0.013406925735108427	7.731750034198861	0.019387848859110584
107.91666666666667	4.0	33.98541855006976	0.013406925735108427	7.731750034198861	0.019387848859110584
108.75	8.0	33.98541855006976	0.013406925735108427	7.731750034198861	0.019387848859110584
109.58333333333334	5.0	33.98541855006976	0.013406925735108427	7.731750034198861	0.019387848859110584
110.41666666666667	7.0	33.98541855006976	0.013406925735108427	7.731750034198861	0.019387848859110584
111.25	3.0	33.98541855006976	0.013406925735108427	7.731750034198861	0.019387848859110584
112.08333333333334	5.0	33.98541855006976	0.013406925735108427	7.731750034198861	0.019387848859110584
112.91666666666667	3.0	33.98541855006976	0.013406925735108427	7.731750034198861	0.019387848859110584
113.75	1.0	33.98541855006976	0.013406925735108427	7.731750034198861	0.019387848859110584
114.58333333333334	2.0	33.98541855006976	0.013406925735108427	7.731750034198861	0.019387848859110584
115.41666666666667	3.0	33.98541855006976	0.013406925735108427	7.731750034198861	0.019387848859110584
116.25	6.0	33.98541855006976	0.013406925735108427	7.731750034198861	0.019387848859110584
117.08333333333334	5.0	33.98541855006976	0.013406925735108427	7.731750034198861	0.019387848859110584
117.91666666666667	5.0	33.98541855006976	0.013406925735108427	7.731750034198861	0.019387848859110584
118.75	5.0	33.98541855006976	0.013406925735108427	7.731750034198861	0.019387848859110584
119.58333333333334	2.0	33.98541855006976	0.013406925735108427	7.731750034198861	0.019387848859110584
120.41666666666667	1.0	33.98541855006976	0.013406925735108427	7.731750034198861	0.019387848859110584
121.25	2.0	33.98541855006976	0.013406925735108427	7.731750034198861	0.019387848859110584
122.08333333333334	4.0	33.98541855006976	0.013406925735108427	7.731750034198861	0.019387848859110584
122.91666666666667	2.0	33.98541855006976	0.013406925735108427	7.731750034198861	0.019387848859110584
123.75	2.0	33.98541855006976	0.013406925735108427	7.731750034198861	0.019387848859110584
124.58333333333334	1.0	33.98541855006976	0.013406925735108427	7.731750034198861	0.019387848859110584
125.41666666666667	3.0	33.98541855006976	0.013406925735108427	7.731750034198861	0.019387848859110584
126.25	7.0	33.98541855006976	0.013406925735108427	7.731750034198861	0.019387848859110584
127.08333333333334	6.0	33.98541855006976	0.013406925735108427	7.731750034198861	0.019387848859110584
127.91666666666667	0.0	33.98541855006976	0.013406925735108427	7.731750034198861	0.019387848859110584
128.75	2.0	33.98541855006976	0.013406925735108427	7.731750034198861	0.019387848859110584
129.58333333333334	6.0	33.98541855006976	0.013406925735108427	7.731750034198861	0.019387848859110584
130.41666666666669	5.0	33.98541855006976	0.013406925735108427	7.731750034198861	0.019387848859110584
131.25	4.0	33.98541855006976	0.013406925735108427	7.731750034198861	0.019387848859110584
132.08333333333334	1.0	33.98541855006976	0.013406925735108427	7.731750034198861	0.019387848859110584
132.91666666666669	7.0	33.98541855006976	0.013406925735108427	7.731750034198861	0.019387848859110584
133.75	2.0	33.98541855006976	0.013406925735108427	7.731750034198861	0.019387848859110584
134.58333333333334	8.0	33.98541855006976	0.013406925735108427	7.731750034198861	0.019387848859110584
135.41666666666669	1.0	33.98541855006976	0.013406925735108427	7.731750034198861	0.019387848859110584
136.25	5.0	33.98541855006976	0.013406925735108427	7.731750034198861	0.019387848859110584
137.08333333333334	2.0	33.98541855006976	0.013406925735108427	7.731750034198861	0.019387848859110584
137.91666666666669	3.0	33.98541855006976	0.013406925735108427	7.731750034198861	0.019387848859110584
138.75	2.0	33.98541855006976	0.013406925735108427	7.731750034198861	0.019387848859110584
139.58333333333334	6.0	33.98541855006976	0.013406925735108427	7.731750034198861	0.019387848859110584
140.41666666666669	2.0	33.98541855006976	0.013406925735108427	7.731750034198861	0.019387848859110584
141.25	2.0	33.98541855006976	0.013406925735108427	7.731750034198861	0.019387848859110584
142.08333333333334	1.0	33.98541855006976	0.013406925735108427	7.731750034198861	0.019387848859110584
142.91666666666669	3.0	33.98541855006976	0.013406925735108427	7.731750034198861	0.019387848859110584
143.75	6.0	33.98541855006976	0.013406925735108427	7.731750034198861	0.019387848859110584
144.58333333333334	4.0	33.98541855006976	0.013406925735108427	7.731750034198861	0.019387848859110584
145.41666666666669	2.0	33.98541855006976	0.013406925735108427	7.731750034198861	0.019387848859110584
146.25	3.0	33.98541855006976	0.013406925735108427	7.731750034198861	0.019387848859110584
147.08333333333334	5.0	33.98541855006976	0.013406925735108427	7.731750034198861	0.019387848859110584
147.91666666666669	1.0	33.98541855006976	0.013406925735108427	7.731750034198861	0.019387848859110584
148.75	0.0	33.98541855006976	0.013406925735108427	7.731750034198861	0.019387848859110584
149.58333333333334	4.0	33.98541855006976	0.013406925735108427	7.731750034198861	0.019387848859110584
