1611
1899
3070
3819
4309
4368
5070
5853
6142
6800
8680
8707
10161
11105
11172
11407
12615
13148
15341
15352
15957
16389
16958
17302
17320
17933
18272
18789
18905
19312
21079
21449
21956
22096
22182
22624
28365
29607
29742
29779
30624
31127
32619
36468
37656
37674
38108
38432
38523
38720
40089
40126
40765
42718
43889
44972
45661
48097
51609
52934
53990
54672
55081
56215
56695
57298
60792
63820
66258
66363
67656
68323
68445
68520
70241
70305
70733
71160
73898
74949
75386
77354
78103
79893
81148
81355
82275
82326
82543
83315
83610
84264
84994
85632
86216
89354
89994
91512
93714
94946
95155
95386
95888
96011
97192
99307
101182
101623
102157
102326
102856
105026
105270
105396
107403
107466
108508
108792
109172
111040
112425
112617
113251
113856
114441
114506
114945
115257
116062
116391
119907
120977
121498
122129
123130
123227
123539
125522
125774
126634
127122
127393
128102
129836
130114
130639
130862
131476
132408
132769
133205
134350
134801
136258
136916
138586
139735
140362
140969
141939
142110
142583
142811
146416
147224
147317
148557
150649
153299
155003
155762
156468
156912
163033
163145
163277
163990
166144
166491
166891
167431
168543
168665
172184
177311
177688
178229
178525
181342
182579
183011
184314
185329
186583
186756
188296
191367
191846
192947
193523
193700
196811
198101
199112
200226
201057
202340
202365
203322
205103
205660
205879
206108
206123
206532
207205
207343
207545
207734
207946
208676
210351
210653
211346
212361
212488
215276
215422
217562
220861
221940
222398
223472
224164
224437
224609
225514
225585
225832
226106
226618
226634
227780
228128
229235
230294
232869
233373
233534
235889
237121
237841
240392
240996
241190
241702
246821
247183
247657
250574
250771
250932
253332
253581
253621
254462
255364
255841
256695
257321
257454
257955
257983
258325
259279
259402
259753
260292
260314
260792
261180
261254
262669
265782
266822
267947
268497
270534
271131
271279
272738
272846
275436
277539
277876
278432
278542
279869
280318
280587
282784
283897
284560
288438
288631
288834
289013
289173
290011
291817
293195
293236
293329
293477
293850
295596
295676
297181
297404
299659
301837
302147
303323
303436
304752
306039
306848
307728
309116
309734
310219
310766
312255
312596
313512
314128
315147
316149
317098
317799
318555
318680
320149
320325
321372
321951
322574
322577
322642
322947
324653
325839
326680
326984
327084
327150
327387
327431
327755
327836
327889
328877
328977
329050
329763
330201
331771
332169
332463
333669
333769
334883
335491
335780
335876
336070
337020
338340
338871
341740
342206
343520
344416
346841
348652
349450
349623
350249
350748
350980
351655
351904
352490
353627
356179
356472
358211
358476
359570
360629
361696
364547
367322
367393
367911
369728
369858
371976
373878
374000
374645
376117
376715
378875
379034
379738
380733
381156
381507
382956
383582
384079
384375
384627
385891
386493
386799
387684
390759
391122
391193
392630
393173
394111
394884
394989
397094
401142
401274
403349
403442
404122
408661
409719
409962
412472
413856
414669
417764
418281
419161
420488
420536
420627
420953
420990
421204
422128
423328
423462
425653
425744
427522
428279
428740
429332
430873
431277
432172
433222
433456
434734
436546
436875
437087
437206
438409
439213
440493
440547
441333
442938
443315
444379
444435
444530
447310
448443
448983
449457
451610
452714
453614
454488
456128
458239
458246
459321
459420
459517
459740
460369
461004
461346
462215
465837
467431
469705
469811
470316
470841
471790
471866
472602
475044
475535
476107
476503
477079
477237
477288
477328
477437
478177
480131
480541
481522
483000
483186
483272
483334
484116
484428
486309
486846
489226
489331
490473
493385
493625
495689
496012
496067
496762
501595
503000
504901
508992
509304
509948
510089
510159
512545
513600
513649
514073
514403
515413
515958
516776
517091
519174
519229
519771
520460
521206
522608
523565
523922
525746
526068
527126
528069
528278
528285
529185
530122
530346
530983
531623
531754
532502
532522
532696
533059
535344
536007
536258
537962
538005
538193
540148
540222
541269
541823
542411
542780
543093
543807
544721
544907
546426
550006
550026
551515
552157
553547
555836
556089
559702
560134
562292
562366
563389
564037
566465
566947
566959
568301
568600
568625
568762
569661
570911
571012
571148
571944
573889
574508
574604
574930
574956
574972
575027
575666
575805
576284
577322
577873
578119
578375
578550
578694
579090
579441
579455
580089
581310
581362
581715
582462
583719
585775
586104
586232
586413
586856
590221
592449
592751
592811
592841
595248
595637
596549
597938
598961
600329
601798
602333
602605
604377
604548
607437
608050
608223
609398
610298
611947
612868
613376
613381
614892
615778
615786
618757
619796
621334
624281
624989
625742
627807
627992
628410
629936
630655
631492
631947
632252
633667
633713
634363
634388
634505
634545
637210
642105
642944
643198
643692
644341
646824
647098
647214
648148
648710
649361
649468
649574
650993
651239
652517
653273
653820
653886
653944
655209
658218
659077
660419
660566
662344
663060
663210
664786
665122
667260
669820
669922
670265
672082
672768
673238
673386
673605
673619
673770
674617
675875
676649
677472
680900
681052
682826
683438
683537
683810
685165
685938
686257
686491
687474
687967
691794
692442
698924
698968
699399
699713
700867
701201
701250
702084
702368
702951
704938
707349
707376
707700
707890
707954
708383
709090
710857
711597
712339
712567
713268
713368
714083
715008
715016
720288
720659
721086
721192
721612
722293
724047
724872
725820
726093
727762
728595
728693
731122
731290
731994
733104
734294
735191
735477
735762
736288
737639
737998
738353
741071
741853
742980
743478
743721
745863
746844
748336
748693
748899
749929
750450
752337
752900
753163
754210
755079
756066
757521
758419
758963
759388
759708
761049
761428
761935
762047
762914
764451
767409
768499
768559
769223
769928
770040
770348
770939
771277
771444
773168
773884
773913
773935
774786
776422
777317
777436
777697
777840
779039
779043
779396
779470
780854
781104
781612
783565
784759
785047
785633
787207
787366
787914
789074
789851
790694
791180
791856
793253
793537
793787
794384
795729
796229
796648
796885
796951
797799
799990
800962
801323
803627
805805
806121
808538
808901
809235
809420
810318
813028
814246
814720
816274
818253
818370
819989
820701
820814
822121
822800
823714
825036
825231
827089
828170
828256
829998
830412
831015
835477
835607
835651
835849
836346
837818
838412
838606
839060
839473
840159
841351
841708
841862
842000
844424
844787
844901
846402
849323
849786
850896
850929
851398
852660
852668
853646
853808
853951
854024
855465
858704
859685
860562
860589
861322
861448
861798
862433
862490
862562
862898
863053
863962
864780
865486
865888
867355
869771
870642
870715
871107
871973
872307
872386
872520
872859
874101
877124
877185
878077
879104
880808
881328
881413
881482
883565
883815
885446
888159
889454
889497
889745
889971
889992
890745
891387
893569
894889
895841
896093
897354
897494
898460
899098
899184
899841
899970
967
1683
2037
2150
2990
3518
3886
4471
6593
6971
8620
10140
11441
15650
16565
18417
18931
18962
19386
22448
25004
25074
25228
26126
27351
27958
29194
29200
30260
31017
31346
31739
35770
35827
36148
36267
36730
38207
38938
40087
40413
40788
40815
41386
43743
44632
44798
45274
45394
46036
48118
51764
52573
53108
53253
54166
54352
55372
55478
56672
58744
58855
59325
60182
61935
63766
64177
64978
65122
66965
68188
68378
69096
69217
69762
69899
70789
71705
73431
74447
77184
77842
78181
78212
78678
79322
79899
79965
85970
88468
88984
89089
89474
91956
92106
93032
93913
94115
95291
97995
98169
98365
100277
101400
101473
102584
103493
106191
106213
110704
111092
112867
112939
113987
116035
117658
118634
123376
123542
124304
124879
125611
126279
127170
127539
127900
128443
128970
130119
130785
131147
131735
132650
134923
135854
136190
138221
138425
140192
142894
145267
149536
151459
151935
152201
153338
154627
157067
158223
159677
159812
161738
162360
163530
165892
166327
166832
169224
169989
172366
173704
174357
174418
174803
175847
176729
178208
179766
181814
182056
183226
184901
185572
186889
187521
189008
190144
190658
190822
192921
193162
194244
194626
194880
195221
195504
196869
199240
199947
200299
201726
203313
205223
205604
206761
206787
207381
208563
208754
209395
210291
212880
212955
213588
213674
214775
214941
215505
215854
220687
221290
222464
222529
223286
225477
226311
227230
228078
228123
228382
229352
229617
231615
231662
233188
234037
236330
236454
236812
236849
240324
241170
242897
244018
246852
246979
247807
250246
250347
250499
252358
254371
254718
255041
257177
257705
258467
260005
260425
261030
262292
262590
263608
264822
267392
267690
268446
268601
269548
272017
272471
272685
273038
275052
275163
275525
276331
276459
277631
278533
279206
282163
284754
285716
286364
287036
288021
289169
289276
289638
290109
291398
291469
291932
294274
294317
296031
296820
297918
299031
303605
304094
304185
304246
305298
305651
309166
309194
309459
310976
313015
313619
313882
315064
316279
316771
317701
317927
318147
318171
318345
318624
319128
320070
320350
321682
322325
322547
323790
323797
323912
324181
324613
325058
326569
328995
329353
330834
331873
332421
335487
338388
339904
344634
345024
348162
348568
349762
350616
351231
352535
352640
356040
356084
356379
356524
357256
357751
359367
363042
363341
367206
367670
368885
369357
370667
370669
372747
373676
374136
374957
376158
378071
378098
378368
378472
381222
381750
381898
383366
383792
384273
384611
384660
386906
386960
387033
388178
389286
390056
390082
391159
392570
393443
393935
393985
394950
395041
395124
395207
395803
396244
397189
397489
397679
398998
399712
402024
402815
404775
408078
409389
411867
413565
413863
413957
415770
416859
418577
419414
420182
421419
422344
423559
424049
424931
425266
425970
426809
427214
427363
427515
428528
429327
431764
434851
436996
437706
438070
438768
440910
441964
442333
444162
444270
444765
445406
448083
450916
451012
451957
452791
452874
454666
454958
455126
456400
456521
456756
457217
459904
459978
461244
462086
462606
462813
463822
464469
464624
465879
468227
468681
469091
469587
470248
471094
472084
475767
476220
476943
477029
477243
478173
478592
479111
479637
479728
479904
480799
480938
481050
481523
482039
482207
482244
482996
483177
485295
487111
492248
492338
495014
495568
496489
499172
500503
501057
501394
501625
501905
502189
502551
503298
503602
503712
504026
504475
504733
506433
506508
506703
507614
509292
510582
510964
511632
512336
512496
512683
514007
514387
514502
514825
514888
515602
515755
515968
516013
516473
517920
519855
520201
520779
521166
521269
521658
522087
522766
522856
523237
523883
525197
525479
525636
525746
526231
526880
529259
531543
531959
533727
534729
534878
536237
536737
538629
538945
539991
541651
545466
546332
546352
549830
552651
552860
553515
555017
563705
564528
565525
566846
571174
571914
572274
572834
573712
573824
577097
577423
577789
578210
578808
579469
579857
580199
580991
581321
583302
585132
586348
588313
588666
589411
589543
589703
590130
590415
591311
591333
592108
594945
595892
595904
596762
597465
597645
598573
599799
600563
601561
602841
603110
604336
604498
605145
606737
609477
610370
610820
611646
612074
614060
614256
614867
615153
615497
616045
616145
617851
618424
618620
620404
621452
623231
623473
623631
623757
624203
624276
625047
625110
625464
625921
626301
626620
627470
627894
629196
629934
631177
631551
631671
633435
633805
633991
634768
635121
635807
636607
639209
639993
640566
642627
642633
643177
643501
644792
645348
645417
645619
645874
646261
646493
647182
648250
649251
649893
652146
652708
654234
654257
655495
656186
658937
660379
661498
665660
666511
668201
668939
669039
669397
671351
672466
673162
673234
673897
675295
676766
676873
677159
677224
677519
679887
680161
680719
680994
681817
682782
682922
683280
683567
684373
684610
684977
686021
686704
687113
687783
688172
688708
688894
689035
689904
693602
694922
695591
697528
700578
701553
703487
704627
704892
704989
705370
705934
706550
706825
707916
708285
708762
709168
710138
711854
711990
713263
713761
714498
714606
715732
715783
717033
717627
718494
718888
718992
719593
721896
722628
723076
724467
724725
728584
728940
729204
729304
731181
732593
735114
736138
736829
737166
737684
739372
740156
741940
742730
742733
744526
744837
744915
745356
745986
747540
747856
748304
751910
753169
753967
754204
755267
755695
755793
760815
762033
762245
763222
763717
765854
766682
769612
772121
772336
773809
774706
775549
780346
780787
781043
781567
782358
784402
784477
785865
787038
787338
788698
788952
789491
789948
790774
792502
797407
797561
799103
805426
805528
809007
809230
809361
809685
810240
811697
812677
812776
813371
816974
817116
818640
819679
820753
821301
821745
824227
825331
826097
826258
827391
832373
832748
835738
836843
837575
838269
840410
840462
840937
842321
843296
843480
843940
844121
844555
847013
847348
850074
853218
853564
856092
857304
857705
858344
858621
858994
859333
860353
861599
862092
864537
866111
866559
868620
868920
869307
870425
871474
872210
872714
872792
872841
873403
875158
875877
876741
876877
877458
877499
879049
879632
879892
880746
881960
882452
882475
883186
884427
887679
888587
889714
890258
890336
890794
892066
892146
892510
892529
894741
895126
895656
899902
