76
146
162
353
372
1057
1458
1558
1801
1816
1881
2080
2101
2255
2517
2621
2695
2802
2849
2873
2917
3138
3370
3604
3616
3918
4160
4209
4306
4391
4582
4665
5034
5091
5253
5275
5387
5546
5563
5635
6004
6041
6128
6202
6501
6561
6607
6791
6888
7265
7520
7679
8014
8378
8552
8763
8795
9187
9206
9326
9329
9355
9360
9481
9503
9530
9633
10034
10233
10308
10357
10417
10558
10563
10632
10645
10843
10950
11039
11165
11489
11603
11643
11827
12168
12283
12359
12418
12592
12786
13159
13164
13477
13594
13641
13998
14201
14669
14792
15034
15130
15286
15534
15578
15598
15732
15850
16125
16228
16396
16508
16608
16953
17085
17218
17793
17860
18072
18527
18606
18788
18867
18898
18959
19103
19113
19327
19572
19713
19766
20001
20219
20269
20354
20421
20422
20557
20600
20631
20721
21273
21316
21566
21825
21988
22040
22058
22114
22320
22378
22408
22432
22470
22498
22561
22738
22857
22934
22940
22998
23071
23233
23337
23706
23903
24036
24092
24248
24270
24325
24411
24477
24665
24670
24738
24775
25011
25181
25519
25717
25761
25872
25973
26208
26316
26721
26743
27075
27297
27383
27385
27420
27451
27514
27623
27764
27972
28041
28065
28084
28179
28328
28602
28705
28779
28851
28971
29016
29104
29211
29620
29712
29976
30014
30414
30456
30548
31473
31479
31700
31735
31803
31851
32008
32069
32082
32373
32565
32598
32763
32817
32844
32849
32929
33022
33117
33204
33455
33517
33616
33657
33661
33973
34336
34474
34537
34813
34820
34955
34997
35132
35213
35511
35617
35748
35890
35933
35946
35959
36100
36195
36268
36338
36344
36482
36487
36608
36859
36915
37256
37739
37781
37798
37822
38227
38473
38494
38528
38749
38846
39021
39111
39175
39213
39321
39440
39647
39710
39758
40239
40457
40514
40758
40867
40874
41090
41626
41728
41757
41770
42030
42086
42420
42520
42552
42595
42814
42865
43016
43104
43319
43434
43481
43623
43777
43782
43806
43834
44112
44160
44180
44189
44367
44449
44485
44568
44738
44894
44912
45274
45632
45876
45890
45911
46016
46106
46315
46447
46540
46579
46649
46726
46960
46995
46999
47078
47205
47323
47408
47537
47751
47838
47852
47905
48027
48109
48299
48546
48855
49088
49185
49213
49423
49454
49912
49922
50257
50270
50431
50555
50657
50757
50893
51088
51101
51447
51474
51517
51561
51565
51584
51587
51671
51765
51794
51906
51965
51975
52035
52160
52226
52277
52284
52585
52689
52707
52956
53085
53289
53528
53621
53670
53906
54036
54320
54732
54783
54862
55023
55893
56140
56191
56242
56309
56365
56477
56513
56530
56949
57029
57108
57325
57538
57656
57744
57831
57866
57907
58234
58333
58338
58394
58451
58547
58608
58711
58812
59405
59465
59636
59794
60092
60197
60324
60433
60488
60511
60618
60650
60752
60772
60793
61001
61152
61184
61199
61318
61454
61464
61532
61821
61904
61913
62016
62172
62180
62333
62492
62743
62965
63045
63938
64068
64614
64665
64690
64716
65004
65275
65278
65408
65461
65523
65636
65675
65758
65883
66060
66378
66547
66711
66794
66806
66860
66904
67062
67088
67094
67153
67157
67259
67507
67823
67895
67966
68108
68263
68303
68306
68369
68506
69429
69540
69785
69946
70055
70135
70337
70365
70746
70869
70949
70969
71316
71426
71526
71615
71702
71927
71937
72088
72672
72793
73041
73087
73269
73483
73500
73622
73690
73741
73803
73888
74015
74165
74238
74337
74419
74679
74904
74953
75108
75120
75139
75809
76222
76282
76298
76338
76376
76471
76748
77064
77136
77261
77313
77321
77449
77532
77652
77685
77830
78135
78161
78190
78404
78471
78550
78623
78937
78986
78997
79206
79231
79420
79665
79921
79937
80018
80116
80122
80125
80316
80441
80473
80612
80646
80883
81071
81092
81148
81215
81285
81771
82160
82224
82345
82400
82534
82664
83146
83232
83617
83789
84124
84184
84419
84617
84724
84820
84957
85274
85300
85360
86180
86358
86568
86629
86808
87072
87387
87451
87607
87740
87849
88217
88355
88414
88457
88631
88661
88851
88935
88957
89191
89540
89553
89619
89980
90589
90709
90810
90830
91067
91201
91262
91548
91551
91831
92024
92259
92295
92469
92916
93032
93088
93122
93178
93501
93528
93618
93710
93822
94099
94227
94467
94509
94523
94627
94956
95005
95031
95228
95260
95272
95438
95667
95870
95965
96086
96106
96304
96982
97078
97087
97184
97318
97640
97659
97709
97762
97780
97878
98202
98544
98579
98666
98715
99158
99222
99483
99567
99597
99626
99859
100042
100046
100144
100200
100398
100632
101174
101189
101317
101326
101333
101360
101458
101559
101908
101981
102013
102143
102247
102547
102615
102624
102780
102784
102823
102983
103176
103197
103422
103738
103748
103915
103974
104232
104328
104460
104587
104646
104708
104853
104926
105771
105967
106135
106239
106298
106590
106752
106782
106876
106896
106984
107076
107077
107212
107345
107544
107631
107831
108016
108178
108256
108465
108526
108539
108751
108903
109026
109073
109593
109814
109823
110096
110531
110624
111089
111135
111338
111794
112201
112444
112501
112593
112729
112895
112956
113021
113085
113182
113244
113337
113596
114031
114064
114148
114187
114203
114338
114461
114689
114719
114876
115007
115029
115083
115450
115552
115852
115861
116048
116152
116401
116523
116541
116733
116923
117070
117504
117534
117679
117777
117815
117910
117917
117954
118224
118296
118378
118498
118636
118979
119347
119496
119803
119810
119852
119864
120355
120573
120632
120947
121079
121191
121327
121429
121534
122170
122333
122492
122517
122530
122534
122876
123053
123070
123245
123458
123784
123785
123903
123990
124023
124505
124530
124715
124901
124907
124962
125177
125200
125255
125322
125334
125621
125747
125758
125844
126030
126243
126285
126312
126363
126405
126495
126720
126770
127261
127304
127349
127552
127852
127944
128025
128422
128498
129351
129394
129401
129727
129749
129876
130064
130619
130691
130866
131164
131370
131527
131542
131711
131739
131758
131786
131828
131883
132000
132061
132084
132166
132182
132232
132295
132520
132562
132583
132645
132725
132955
132990
133039
133181
133200
133333
133375
133391
133405
133415
133427
133477
133529
133587
133731
134006
134010
134347
134439
134564
134677
134745
135021
135073
135126
135300
135386
135399
135465
135582
135634
135704
135800
135886
136036
136038
136106
136455
136603
136642
137024
137168
137259
137261
137642
137917
138534
138740
138958
138980
139064
139135
139262
139291
139318
139423
139446
139757
139829
139910
140023
140169
140563
140866
140938
140980
141045
141092
141131
141172
141275
141611
141817
141933
141950
142035
142078
142080
142216
142310
142365
142513
142610
142670
142799
142872
143149
143355
143431
143736
143795
144076
144188
144400
144479
144502
144632
144852
144892
145009
145157
145275
145322
145447
145461
145500
145574
146013
146033
146281
146316
146466
147139
147273
147473
147697
147790
147909
147976
148058
148146
148192
148224
148420
148497
148609
148807
149047
149054
149177
149260
149339
149460
149956
150147
150162
150207
150223
150229
150373
150406
150480
150534
150678
150819
150866
150898
150967
151071
151246
151317
151492
151565
151671
151703
151720
151753
151937
151950
152031
152110
152205
152325
152436
152441
152657
152883
152920
152934
153079
153148
153272
153339
153348
153506
153519
153622
153636
153692
153963
154272
154524
154841
154900
154956
155027
155051
155113
155254
155293
155301
155538
155757
155877
155922
156062
156138
156420
156993
157142
157201
157389
157669
157710
157802
157899
158059
158648
158709
158765
159289
159882
160195
160248
160414
161292
161420
161456
161509
161523
161580
161605
161952
162001
162197
162222
162231
162267
162300
162382
162693
162751
162906
163451
163569
163948
164006
164362
164458
164530
164732
164770
165084
165179
165205
165332
165416
165431
165438
165506
165652
165663
165794
165877
166007
166280
166381
166415
166425
166769
166774
166898
167130
167190
167334
167401
167929
168094
168256
168343
168578
168640
168760
168818
168884
169139
169441
169556
169598
169931
169987
169991
170072
170134
170213
170222
170327
170565
170768
170926
171092
171135
171188
171376
171516
172291
172356
172482
172523
172646
172654
172872
173051
173096
173142
173543
173802
173821
173846
174044
174075
174194
174363
174493
174754
174844
174850
174946
175275
175360
175367
175571
175852
175917
175925
176274
176565
176655
176804
177099
177164
177301
177381
177828
177871
177889
178013
178023
178161
178558
178820
178882
179127
179216
179272
179431
179454
179553
179625
179834
179979
180379
180403
180450
180512
180860
181015
181038
181119
181123
181314
181384
181408
181432
181552
181628
181688
181715
182011
182246
182364
182745
182760
182783
182828
182935
183315
183681
183723
183793
183864
183895
184135
184199
184343
184431
184496
184736
184995
185182
185241
185333
185764
186202
186213
186447
186484
186718
186721
186796
186830
186855
186979
187016
187309
187602
187658
187729
187761
187974
188223
188280
188541
188912
189055
189221
189512
189656
189687
189755
190226
190307
190626
190799
190850
190897
191009
191056
191109
191266
191297
191325
191353
191361
191376
191456
191769
191770
191981
192187
192297
192367
192502
192731
192881
192900
193058
193126
193313
193350
193402
194002
194405
194676
194711
194755
194945
195151
195285
195404
195808
195829
196120
196291
196442
196462
196585
196765
196887
196940
196966
197167
197255
197783
197850
197878
197949
198068
198125
198210
198328
198419
198507
198661
198673
198864
198906
199405
199432
199698
199834
199870
199933
200130
200238
200307
200395
200605
200874
201011
201171
201825
201896
202025
202440
202479
202489
202547
202553
202558
202624
202733
202976
203173
203233
203765
204148
204272
204378
205575
205835
205955
206017
206227
206257
206683
206867
207111
207386
207418
207504
207612
207857
207896
207906
208539
208711
208995
209062
209194
209346
209373
209441
209558
209571
209651
209884
210073
210325
210357
210468
210546
210571
210576
210677
210716
210748
211192
211387
211699
211743
211875
211913
212242
212356
212429
212592
212684
212690
212928
212962
213058
213234
213273
213332
213341
213342
213569
213592
213684
213810
213914
213933
214017
214020
214159
214228
214297
214376
214446
214487
214578
214928
214938
215109
215125
215335
215372
215491
215499
215511
215752
215759
215819
215927
215934
216525
216890
216973
217007
217025
217056
217409
217900
218035
218504
218601
218799
218840
219428
219584
219721
219780
220137
220197
220224
220244
220312
220442
220596
220701
220823
220845
221187
221402
221578
221757
221765
221830
221978
222945
223211
223354
223388
223547
223588
223755
224041
224438
224788
224823
224999
225484
225527
225554
225763
225796
225847
225887
226156
226634
226799
227011
227031
227046
227166
227180
227922
228038
228123
228201
228544
228883
229070
229496
229659
229770
229782
229804
229927
229928
229970
229975
230109
230284
230379
230660
230669
230730
230773
230886
231069
231081
231438
231559
231838
231972
232050
232086
232302
232349
232509
232882
233112
233267
233465
233472
233479
233583
233626
233678
233687
233720
233850
233857
233863
233940
234002
234105
234440
234499
234595
234670
234683
234865
235114
235138
235442
235563
235928
236221
236286
236554
236673
237116
237143
237334
237478
237480
237566
237770
237780
237848
238505
238615
238622
238706
238898
239024
239039
239152
239158
239160
239176
239343
239359
239412
239627
239713
239775
240001
240149
240515
240697
240785
240841
240907
241021
241065
241123
241696
241723
241750
241883
241905
241928
242268
242315
242329
242372
242406
242532
242543
242591
242726
243011
243062
243926
244169
244542
244583
244631
244746
244789
244889
245032
245398
245436
245567
245988
246468
246565
246616
246792
246989
247114
247190
247295
247443
247459
247490
247598
247741
247944
247956
248211
248255
248386
248452
248501
248555
248573
249000
249206
249299
249780
249813
250037
250331
250448
250513
250745
250793
250931
251006
251012
251022
251028
251542
251686
251945
251984
252042
252263
252374
252402
252459
252519
252599
252766
252960
253206
253290
253379
253738
253855
254176
254223
254298
254402
254423
254467
254496
255401
255535
255540
255599
255607
255655
255704
256110
256259
256409
256541
256652
256676
256841
256949
257113
257125
257312
257345
257468
257502
257628
257852
257876
257897
258002
258012
258135
258173
258258
258274
258343
258366
258440
258964
259095
259099
259141
259238
259449
260028
260180
260194
260290
260362
260460
260660
260808
261371
261441
261472
261565
261651
261687
261711
261819
261850
262036
262171
262489
262528
262542
262691
262695
262700
262785
262793
262844
263064
263212
263214
263230
263314
263349
263588
263713
263740
263836
264067
264304
264315
264332
264345
264385
264491
265029
265069
265209
265244
265300
265309
265322
265340
265626
265656
265871
265920
266229
266313
266440
266613
266830
266890
266911
267060
267063
267094
267116
267359
267520
267524
267533
267577
267579
267621
267664
267699
267797
268275
268632
268662
269045
269241
269370
269392
269449
269490
269506
269544
269576
269745
269980
270129
270141
270271
270341
270727
270798
271122
271129
271322
271466
271647
271661
271995
272021
272263
272395
272483
272552
272558
272591
272688
272694
272766
272847
273101
273507
273691
273738
273844
274380
274417
274526
274560
274585
274631
274805
274808
274905
275074
275361
275537
275557
275674
275907
275929
276150
276443
276458
276505
276620
276688
276820
276832
276903
276951
277195
277244
277303
277752
277885
278295
278313
278314
278413
278692
278830
278899
279240
279418
279560
279625
280032
280120
280212
280426
280436
280694
280872
280942
280959
281285
281440
281565
281662
282090
282268
282616
282666
282873
282880
282964
283080
283198
283202
283277
283331
283555
283626
283936
283946
283979
284053
284180
284751
284923
284962
285008
285077
285089
285153
285822
285923
285994
286156
286245
286293
286434
286438
286456
286480
286485
286550
286576
286989
287052
287278
287398
287539
287680
287855
288124
288184
288196
288292
288514
289074
289121
289191
289213
289610
289717
289980
290434
290695
290772
290979
291183
291314
291349
291408
292044
292054
292122
292134
292307
292637
292850
292913
293059
293064
293109
293365
293409
293432
293480
293586
293588
293738
293965
294170
294216
294410
294598
294607
294681
294706
294823
294867
294976
295145
295186
295226
295412
295458
295551
295608
295860
295923
295929
295999
296009
296102
296278
296343
296387
296544
296755
296921
297009
297024
297132
297143
297196
297276
297365
297405
297549
297839
297901
297903
298019
298030
298129
298162
298260
298276
298800
298816
299411
299546
299594
299790
299821
300017
300246
300642
300839
300928
301098
301133
301226
301330
301436
301466
301480
301625
301763
301782
301834
301885
301913
301919
302048
302117
302213
302289
302371
302673
302719
302748
302946
303021
303072
303292
303386
303450
303469
303658
304175
304181
304229
304473
304573
304788
304913
305188
305506
305673
305729
305936
306000
306210
306269
306589
306708
306720
306919
306936
306963
307076
307326
307585
307692
307710
307727
307859
307862
308091
308279
308412
308606
308667
308675
308754
308837
308889
309038
309234
309552
309569
309646
309747
309842
310121
310417
310473
310496
310516
310657
310772
310962
310966
310984
311110
311291
311322
311384
311406
311410
311934
311984
312095
312136
312362
312515
312534
312672
312905
312935
312988
313124
313357
313467
313501
313576
313624
313671
313686
314217
314262
314343
314477
314529
314593
314653
314833
314918
315068
315240
315241
315268
315430
315751
316177
316245
316287
316297
316340
316408
316678
316691
316826
316936
317101
317267
317382
317435
317445
317608
317866
318232
318507
318551
318570
318668
319049
319224
319491
319492
319779
319797
319805
319897
320185
320319
320323
320327
320569
320649
320916
320953
321102
321276
321346
321490
321511
322027
322044
322490
322591
322629
323055
323271
323347
323705
323830
323917
323977
323978
324415
324599
324609
324685
324789
324895
324897
324917
325132
325319
325417
325641
326155
326423
326565
327078
327090
327207
327332
327424
327627
327710
327819
327893
328126
328199
328238
328438
328440
328661
328764
328924
329264
329397
329476
329986
330037
330422
330464
331040
331210
331216
331323
331764
331771
331845
331851
331884
332009
332014
332325
332368
332413
332491
332627
332701
332726
332807
332910
333018
333046
333138
333251
333339
333357
333395
333780
333952
334108
334144
334302
334341
334500
334511
334529
334764
334851
334862
334927
335435
335668
335939
336025
336343
336354
337148
337242
337367
337390
337453
337464
337556
337766
337910
337937
338153
338255
338267
338470
338758
339004
339093
339223
339558
340008
340103
340344
340568
340673
340689
340873
340893
341064
341093
341479
341496
341534
341802
341879
342173
342355
342397
342597
342783
342937
342947
343025
343372
343575
343678
343759
344271
344275
345354
345428
345524
345677
345811
345927
346156
346378
346405
346540
346571
346808
346824
347053
347525
347595
347921
347950
347983
348146
348215
348564
348735
348956
349227
349515
349882
350075
350168
350401
350468
350579
350612
350720
350810
350916
351376
351429
351639
351860
351882
352067
352073
352222
352329
352404
352418
352502
352540
352653
352668
353494
353666
353757
354343
354703
354760
354858
354907
354957
355464
355481
355519
355548
355570
355746
355793
355850
355863
355884
356006
356132
356494
356633
356688
356712
356759
356842
357205
357215
357441
357476
357560
357709
357781
357878
357980
357993
358092
358109
358254
358694
358839
358941
358991
359233
359259
359339
359365
359411
359924
359960
360069
360114
360171
360249
360280
360352
360355
360371
360375
360577
360594
360795
360906
360916
360986
361111
361323
361506
361720
361872
362011
362016
362138
362181
362312
362333
362409
362414
362535
362567
362585
362671
362711
362822
362944
363020
363048
363109
363117
363146
363327
363404
363675
363867
363940
364048
364217
364286
364396
364494
364543
364727
364823
364872
365280
365532
365598
365638
365838
365922
365935
366309
366315
366668
366671
366699
366725
366922
367142
367416
367625
367638
367658
368077
368135
368221
368572
368792
368941
369188
369261
369423
369742
369895
370039
370101
370350
370477
370527
370717
370803
370889
371041
371079
371090
371310
371487
371872
372085
372476
372482
372597
373078
373272
373479
373506
373529
373709
373751
373788
374012
374121
374438
374508
374675
374831
374959
374999
375072
375088
375140
375219
375343
375423
375503
375804
375866
375895
376210
376281
376488
376699
376852
376872
376978
377018
377142
377271
377375
377435
377534
377549
377809
377888
377933
377985
378075
378096
378278
378377
378382
378473
378579
378613
378718
378728
379025
379580
379621
379680
380005
380119
380180
380368
380388
380714
380769
381180
381191
381550
381748
381759
381832
381982
382122
382181
382554
382640
382876
383008
383035
383289
383322
383334
383824
384007
384179
384292
384500
384684
384690
384851
384881
385087
385121
386047
386207
386253
386261
386363
386394
386427
386460
386465
386664
386681
387132
387274
387435
387448
387487
387611
387662
387853
387860
388024
388027
388047
388114
388457
388466
388565
388793
389050
389066
389384
389607
389617
389750
390199
390290
390356
390469
390716
390797
391301
391319
391396
391610
391772
391906
392009
392112
392212
392337
392736
392845
392971
393080
393094
393123
393202
393264
393353
393603
393814
393908
394452
394647
394886
394946
395256
395671
395678
395692
395952
395983
396103
396141
396178
396347
396789
396846
397015
397562
397584
397940
398221
398363
398752
398860
398892
399066
399279
399349
399373
399452
399618
399631
399707
399768
399817
400090
400412
400501
400939
401027
401077
401156
401222
401479
401495
401718
401806
401890
401946
402081
402133
402170
402286
402357
402380
402476
402930
403084
403203
403392
403692
403902
404048
404173
404175
404255
404720
404767
404839
404910
405136
405217
405494
405739
405962
405966
405972
406024
406091
406336
406369
406393
406597
407159
407166
407653
408459
408507
408529
408653
408705
408782
408784
409036
409171
409296
409320
409329
409377
410237
410486
410613
410782
410844
411009
411309
411542
411979
412091
412180
412712
413015
413245
413257
413283
413317
413402
413495
413610
413629
413895
413898
413919
413959
414053
414147
414195
414597
414742
414835
414945
414964
415329
415352
415560
415595
415657
415704
415795
415856
415890
416059
416440
416794
416894
417138
417430
417454
417516
417534
417662
417689
417779
417909
418056
418269
418277
418285
418345
418361
418436
418449
418470
418818
418891
419078
419185
419428
419480
419573
419630
419864
420067
420291
420402
420586
420750
420779
420827
420948
421056
421454
421541
421635
421704
421959
422278
422722
423232
423559
424190
424362
424485
424586
424768
424840
424843
424893
424919
425332
425838
425899
425968
426136
426248
426256
426369
426445
426530
426698
426802
426849
426996
427069
427096
427305
427525
427713
427751
427933
427982
428061
428084
428166
428245
428378
428628
428651
428792
429107
429312
429716
429772
429806
430480
430682
431193
431240
431280
431532
431536
431553
431663
431672
431956
432032
432078
432227
432307
432341
432407
432536
432665
432735
432848
433100
433330
433518
433520
433561
433575
433602
433617
433650
433680
433910
433957
434003
434237
434679
435093
435426
435606
435752
436295
436380
436386
436752
436804
436815
437081
437276
437304
437458
437497
437507
437542
437985
437989
438024
438398
439020
439275
439501
439611
439670
439682
440190
440215
440299
440341
440415
440477
440559
440902
441049
441095
441289
441300
441456
441569
441626
441673
441766
441835
441976
442114
442123
442190
442205
442230
442275
442340
442576
442777
442894
443067
443210
443496
443670
443988
444008
444057
444155
444308
444316
444367
444396
444856
445189
445524
445543
445568
445593
445880
445928
445933
446004
446263
446343
446372
446590
446656
446664
446684
446818
446876
446879
446925
447105
447142
447213
447223
447259
447354
447479
447656
448180
448192
448351
448354
448770
448791
448839
448971
449000
449262
449316
449456
449819
449879
449905
450106
450186
450336
450506
450861
450893
450917
450954
451030
451410
451653
452003
452051
452306
452490
452503
452593
452708
452884
452915
452921
453324
453328
453346
453357
453401
453474
453589
453654
453949
453979
454012
454138
454395
454472
454476
454696
454734
454767
454833
455042
455649
455654
455934
455938
456069
456075
456178
456382
456395
456405
456463
456544
456655
456692
456756
456759
456887
457368
457597
457872
458219
458418
458526
458564
458699
458948
458970
459207
459802
460061
460331
460528
460718
460754
460825
460905
460973
461070
461159
461638
461659
461769
461831
462080
462092
462271
462289
463033
463183
463254
463309
463375
463387
463511
463543
463835
464205
464212
464614
464770
464812
465064
465116
465126
465240
465262
465451
465604
466170
466206
466355
466375
466456
466521
466547
466618
466718
467280
467288
467544
467687
467730
467750
467978
468154
468157
468314
468395
468559
468640
468679
468680
469051
469088
469159
469394
469436
469502
469722
469735
469828
470019
470231
470305
470483
470946
470989
471025
471043
471073
471106
471283
471474
471498
471534
471740
472067
472097
472135
472166
472208
472245
472322
472414
472496
472627
472639
472775
473101
473309
473319
473451
473610
474082
474612
474757
474783
475179
475181
475224
475263
475405
475450
475466
475497
475524
475541
475604
475740
475885
476011
476136
476555
476950
476979
477124
477538
477569
477774
477875
478308
478332
478397
478540
478555
478801
478859
478875
479548
479680
479862
480009
480202
480603
480819
480860
480912
481002
481248
481447
481600
481669
481731
481813
481897
482265
482378
482500
482590
482699
482722
482724
482878
482993
483171
483443
483572
483610
483722
483771
484082
484175
484237
484408
484444
484604
484981
485211
485316
485715
485718
485721
485783
485922
486125
486188
486204
486299
486311
486330
486334
486343
486491
486666
486729
486818
486874
486966
487032
487096
487185
487197
487372
487649
488282
488319
488473
488514
488562
489000
489239
489342
489403
489550
489637
489666
489844
490132
490883
491075
491183
491238
491330
491519
491560
491663
491811
491873
491965
492021
492134
492175
492338
492487
492524
492581
492585
493093
493113
493141
493284
493388
493508
493561
493579
493689
493802
494312
494477
494561
494577
494827
495130
495367
495420
495530
495756
495779
496090
496172
496468
496485
496690
496724
496854
496858
496962
496965
497152
497202
497224
497294
497432
497460
497469
497972
498035
498046
498050
498147
498354
498581
498807
499136
499328
499444
499505
499546
499648
499657
499741
499880
499961
499970
500214
500331
500375
500423
500566
500614
500716
500770
500930
501091
501540
501589
501796
502075
503047
503060
503123
503311
503416
503590
503724
504007
504358
504380
504399
504566
504627
504709
504910
505024
505095
505168
505331
505653
505687
505728
505980
506112
506345
506355
506589
506851
506864
506920
507126
507164
507268
507508
508027
508214
508258
508373
508467
508474
508598
508613
508633
508736
508791
508806
508863
508898
509011
509066
509098
509211
509372
509611
509686
509881
510253
510423
510741
510765
510874
511136
511229
511303
511453
511703
511840
511885
511929
511995
512034
512246
512567
512714
512779
513219
513243
513502
513831
513896
514146
514148
514253
514322
514349
514922
515051
515365
515497
515580
515594
515624
515644
515928
515984
516072
516746
516986
517240
517246
517293
517757
517846
517888
517934
518140
518164
518233
518398
519030
519307
519617
519835
519885
519944
520177
520272
520286
520393
520657
520937
521414
521518
521524
521683
521799
522076
522194
522266
522436
522914
523286
523318
523529
523675
523836
523912
524029
524198
524262
524434
524569
524574
524601
524898
524959
525113
525228
525558
525596
525663
525748
525894
526014
526228
526275
526385
526386
526426
526458
526929
526943
527094
527138
527147
527252
527267
527285
527430
527471
527476
527496
527655
527668
527768
527904
528038
528099
528280
528311
528338
528420
528501
528605
528825
529008
529277
529547
529570
529622
529787
529892
530189
530433
530480
530494
530531
530581
530583
530765
530843
530863
530990
531325
531424
531427
531537
531689
531829
531984
532007
532036
532044
532155
532251
532541
532751
532769
532903
533202
533397
533562
533608
533760
533852
533887
533893
534282
534442
534586
534719
534823
534926
535108
535161
535222
535275
535344
535417
535444
535552
535571
535910
535968
536131
536173
536189
536301
536368
536523
536659
536762
536824
536880
537195
537689
537705
537739
537750
537891
537988
538034
538262
538469
538500
538682
538701
538809
538846
539005
539452
539541
539610
539718
539837
540209
540217
540574
540592
540994
541011
541103
541359
541495
541660
541669
541712
541721
541868
541897
542085
542266
542724
543093
543233
543410
543659
543716
543813
543831
543841
543850
543915
544003
544144
544161
544191
544286
544321
544358
544442
544650
544843
545121
545134
545220
545257
545291
545505
545585
545610
545732
545863
546113
546336
546401
546987
547008
547100
547114
547182
547239
547690
547710
547731
547756
547807
547859
547875
547966
548101
548163
548311
548485
548528
548739
549034
549062
549373
549427
549567
549846
549991
550031
550248
550259
550615
550742
551144
551161
551277
551703
551740
551923
552421
552525
552676
552850
552949
553022
553223
553409
553556
553592
553878
554143
554364
554540
554673
554695
555053
555074
555089
555166
555318
555390
555638
555679
555745
556209
556431
556659
556820
556909
556910
556923
556994
557029
557082
557160
557244
557311
557341
557346
557523
557660
557857
557963
558166
558219
558240
558284
558585
558600
558639
558823
559028
559301
559316
559562
559756
559791
560513
560539
560604
560668
560873
561116
561174
561425
561519
561753
562374
562584
562917
563058
563069
563435
563592
563648
563670
563680
563799
563826
564410
564440
564475
564576
564645
564661
564764
564903
564993
565038
565063
565209
565215
565292
565538
565722
565756
565768
565801
565852
565897
566119
566268
566507
566726
567073
567779
567885
567930
568002
568082
568220
568259
568273
568288
568290
568435
568526
568995
569091
569113
569138
569207
569274
569410
569573
569636
569665
569684
569721
569991
570196
570268
570561
570669
570688
570834
570944
571239
571283
571297
571320
571494
571620
571639
571696
572531
572723
572797
572804
572848
573101
573273
573561
573806
573817
573936
574004
574218
574593
574847
574880
575605
575663
575682
575788
575918
575955
575964
576132
576568
576587
576646
576976
577036
577108
577201
577351
577352
577410
577492
577574
577727
577897
577993
578022
578179
578255
578415
578776
578816
579017
579138
579422
579437
579477
579524
579714
579931
580009
580070
580146
580244
580368
580469
580868
580995
581351
581436
581535
582131
582169
582187
582195
582500
582587
583176
583274
583395
583524
583622
583804
584605
584786
584832
584864
584865
585010
585211
585564
585857
586245
586397
586453
586498
586681
586827
586900
586937
586991
587044
587098
587316
587630
587655
587782
588283
588323
588385
588395
588514
588799
588856
588874
589145
589554
589590
589655
589774
589792
590019
590106
590308
590330
590541
590603
590746
590817
590854
591120
591222
591396
591441
591494
591806
591879
591917
591947
592296
592297
592380
592396
592460
592568
592675
592794
592900
592998
593016
593236
593508
593814
593902
593955
593990
594150
594483
594514
594704
594893
595168
595428
595574
595695
595775
596033
596344
596473
596586
596614
596710
597089
597111
597241
597329
597427
597445
597524
597564
597836
598678
598940
599031
599838
599943
600458
600523
600761
600809
600944
601130
601150
601211
601371
601392
601651
601873
602118
602593
602683
602778
603014
603031
603057
603113
603273
603447
603595
603685
603795
603801
604057
604074
604101
604155
604400
604548
604716
604746
604892
604947
604977
605139
605144
605235
605543
605687
605933
606179
606272
606350
606391
606443
606460
606484
606836
606964
606967
607061
607106
607127
607162
607658
608034
608331
608378
608431
608620
608709
608884
609053
609089
609257
609393
609463
609539
609847
610600
610634
610657
611046
611830
612005
612161
612216
612328
612413
612538
612548
612634
612746
612839
612856
612927
612960
613113
613741
613815
614342
614414
614446
614506
614583
615096
615234
615269
615341
615346
615428
615521
615917
616247
616261
616634
616716
616859
617312
617438
617539
617798
617899
618185
618240
618322
618389
618512
618547
618593
619504
619520
619599
619648
619739
619916
620133
620182
620197
620297
620392
620398
620532
620559
620643
620806
620858
620871
620974
621340
621344
621347
621570
621592
621714
621925
622035
622078
622117
622249
622287
622376
622566
622625
622819
622981
623125
623136
623332
623749
623906
624089
624125
624312
624325
624418
625182
625218
625308
625315
625326
625455
625560
625804
626027
626218
626321
626435
626544
626987
627131
627135
627218
627335
627517
627546
627714
627813
627824
627960
628014
628057
628068
628270
628494
628792
629771
629815
630194
630429
630485
630900
631054
631060
631133
631188
631377
631459
631514
631590
631753
631766
631924
632002
632004
632023
632079
632316
632375
632422
632551
632554
632590
633089
633162
633553
633616
633784
633792
633982
634055
634307
634456
634522
634551
634919
635110
635300
635465
635491
635512
635597
635754
635808
635812
635868
636070
636350
636444
636761
636768
636981
637149
637171
637263
637291
637369
637385
637453
637474
637572
637782
637795
637836
637838
637967
638211
638629
638668
638692
638870
638997
639005
639401
639465
639575
639787
639892
640116
640169
640324
640648
640680
640696
640728
640759
640779
640893
641137
641156
641193
641341
641566
642050
642137
642236
642304
642582
642646
642716
643083
643272
643273
643283
643621
643635
643783
643823
643918
643927
643945
644024
644280
644487
644575
644664
644844
644893
644917
645057
645147
645259
645707
645915
646274
646289
646299
646461
646643
646794
646819
646898
646959
646966
647145
647154
647299
647342
647548
648044
648114
648362
648412
648437
648630
648686
648931
649255
649382
649421
649492
649617
649761
649985
650019
650066
650151
650190
650218
650291
650361
650445
650486
650888
650911
650975
650999
651350
651400
651498
651581
651703
651787
652016
652105
652111
652492
652543
652641
652703
653095
653110
653130
653302
653383
653407
653651
653688
653750
653782
653786
654268
654370
654406
654561
654586
654710
654771
654922
655085
655375
655579
655654
655722
655735
655789
655798
656237
656579
656922
657118
657231
657259
657375
657445
657578
657638
657705
657780
657830
657925
658063
658077
658241
658271
658334
658464
658567
658656
659131
659141
659377
659384
659625
659682
659751
659980
660225
660269
660645
660756
660794
660891
660968
660975
661171
661191
661367
661720
661832
662050
662070
662197
662508
662611
662759
662915
663018
663307
663526
663779
663977
664016
664035
664107
664181
664293
664302
664345
664717
664882
665372
665488
665576
665586
665917
666112
666215
666473
666524
666572
666574
666619
666749
666784
666797
666815
666918
667069
667135
667192
667293
667341
667356
667402
667496
667549
667573
667628
667652
667773
667828
668228
668484
668800
668957
669043
669062
669135
669268
669321
669674
669687
669870
669961
670038
670131
670201
670422
670456
670486
670613
670660
670787
670933
671038
671069
671190
671328
671485
671905
672132
672185
672343
672360
672421
672444
672635
672778
672828
672881
672921
672951
672968
672987
673171
673285
673590
673711
673804
673829
674031
674155
674177
674209
674479
674487
674569
674812
674882
674892
675039
675263
675385
675451
675584
675600
675686
675794
676103
676161
676363
676602
676717
676919
677071
677242
677277
677296
677440
677462
677536
677909
677997
678016
678039
678119
678203
678315
678478
678513
678576
678754
678774
678919
678993
679023
679403
679447
679730
679889
680011
680052
680401
680731
680900
680913
681397
681551
681627
681716
681811
682056
682066
682232
682286
682480
682801
683670
684070
684223
684355
684440
684442
684472
684671
684675
684827
684845
684934
685004
685114
685132
685229
685402
685581
685940
686113
686141
686291
686588
686785
686843
687082
687141
687166
687188
687283
687688
687780
687982
688465
688585
688642
688722
688757
689051
689349
689430
689497
689694
689997
690287
690288
690293
690459
690482
690744
690863
690968
691176
691368
691773
692215
692287
692346
692363
692393
692771
692787
692808
692963
693251
693270
693317
693402
693687
693799
693935
694104
694326
694525
694542
694631
695100
695517
695601
695634
695766
696214
696527
696638
696746
696940
697113
697271
697321
697526
698064
698071
698269
698361
698503
698727
699005
699137
699194
699557
699584
699665
699961
700092
700280
700283
700405
700482
700573
700694
700703
700787
700906
700980
701028
701095
701379
701421
701535
701555
701623
701794
701964
702118
702151
702261
702545
702896
703414
703566
703687
703741
703850
703874
703993
704234
704423
704487
704557
704636
704674
704756
704800
704836
704905
704949
705188
705287
705586
705626
705672
705858
706405
706423
706896
706909
706932
707220
707224
707271
707404
707551
707630
707659
707794
707872
707942
707993
708071
708127
708337
708373
708591
708676
709006
709033
709090
709132
709263
709290
709301
709352
709537
709549
709728
709892
709941
709953
709982
710023
710088
710131
710134
710209
710272
710539
710862
710932
711152
711218
711541
712211
712259
712507
712591
712786
713295
713627
713864
713921
714137
714369
714388
714423
714439
715217
715683
715712
715725
716046
716130
716302
716326
716436
716443
716515
716662
716812
716997
717113
717260
717546
717792
717931
718147
718312
718341
718375
718594
718626
718713
718736
718750
718755
718822
719087
719321
719465
719777
719788
720432
720740
720806
720830
720894
721105
721177
721273
721403
721529
721544
721629
721726
722113
722229
722250
722422
722482
722719
722970
723107
723111
723354
723667
723679
723842
723936
723944
724258
724300
724670
724707
724766
724910
725112
725153
725215
725366
725432
725582
725930
726026
726036
726476
726529
726674
726733
727155
727216
727268
727881
728050
728084
728155
728183
728321
728606
728617
728781
728893
729067
729162
729237
729503
729547
729733
729786
730250
730381
730503
730510
730570
730654
730698
730837
730861
731012
731107
731162
731230
731698
731709
731813
731857
731897
732105
732217
732459
732968
733099
733213
733233
733305
733382
733498
733629
733701
733856
734105
734127
734158
734269
734274
734425
734472
734608
734655
734747
734825
734914
734969
735001
735191
735412
735544
735657
736040
736152
736153
736186
736277
736678
736761
737110
737174
737179
737558
737800
738030
738039
738170
738178
738216
738270
738305
738758
739011
739086
739126
739234
739443
739544
739785
739920
739928
740758
740903
741309
741442
741472
741710
741744
742008
742231
742352
742383
742657
742881
743020
743279
743310
743494
743804
743868
743929
743975
743986
744007
744046
744066
744130
744306
744397
744693
744798
744888
745222
745344
745805
746211
746233
746312
746470
746552
746635
746782
747057
747060
747353
747499
747581
747692
747755
748070
748281
748398
748675
748719
748782
749223
749283
749372
749501
749602
749864
749890
750196
750253
750775
750813
750913
750960
750964
750979
751047
751544
751663
751664
751678
751712
751881
751924
751934
751959
751984
752035
752252
752337
752450
752772
752817
752927
752993
753021
753137
753164
753260
753286
753440
753459
753656
753905
754007
754071
754144
754233
754284
754344
754547
754972
755112
755248
755447
755454
755623
755653
755740
755803
755831
755843
755871
756153
756175
756186
756214
756252
756337
756485
756652
757161
757218
757390
757500
757558
757688
757771
758079
758083
758126
758372
758398
758525
758615
759080
759146
759210
759852
760081
760209
760410
760486
760617
760823
760899
761034
761049
761120
761312
761492
761557
761656
761792
762398
762464
762595
762639
762758
762813
763058
763106
763193
763266
763525
763722
764217
764342
764435
765190
765224
765256
765497
765593
765646
765732
765874
766504
766577
766733
766807
767326
767442
767533
767663
767831
767929
767932
768049
768164
768814
768903
768939
769009
769134
769156
769231
769307
769650
769721
769736
769795
769940
770017
770136
770274
770319
770637
770789
770798
770936
771304
771368
771674
771706
771803
772100
772262
772507
772590
772867
773388
773508
773595
773663
773733
773799
773914
774068
774268
774311
774608
774775
774919
775103
775635
775760
775784
775949
775954
775979
776466
776626
776774
776823
776898
777089
777105
777121
777241
777259
777461
777497
777516
778034
778194
778223
778380
778385
778572
778606
778826
778870
779182
779227
779301
779405
779872
779965
780012
780159
780630
780658
780742
780748
780776
780925
781150
781354
781576
781657
781680
781691
781870
781945
782116
782541
783001
783190
783198
783483
783489
783538
783569
783705
783726
783914
784028
784245
784318
784460
784539
784564
784613
784936
784963
785687
786413
786487
786553
786666
786727
786808
786940
786946
786968
787091
787363
787429
787444
787696
787821
787850
787893
787920
788091
788406
788988
789032
789120
789327
789372
789786
789879
790077
790596
790670
790868
790888
790972
791127
791183
791243
791266
791586
791589
791613
791632
791733
792105
792390
792411
792475
793307
793540
793577
793626
793790
793798
794278
794607
794850
794878
794892
794900
795049
795063
795098
795122
795203
795214
795301
795579
795823
795841
795971
796086
796954
797134
797924
798097
798184
798239
798428
798807
798854
798964
799067
799222
799363
799370
799396
799400
799618
799920
799954
800407
800436
800473
800660
800696
800749
800761
800771
800795
800871
800897
801119
801560
801812
801991
802050
802142
802186
802396
802556
802564
802628
802732
802857
802929
803229
803268
803500
803802
803839
803972
804248
804589
804794
804868
804881
804884
805064
805246
805326
805669
806129
806297
806363
806400
806462
806538
806617
806832
807016
807115
807330
807462
807596
807671
807883
808014
808120
808142
808403
808627
808730
809376
809470
809651
809954
810140
810142
810250
810378
810477
810563
810587
810689
810782
810824
810832
810880
811250
811344
811472
811590
811669
811795
811798
811831
812088
812202
812348
812553
812772
812825
813043
813063
813127
813137
813182
813208
813338
813421
813479
813496
813794
813798
813845
813988
814009
814106
814232
814380
814480
814554
814605
814753
814893
815123
815312
815813
815968
816078
816127
816296
816538
816562
816653
816791
816871
816953
816987
817001
817024
817327
817352
817371
817405
817628
817660
817772
818185
818232
818294
818393
818397
818481
818513
818534
818614
818740
818850
818894
819026
819195
819311
819461
819530
819594
819654
820476
820709
820802
820928
820932
821144
821334
821444
821595
821653
821666
821683
821845
822343
822380
822585
822699
822872
823005
823066
823076
823149
823184
823256
823362
823983
824024
824151
824175
824381
824500
824520
824676
824750
824808
824927
824961
825066
825129
825179
825243
825496
825569
825649
826029
826127
826183
826296
826334
826377
826616
826637
826674
826677
826763
826972
827024
827153
827207
827406
827427
827463
827686
827689
827737
827823
827829
827901
828063
828157
828248
828534
828683
828704
828716
829283
829303
829784
829825
829975
830096
830238
830348
830828
831241
831274
831298
831480
831544
831589
831621
831791
831859
832036
832468
832598
832880
833194
833843
834040
834113
834120
834208
834226
834447
834531
834564
834682
834737
834886
834891
834908
834962
834991
835099
835153
835411
835676
835682
836045
836127
836165
836397
836415
836781
836837
836907
836912
836934
837066
837183
837425
837574
837647
837677
837681
837875
837996
838412
838468
838548
838616
838794
839294
839302
839485
839881
840024
840123
840362
840376
840422
840426
840442
840463
840515
840580
840595
840642
840847
840877
840887
841310
841667
841750
841797
841803
841934
841975
842303
842378
842413
842433
842541
842629
843120
843191
843328
843443
843450
843526
843573
843723
843829
844041
844055
844094
844213
844349
844622
845044
845092
845214
845254
845258
845477
845679
845721
845955
845997
846064
846316
846469
846568
846584
846809
846935
847090
847349
847495
847502
847709
847776
848194
848236
848388
848579
848647
848720
848854
848911
849137
849178
849228
849294
849316
849895
849969
850168
851394
851826
851922
851984
852091
852241
852323
852380
852390
852457
852550
852573
852968
853299
853323
853355
853514
853562
853890
854005
854031
854145
854271
854403
854542
854634
854893
855015
855119
855595
855848
856231
856264
856420
856747
856833
856894
857003
857206
857390
857474
857773
857824
857829
857873
857915
858104
858140
858199
858496
858924
859076
859136
859159
859235
859287
859394
859477
859541
859738
859991
860021
860192
860302
860340
860497
860640
860692
860812
861380
861540
861775
861891
861978
862795
862920
862994
863040
863054
863062
863135
863348
863353
863386
863535
863693
863735
863838
863991
864133
864269
864281
864648
864791
864951
865048
865343
865439
865655
865814
865828
865904
865940
866108
866137
866204
866392
866546
866678
866794
866839
866849
866973
867030
867179
867203
867212
867256
867480
867613
867763
868013
868048
868147
868249
868293
868356
868555
868998
869156
869184
869203
869215
869474
869559
869728
869796
869956
870153
870325
870468
870846
870992
871333
871517
871611
872266
872478
872541
872567
872577
872983
873116
873244
873468
873512
873615
873654
873840
874145
874517
874697
874800
874872
875061
875173
875242
875326
875497
875665
875833
875922
876227
876329
876359
876452
876605
876854
876866
876960
877149
877748
877945
878099
878132
878329
878388
878673
878707
878819
878887
878930
878994
879784
879889
879899
879992
880022
880348
880617
880707
880727
880894
880986
881008
881221
881401
881769
881824
881884
882038
882083
882108
882341
882549
882618
882664
883137
883437
883462
883485
883496
883550
883690
883986
884002
884133
884207
884211
884386
884517
884851
884916
885048
885265
885671
885870
885962
886086
886167
886198
886378
886405
886815
886912
886956
887091
887119
887141
887210
887218
887339
887580
887688
887706
887949
888013
888107
888260
888303
888478
888516
888580
888692
888739
888794
888822
889411
889473
889499
889566
889584
889871
890833
891247
891255
891325
891350
891485
891715
892171
892279
892362
893034
893223
893254
893279
893301
893304
893345
893480
893683
893915
894239
894332
894556
894787
894863
895168
895508
895575
895587
896060
896140
896171
896191
896439
896900
897305
897360
897388
897484
897536
897630
897653
897858
897885
897889
897914
898026
898274
898278
898842
899126
899142
899260
899432
899460
899496
899781
899787
899864
900062
900078
900155
900428
900561
900679
900732
901178
901789
901870
901892
901958
902229
902239
902551
902814
902822
902981
903077
903335
903508
903552
903602
903667
903751
903805
903931
904067
904344
904421
904466
904786
904843
905147
905264
905465
905776
905855
906235
906400
906544
906570
906836
906881
906895
906956
906988
907266
907405
907413
907528
907589
907770
907785
907821
908035
908114
908123
908318
908369
908666
908847
909196
909347
909573
909575
909704
909774
910142
910373
910381
910384
910596
910621
910731
910801
910850
910860
910890
910935
911069
911150
911539
912150
912794
912827
912961
913072
913150
913427
913453
913521
913822
913903
914044
914366
914415
914652
914678
914914
915022
915030
915146
915235
915961
916007
916300
916312
916327
916430
916686
916693
916770
916783
916793
916824
916855
916959
916985
917100
917245
917613
917661
917666
917828
917844
918110
918156
918483
918595
918615
918637
918660
918678
918911
919147
919310
919567
919736
919750
919815
920078
920106
920212
920257
920299
920428
920658
920723
920979
921081
921180
921288
921589
921819
921997
922152
922352
922455
922546
922851
922870
922939
923186
923535
923951
923959
924062
924362
924526
924572
924714
924755
924841
924979
925016
925107
925290
925323
925370
925477
925537
925595
925662
925669
925680
925961
926051
926149
926287
926514
926637
926747
927030
927105
927541
927565
927620
927915
928186
928467
928470
928507
928571
928619
929029
929321
929410
929492
929656
929940
930333
930397
930788
930801
930809
930977
930986
930989
931125
931141
931225
931298
931428
931886
931962
932170
932216
932414
932550
932807
932947
932953
933050
933257
933355
933439
933591
933895
933959
934273
934339
934383
934462
934648
934718
934883
934931
935014
935075
935089
935174
935257
935944
935990
936017
936152
936475
936645
936809
936815
936870
936964
936968
936980
937019
937340
937490
938058
938079
938259
938408
938536
938556
938632
938695
939099
939203
939306
939318
939860
940140
940242
940314
940515
940579
940586
940795
940892
940975
940992
941053
941194
941216
941697
942103
942238
942484
942651
942781
942913
943088
943350
943359
943560
943983
944131
944286
944364
944464
944505
944526
944604
944649
944691
944947
945013
945134
945236
945259
945272
945355
945657
945710
945740
945933
946009
946022
946093
946280
946390
946855
946944
946951
947015
947508
947617
947674
947813
947897
947916
948048
948094
948186
948296
948318
948514
948627
948724
948822
949028
949060
949467
949477
949630
950161
950247
950568
950584
950589
950711
950730
950876
951339
951399
951463
951783
951926
952117
952146
952340
952641
952651
952681
952874
953037
953365
953371
953516
953601
953724
953775
953918
953958
953995
954233
954316
954374
954470
954737
954802
954918
954931
955067
955198
955612
955768
955772
955797
956390
956495
956523
956530
956749
956920
956942
957064
957172
957520
957645
957773
957850
957897
957958
957995
958216
958362
958379
958387
958470
958666
958929
958957
959066
959079
959128
959571
959690
960085
960117
960170
960238
960383
960430
960588
960917
961198
961425
961444
961569
961823
962093
962249
962364
962676
962810
962881
962931
963431
963643
963645
963697
963729
963881
964048
964111
964646
964754
964952
965831
966072
966289
966423
966979
967295
967331
967375
967625
967639
968107
968295
968395
968450
968884
969173
969328
969342
970047
970064
970071
970090
970153
970228
970624
970820
970916
971012
971434
971753
971822
972313
972451
972722
973254
973395
973872
973928
974202
974266
974378
974583
974589
974848
975003
975048
975157
975286
975447
975910
976216
976234
976286
976438
976464
976487
976555
976744
976783
976866
976881
976975
977525
977728
977874
978079
978200
978472
978513
978532
978575
978801
978843
978905
979039
979506
979897
979999
980016
980114
980224
980275
980315
980585
980613
980733
980848
980989
981067
981118
981153
981290
981349
982034
982038
982115
982426
982533
982803
983386
983579
983613
983687
983759
984191
984296
984309
984436
984562
984645
984725
984754
984960
985087
985694
985829
985941
986036
986063
986094
986156
986342
987078
987148
987205
987238
987637
987652
987810
988255
988444
988481
988508
988590
988688
988733
988778
988791
989331
989369
989581
989589
990105
990142
990346
990429
990650
990956
991243
991359
991812
991910
992045
992431
992719
992749
992955
993296
993485
993627
993630
993855
994050
994070
994127
994363
994383
994402
994550
994619
994657
994821
994847
994916
994994
995100
995145
995578
995806
996177
996305
996361
996748
996917
997044
997079
997293
997306
997315
997338
997410
997477
997601
997608
997734
997832
997895
997909
998019
998091
998106
998195
998272
998371
998432
998876
998929
999137
999262
999356
999498
999619
1000115
1000197
1000466
1000469
1000493
1000832
1000871
1001118
1001230
1001400
1001436
1001765
1001891
1002703
1002865
1002980
1003171
1003485
1003665
1003772
1004055
1004289
1004498
1004595
1004783
1004901
1004921
1005726
1005730
1005740
1005792
1005869
1006012
1006412
1006562
1006621
1006670
1007037
1007589
1007917
1008013
1008199
1008953
1009037
1009095
1009531
1009705
1009807
1009856
1009959
1010129
1010159
1010484
1010529
1010552
1010566
1010595
1010707
1010820
1011080
1011214
1011241
1011644
1012154
1012286
1012497
1012619
1012678
1012721
1012747
1012768
1012902
1012971
1013052
1013061
1013090
1013120
1013275
1013325
1013362
1013407
1013491
1013509
1013570
1014004
1014308
1014441
1014488
1014598
1014886
1014947
1015357
1015427
1015431
1016001
1016060
1016128
1016328
1016382
1016404
1016443
1016447
1016681
1016959
1017203
1017217
1017310
1017396
1017410
1017645
1017767
1018062
1018301
1018351
1018731
1018762
1018903
1019013
1019273
1019405
1019486
1019544
1019627
1019650
1019774
1019860
1020114
1020633
1020769
1021012
1021073
1021114
1021293
1021554
1021641
1021684
1022076
1022318
1022376
1022545
1022626
1022663
1022744
1023017
1023108
1023500
1023546
1023620
1023896
1023993
1024149
1024206
1024427
1024527
1024631
1024654
1024804
1025187
1025351
1025365
1025449
1025465
1025636
1025749
1026525
1026780
1027172
1027276
1027729
1027731
1027977
1028053
1028293
1028430
1028477
1028535
1028736
1028923
1028931
1029038
1029128
1029155
1029557
1029697
1029861
1029909
1030003
1030061
1030433
1030633
1031040
1031235
1031291
1031608
1031678
1031927
1031970
1032262
1032360
1032741
1032816
1032911
1033016
1033090
1033424
1033444
1033473
1033540
1033794
1034047
1034156
1034740
1034971
1035309
1035345
1035679
1035706
1035734
1035821
1036302
1036398
1036488
1036593
1036628
1036696
1037245
1037733
1037933
1038016
1038135
1038291
1038308
1038916
1039058
1039073
1039147
1039209
1039212
1039286
1039477
1039492
1039649
1039691
1039737
1039836
1040054
1040169
1040191
1040284
1040478
1040547
1040572
1040617
1040696
1040826
1041018
1041169
1041303
1041344
1041652
1041677
1041689
1041696
1041703
1041835
1041915
1041924
1042263
1042674
1042724
1042753
1042802
1042997
1043066
1043203
1043301
1043572
1044214
1044243
1044387
1044495
1044586
1044839
1045061
1045205
1045478
1045536
1045747
1046292
1046482
1046615
1046682
1046719
1046738
1047000
1047056
1047064
1047238
1047303
1047487
1047785
1047840
1047996
1048255
1048288
1048683
1048719
1048790
1048976
1049125
1049173
1049181
1049348
1049636
1049993
1050129
1050350
1050534
1050613
1050625
1050670
1050850
1050911
1050961
1051124
1051159
1051512
1051513
1051724
1051926
1052400
1052650
1052900
1052991
1053264
1053290
1053513
1054154
1054187
1054275
1054371
1054478
1054851
1054973
1055119
1055135
1055175
1055235
1055715
1055982
1056189
1056530
1056738
1056883
1056969
1057089
1057397
1057444
1057576
1057747
1057914
1057970
1058074
1058090
1058177
1058232
1058525
1058633
1058737
1059267
1059341
1059624
1060035
1060113
1060233
1060319
1060378
1060656
1060916
1061345
1061349
1061435
1061511
1061560
1061627
1061728
1061773
1062155
1062209
1062706
1062747
1062928
1063247
1063442
1063770
1063935
1064068
1064141
1064156
1064170
1064196
1064216
1064538
1064798
1064917
1065031
1065100
1065137
1065369
1065444
1065661
1066018
1066031
1066082
1066281
1066451
1066672
1066730
1066849
1066891
1066936
1066946
1067081
1067243
1067328
1067700
1067850
1067853
1068155
1068426
1068564
1068801
1069333
1069751
1069755
1070215
1070532
1070562
1070833
1071166
1071262
1071333
1071539
1072187
1072252
1072294
1072347
1072627
1072718
1073030
1073111
1073255
1073399
1073476
1073511
1073598
1073801
1073994
1074137
1074283
1074455
1074534
1074643
1074702
1074705
1074907
1075126
1075228
1075620
1075690
1075722
1075737
1075891
1076341
1076397
1076521
1076716
1076968
1076975
1077047
1077249
1077654
1077689
1077738
1077774
1078148
1078883
1078992
1079076
1079312
1079354
1079478
1079515
1079645
1079777
1079944
1080099
1080266
1080640
1080716
1081110
1081327
1081819
1081890
1081910
1082013
1082159
1082182
1082186
1082413
1082592
1082805
1083086
1083610
1083674
1083773
1084207
1084247
1084606
1084677
1085047
1085151
1085296
1085320
1085342
1085445
1085479
1085756
1085885
1086336
1086376
1086470
1086785
1086862
1087030
1087099
1087243
1087263
1087894
1087970
1087993
1088012
1088086
1088142
1088402
1088563
1088698
1088708
1088728
1088745
1088775
1088799
1088871
1088927
1089090
1089094
1089134
1089731
1089824
1090043
1090129
1090248
1090262
1090280
1090398
1090472
1090517
1090579
1090613
1090646
1091107
1091565
1091700
1091719
1091783
1091799
1092151
1092190
1092260
1092432
1092435
1092519
1092635
1092741
1092830
1092912
1092978
1093225
1093440
1093446
1093613
1093679
1093997
1094032
1094036
1094073
1094134
1094220
1094234
1094343
1094574
1094727
1094761
1094834
1094973
1095153
1095998
1096210
1096250
1096525
1096838
1097000
1097590
1097779
1097924
1097976
1098029
1098117
1098260
1098311
1098321
1098327
1098959
1099389
1099581
1099929
1099987
1100019
1100043
1100427
1100571
1100590
1100861
1100899
1101292
1101343
1101435
1101442
1101632
1102181
1102238
1102272
1102355
1102511
1102540
1102881
1103093
1103277
1103314
1103638
1103868
1104145
1104282
1104336
1104448
1104656
1104672
1104913
1104936
1105107
1105268
1105364
1105856
1106048
1106158
1106326
1106560
1106567
1106658
1107019
1107047
1107121
1107129
1107588
1107723
1107728
1107871
1107900
1107959
1108189
1108267
1108311
1108504
1108835
1108862
1108933
1109026
1109124
1109153
1109272
1109752
1109914
1109988
1110061
1110256
1110517
1110632
1110923
1111038
1111101
1111146
1111411
1111504
1111660
1111861
1111990
1112032
1112688
1112823
1112829
1112889
1113100
1113142
1113226
1113240
1113468
1113538
1113653
1114421
1114442
1114732
1114811
1115002
1115232
1115441
1115523
1115697
1115877
1116165
1116178
1116485
1116580
1117096
1117275
1117431
1117470
1117603
1117763
1118347
1118421
1118598
1118640
1118648
1118675
1118904
1119301
1119452
1119480
1119481
1119509
1119870
1120143
1121067
1121250
1121407
1121745
1121750
1121847
1121875
1122078
1122182
1122283
1122452
1122492
1122507
1122632
1123317
1123349
1123498
1123527
1123564
1123578
1123994
1124069
1124339
1124376
1124450
1124580
1124646
1124961
1125113
1125355
1125543
1126172
1126200
1126313
1126384
1126526
1126711
1126773
1126995
1127056
1127291
1127516
1127819
1127871
1127916
1128032
1128147
1128175
1128205
1128438
1128685
1129083
1129153
1129200
1129722
1129872
1129881
1129923
1129966
1130516
1130651
1130681
1130776
1131001
1131108
1131698
1131713
1131746
1131932
1132071
1132362
1132577
1133205
1133367
1133398
1133982
1133991
1134169
1134336
1134382
1134407
1134426
1134659
1134760
1134809
1134885
1135723
1135801
1136103
1136179
1136253
1136371
1136544
1136910
1136996
1137086
1137280
1137292
1137313
1137319
1137370
1137457
1137652
1137664
1137665
1137729
1137756
1137808
1137815
1137892
1138010
1138538
1138711
1138776
1138911
1138924
1138963
1139102
1139269
1139327
1139421
1139480
1139582
1139631
1139793
1139915
1140049
1140198
1140415
1140637
1140747
1140779
1140923
1141093
1141404
1141502
1141598
1141944
1142316
1142396
1142457
1142535
1142778
1142903
1142934
1142954
1143100
1143110
1143196
1143659
1143698
1143714
1143833
1143953
1144085
1144188
1144221
1144300
1144434
1144658
1145385
1145436
1145641
1145691
1146081
1146098
1146128
1146286
1146331
1146345
1146390
1146396
1146817
1147204
1147590
1147669
1147795
1148063
1148692
1148883
1148915
1148921
1149097
1149285
1149291
1149311
1149360
1149390
1149444
1149510
1149627
1149854
1150011
1150146
1150326
1150386
1150417
1150481
1150544
1150667
1150688
1150733
1150796
1151197
1151216
1151291
1151407
1151821
1152252
1152558
1152689
1153066
1153123
1153144
1153304
1153334
1153389
1153624
1153631
1153752
1154100
1154157
1154268
1154566
1154602
1154674
1154682
1154700
1154736
1155071
1155122
1155154
1155183
1155290
1155446
1155462
1155533
1155881
1156022
1156090
1156262
1156294
1156676
1156874
1156913
1157052
1157091
1157140
1157216
1157306
1157394
1157398
1157865
1158140
1158346
1158670
1158841
1158940
1158991
1159194
1159258
1159274
1159415
1159513
1159667
1159743
1159994
1160042
1160990
1161193
1161264
1161355
1161605
1161814
1161889
1162246
1162264
1162318
1162367
1162629
1162695
1162858
1162971
1163602
1163619
1163677
1163744
1163938
1164000
1164158
1164268
1164303
1164355
1164420
1164592
1164686
1164727
1164789
1165054
1165204
1165381
1165391
1165611
1165932
1166035
1166037
1166087
1166284
1166488
1166736
1167175
1167306
1167534
1167677
1167724
1167976
1167981
1168200
1168239
1168349
1168419
1168423
1168824
1168965
1169014
1169307
1169348
1169396
1169607
1169675
1169819
1169883
1169911
1169980
1170057
1170180
1170356
1170491
1170556
1170822
1170863
1170912
1170979
1171177
1171182
1171462
1171523
1171599
1171683
1171762
1171764
1171869
1172094
1172156
1172177
1172382
1172606
1172678
1172752
1172763
1173349
1173453
1173537
1173803
1173834
1174076
1174347
1174349
1174507
1175041
1175150
1175185
1175352
1175373
1175470
1175918
1175941
1175948
1176046
1176183
1176200
1176390
1176422
1176525
1176583
1176591
1176614
1176623
1176659
1176846
1176914
1177063
1177092
1177233
1177381
1177471
1177474
1177860
1177894
1178035
1178587
1178602
1178632
1178733
1178844
1179069
1179088
1179265
1179457
1179913
1180159
1180219
1180512
1180673
1180904
1181262
1181451
1181476
1181581
1181679
1181798
1181907
1181994
1182116
1182213
1182470
1182506
1182550
1182746
1182819
1183384
1183506
1183729
1183761
1184197
1184325
1184634
1184778
1185275
1185324
1185371
1185562
1185833
1186080
1186170
1186176
1186400
1186551
1186584
1186837
1186942
1187144
1187217
1187229
1187461
1187570
1187580
1187686
1187773
1188097
1188118
1188591
1188990
1189018
1189048
1189075
1189560
1189572
1189798
1189839
1190117
1190131
1190136
1190456
1190530
1190620
1190750
1190866
1191013
1191094
1191339
1191416
1191690
1191788
1192040
1192228
1192268
1192448
1192505
1192790
1192865
1193010
1193110
1193173
1193243
1193250
1193582
1193852
1194088
1194131
1194187
1194254
1194255
1194268
1194562
1194807
1195115
1195140
1195190
1195296
1195364
1195365
1195683
1195704
1195819
1195909
1195931
1195963
1196103
1196122
1196344
1196383
1196471
1196562
1196756
1196944
1197049
1197092
1197111
1197153
1197208
1197286
1197563
1197823
1198051
1198347
1198598
1198772
1199429
1199809
1199826
1199854
1199855
1199937
1199947
1200106
1200326
1200618
1201398
1201829
1201940
1201964
1202126
1202842
1202896
1203316
1203485
1203586
1204233
1204647
1204785
1204820
1205106
1205603
1205724
1206063
1206067
1206157
1206307
1206691
1206698
1206733
1207066
1207164
1207203
1207230
1207242
1207356
1207460
1207476
1207553
1208170
1208330
1208404
1208455
1208616
1208762
1209296
1209584
1209790
1209930
1210291
1210326
1210544
1210761
1211166
1211210
1211461
1211518
1211692
1211827
1212198
1212381
1212540
1212909
1212935
1213820
1213995
1214276
1214456
1214897
1214986
1215070
1215365
1215394
1215532
1216100
1216130
1216144
1216147
1216214
1216244
1216268
1216340
1216683
1216698
1217053
1217250
1217264
1217398
1217459
1217579
1217609
1217620
1217622
1217777
1217866
1218214
1218457
1218477
1218649
1218660
1219018
1219059
1219171
1219337
1219361
1219403
1219611
1219655
1220294
1220355
1220494
1220520
1220746
1220823
1220905
1221145
1221950
1222090
1222600
1222774
1222825
1223097
1223499
1223597
1223749
1223828
1224106
1224291
1224836
1225053
1225239
1225495
1225927
1226176
1226229
1226247
1226277
1226593
1226862
1226988
1227031
1227096
1227671
1227724
1227860
1228370
1228430
1228570
1228692
1228950
1229031
1229135
1229194
1229675
1229772
1229867
1229906
1229920
1229978
1230530
1230560
1230611
1230973
1231022
1231340
1231493
1231973
1232135
1232211
1232225
1232299
1232331
1232400
1232544
1232884
1232983
1233131
1233503
1233559
1234041
1234138
1234333
1234368
1234599
1234988
1235040
1235468
1235580
1235633
1235729
1235819
1236016
1236081
1236161
1236577
1237157
1237427
1237558
1237750
1238087
1238163
1238358
1238383
1238439
1238664
1238690
1238765
1238917
1238976
1239023
1239121
1239448
1239587
1239784
1239825
1239872
1240231
1240481
1240753
1240899
1241246
1241320
1241492
1241531
1241619
1241705
1241714
1241741
1241822
1242034
1242058
1242071
1242139
1242422
1242530
1242713
1243343
1243470
1243613
1244119
1244335
1244377
1244510
1244554
1244653
1244842
1244847
1244907
1245035
1245389
1245538
1246160
1246392
1246483
1246670
1246747
1246970
1246975
1247038
1247057
1247346
1247350
1247570
1247582
1247947
1248196
1248213
1248686
1248736
1248907
1248949
1249186
1249394
1249716
1249738
1249845
1249966
1249990
1250146
1250262
1250276
1250316
1250392
1250583
1250776
1250874
1251158
1251187
1251372
1251747
1251961
1252464
1252534
1252585
1252706
1253049
1253125
1253562
1253633
1253766
1254272
1254279
1254307
1254791
1254954
1255073
1255118
1255173
1255317
1255474
1255537
1255606
1255876
1255933
1256256
1256432
1256501
1256574
1257176
1257477
1257611
1258159
1258376
1258439
1258673
1259072
1259913
1259960
1259991
1260436
1260837
1260868
1261200
1261208
1261350
1261468
1261609
1261733
1261781
1262011
1262297
1262366
1262595
1262610
1262685
1262793
1262926
1262937
1263036
1263251
1263606
1263813
1263819
1263822
1263955
1263984
1264042
1264108
1264273
1264281
1264490
1265019
1265044
1265070
1265084
1265243
1265267
1265478
1265926
1266224
1266234
1266302
1266413
1266455
1266551
1266592
1266638
1266695
1266708
1266984
1267056
1267117
1267282
1267322
1267332
1267637
1267677
1267827
1267861
1267904
1268031
1268253
1268425
1268462
1269430
1270040
1270086
1270096
1270223
1270451
1270472
1271219
1271415
1271425
1271670
1271786
1271885
1272034
1272253
1272469
1272497
1272693
1272716
1273686
1273930
1273982
1274114
1274439
1274705
1274889
1275132
1275162
1275329
1275353
1275573
1275591
1275737
1275836
1275863
1275876
1275932
1276429
1276466
1276653
1277048
1277369
1277593
1277609
1277842
1278081
1278108
1278206
1278429
1278542
1279269
1279277
1279297
1279469
1279676
1279872
1280351
1281024
1281092
1281102
1281132
1281282
1281445
1281636
1282091
1282282
1282441
1282474
1282850
1282976
1283001
1283093
1283560
1283802
1283804
1283914
1283974
1284071
1284330
1284410
1284507
1284586
1284909
1285186
1285253
1285479
1285554
1285849
1285909
1285962
1286025
1286100
1286115
1286117
1286183
1286295
1286427
1286485
1286994
1287043
1287279
1287429
1287445
1287781
1287800
1288029
1288691
1288747
1288899
1288980
1288994
1289010
1289246
1289338
1289701
1289924
1290041
1290052
1290278
1290299
1290302
1290410
1290701
1290924
1290999
1291352
1291412
1291514
1291784
1291830
1292202
1292211
1292342
1292487
1292701
1292767
1293194
1293240
1293327
1293353
1293531
1293690
1293906
1294055
1294293
1294300
1294341
1294440
1294516
1294909
1294944
1295086
1295160
1295226
1295496
1295977
1296040
1296384
1296607
1296895
1297169
1297316
1297354
1297378
1297587
1297690
1297749
1298025
1298043
1298105
1298678
1298949
1299295
1299336
1299367
1299441
1299586
1299636
1299796
1299961
1299977
1300175
1300264
1300319
1300494
1300582
1301253
1301276
1301503
1301712
1301922
1301943
1301977
1302178
1302587
1302637
1302659
1302684
1302749
1302790
1302793
1302862
1303118
1303252
1303516
1303859
1304024
1304095
1304098
1304383
1304421
1304444
1304473
1304590
1304678
1304730
1304944
1304998
1305004
1305451
1306144
1306358
1307195
1307332
1307527
1307542
1307818
1308144
1308151
1308629
1308799
1309073
1309581
1309765
1309803
1309912
1310020
1310305
1310332
1310357
1310413
1310489
1310712
1311219
1311238
1311262
1311313
1311521
1311858
1311958
1312056
1312101
1312132
1312213
1312290
1312378
1312703
1312746
1312799
1312937
1313487
1313817
1314084
1314094
1314123
1314373
1314430
1314474
1314587
1314667
1314724
1314840
1314926
1315068
1315127
1315301
1315551
1315716
1315855
1316162
1316318
1316374
1316432
1316508
1317065
1317200
1317233
1317673
1318093
1318115
1318193
1318438
1318805
1318987
1319061
1319089
1319158
1319625
1319718
1319746
1320105
1320138
1320287
1320447
1320740
1320883
1321107
1321131
1321279
1321481
1321614
1321663
1321713
1321875
1322746
1322836
1323398
1323732
1323834
1324016
1324272
1324286
1324408
1324504
1324530
1325201
1325307
1325655
1325966
1326046
1326050
1326469
1326868
1327015
1327036
1327153
1327164
1327377
1327813
1327843
1327885
1328105
1328147
1328539
1328546
1328703
1328742
1328792
1329252
1329356
1329473
1329478
1329612
1329863
1329896
1330239
1330567
1330871
1330893
1331072
1331184
1331202
1331372
1331742
1331804
1331901
1331923
1331956
1331968
1331982
1332377
1332467
1332531
1332582
1332990
1333265
1333468
1333474
1333572
1333728
1334378
1334685
1334979
1335073
1335303
1335405
1335587
1336067
1336234
1336347
1336621
1336629
1336705
1337271
1337403
1337532
1337564
1337589
1337778
1337952
1338399
1338921
1339281
1339357
1339472
1339561
1339649
1339936
1340151
1340367
1340457
1340614
1340713
1340875
1341335
1342342
1342671
1343044
1343311
1343384
1343629
1343682
1343863
1343868
1343941
1344168
1344185
1344576
1344604
1344738
1345014
1345108
1345187
1345267
1345355
1345448
1345474
1345526
1345552
1345756
1345930
1346078
1346085
1346219
1346360
1346443
1346500
1346924
1346938
1346952
1347513
1347778
1347874
1347917
1348100
1348178
1348202
1348253
1348442
1348452
1348685
1348742
1348767
1348900
1349171
1349196
1349807
1350219
1350221
1350247
1350474
1350563
1350589
1351029
1351157
1351227
1351996
1352005
1352179
1352309
1352423
1352599
1352953
1353489
1353773
1353812
1354009
1354120
1354323
1354336
1354427
1354582
1354733
1354747
1354937
1354970
1355087
1355129
1355257
1355345
1355427
1355577
1355635
1356461
1356620
1356799
1357181
1357194
1357316
1357403
1357487
1357597
1358035
1358076
1358086
1358298
1358449
1358513
1358539
1358789
1358882
1358952
1359027
1359085
1359122
1359129
1359173
1359244
1359542
1359990
1360011
1360232
1360459
1360556
1360697
1360714
1361104
1361300
1361358
1361600
1361658
1361838
1361855
1361888
1362053
1362056
1362096
1362944
1363058
1363173
1363189
1363435
1364124
1364255
1364333
1364434
1364507
1364582
1364594
1364793
1365249
1365776
1365835
1365848
1365937
1366093
1366904
1367016
1367189
1367208
1367327
1367354
1367557
1368445
1368785
1368828
1369030
1369220
1369362
1369578
1370156
1370227
1370284
1370420
1370460
1370659
1370668
1370839
1370918
1371155
1371194
1371308
1371833
1371912
1372076
1372189
1372663
1372793
1372900
1373151
1373167
1373181
1373246
1373306
1373666
1373685
1373897
1373935
1374305
1374622
1375034
1375443
1376041
1376467
1376798
1376937
1376983
1377077
1377306
1377529
1377644
1378155
1378278
1378288
1379028
1379051
1379146
1379365
1379367
1379434
1379645
1380046
1380258
1380347
1380405
1380748
1381669
1382041
1382148
1382330
1382345
1382550
1382695
1383194
1383213
1383517
1383571
1383595
1383946
1384459
1384875
1385029
1385152
1385291
1385353
1385434
1385529
1385764
1385826
1385863
1385925
1386167
1386461
1386557
1386630
1386746
1386927
1387098
1387190
1387355
1387982
1388090
1388395
1388442
1388490
1388693
1388791
1388798
1388806
1389157
1389479
1390070
1390292
1390710
1390807
1390986
1390998
1391181
1391563
1391657
1392039
1392120
1392373
1393183
1393210
1393259
1393276
1393827
1394037
1394407
1394500
1394532
1394538
1394549
1394700
1394706
1394910
1395176
1395344
1395650
1395705
1395739
1396015
1396062
1396705
1396944
1396966
1397023
1397350
1397378
1397437
1397740
1398013
1398397
1398414
1398698
1398772
1398776
1398855
1398865
1399073
1399233
1399274
1399561
1399597
1399663
1399683
1400085
1400096
1400120
1400140
1400168
1400363
1400536
1400829
1400950
1401264
1401412
1401425
1401957
1401959
1402124
1402190
1402453
1402931
1402976
1403092
1403105
1403483
1403514
1403584
1403666
1403677
1403708
1404134
1404345
1404608
1404670
1404913
1404937
1405017
1405320
1405397
1405530
1405916
1405987
1406068
1406650
1406716
1406801
1406973
1407173
1407181
1407351
1407776
1407904
1408054
1408152
1408279
1408297
1408306
1408343
1408459
1408652
1408728
1409455
1409810
1409947
1410059
1410541
1410685
1410726
1410846
1411192
1411439
1411521
1411533
1411627
1411794
1411886
1412096
1412211
1412357
1412382
1413091
1413526
1413593
1413661
1413686
1414007
1414026
1414107
1414296
1414752
1415254
1415292
1415563
1415568
1415642
1415717
1415737
1415827
1415991
1416085
1416138
1416147
1416440
1416567
1416600
1416757
1416793
1417070
1417086
1417139
1417229
1417414
1417426
1417502
1417585
1417655
1418351
1418914
1418977
1419309
1419326
1419335
1419367
1419395
1419410
1419739
1419750
1419777
1419803
1419893
1420136
1420286
1420491
1420507
1420871
1420952
1421503
1422153
1422199
1422248
1422362
1422471
1422499
1422521
1422544
1422574
1422730
1422864
1423092
1423714
1423748
1423770
1423809
1423894
1423937
1424040
1424057
1424241
1424326
1424527
1424603
1424779
1425190
1425214
1425284
1425313
1425632
1425703
1425831
1425948
1426087
1426143
1426365
1426583
1426669
1426745
1427513
1427767
1427963
1428863
1429006
1429021
1429240
1429260
1429345
1429564
1429693
1429915
1429952
1430225
1430301
1430333
1430334
1430465
1430614
1430714
1430808
1430978
1431085
1431302
1431424
1431538
1431580
1431657
1431839
1432061
1432403
1432561
1432810
1432935
1433391
1433409
1434005
1434303
1434386
1434472
1434741
1434963
1435090
1435281
1435297
1435397
1435467
1435647
1435990
1436230
1436351
1436381
1436701
1436931
1436986
1437099
1437120
1437629
1437642
1437718
1437798
1437953
1438001
1438136
1438314
1438366
1438432
1438549
1438579
1438627
1438781
1439087
1439101
1439191
1439633
1440020
1440060
1440317
1440456
1440642
1440700
1440824
1441022
1441371
1441398
1441444
1441553
1441713
1442011
1442119
1442349
1442471
1442575
1442852
1443164
1443230
1443341
1443533
1443744
1443889
1443996
1444145
1444328
1444770
1444819
1444860
1445017
1445163
1445324
1445454
1445593
1445740
1445750
1446135
1446378
1446765
1446818
1446861
1446879
1446956
1447123
1447134
1447548
1447729
1447869
1447970
1448156
1448302
1448423
1448476
1448484
1448747
1449164
1449242
1449471
1450136
1450157
1450158
1450328
1450884
1451012
1451064
1451084
1451305
1451434
1451658
1451666
1451792
1452007
1452133
1452207
1452468
1452678
1452987
1453018
1453105
1453448
1453567
1453994
1454154
1454414
1454526
1454547
1454602
1454740
1455019
1455047
1455151
1455203
1455297
1455636
1455706
1456031
1456035
1456042
1456065
1456079
1456572
1456601
1456874
1457177
1457373
1457575
1457631
1457671
1457912
1457924
1458185
1458343
1458453
1458470
1458488
1458695
1458782
1458798
1458833
1459352
1459529
1460075
1460342
1460378
1460459
1460462
1460517
1460818
1461281
1461512
1461947
1462086
1462138
1462516
1462573
1463347
1463420
1463452
1463497
1463799
1463863
1464131
1464423
1464505
1464536
1464659
1464699
1464930
1465071
1465262
1465842
1465876
1465974
1466100
1466279
1466636
1466828
1466841
1466911
1467151
1467173
1467184
1467217
1467534
1467637
1467655
1467796
1467913
1468212
1468327
1468481
1468662
1468798
1468965
1468986
1469211
1469245
1469274
1469367
1469552
1469654
1469735
1470065
1470075
1470169
1470391
1470900
1471146
1471320
1471473
1471608
1471817
1471878
1471910
1471981
1472043
1472206
1472268
1472296
1472468
1472817
1472876
1473087
1473114
1473360
1473709
1474318
1474412
1474493
1474528
1474594
1475293
1475316
1475438
1475589
1475639
1475808
1475998
1476039
1476053
1476065
1476113
1476301
1476555
1476579
1476587
1476834
1476917
1477215
1477261
1477360
1477394
1477441
1477899
1477992
1478000
1478068
1478119
1478171
1478668
1479030
1479095
1479309
1479543
1480180
1480208
1480544
1480916
1480959
1481021
1481214
1481434
1481623
1481931
1482243
1482723
1482932
1483111
1483272
1483282
1483405
1483447
1483641
1483817
1483888
1484533
1484540
1484585
1484915
1485188
1485286
1485290
1485531
1485813
1486002
1486566
1486829
1486838
1487012
1487315
1487405
1487434
1487749
1487794
1488178
1488203
1488332
1488752
1488812
1488881
1488979
1488997
1489522
1489725
1489794
1489852
1489948
1489971
1489993
1490044
1490055
1490100
1490596
1490677
1490741
1491012
1491053
1491243
1491415
1491464
1491764
1491804
1491885
1492012
1492408
1492526
1492638
1492794
1492940
1492968
1493000
1493166
1493187
1493273
1493439
1493804
1493850
1494003
1494039
1494040
1494111
1494133
1494272
1494419
1494608
1494748
1494753
1494831
1494980
1495391
1495595
1495624
1495717
1495753
1495780
1496125
1496653
1496745
1496780
1496803
1496996
1497399
1497545
1497675
1497925
1498021
1498098
1498222
1498442
1498562
1498818
1498860
1498883
1499197
1499273
1499302
1499485
1499553
1499631
1500584
1500598
1500795
1500894
1500948
1501050
1501342
1501434
1501495
1501604
1501741
1501863
1501953
1502074
1502093
1502113
1502189
1502288
1503193
1503586
1503605
1503688
1503698
1503957
1503963
1503967
1504078
1504094
1504117
1504168
1504213
1504214
1504277
1504339
1504898
1505077
1505094
1505233
1505238
1505354
1505386
1505650
1505724
1505920
1505952
1506037
1506069
1506137
1506156
1506241
1506517
1506689
1506990
1507085
1507188
1507239
1507362
1507379
1507791
1507937
1508110
1508161
1508167
1508233
1508281
1508351
1508410
1508478
1508504
1508580
1508663
1508749
1508880
1509409
1509626
1509638
1509834
1509837
1510067
1510103
1510172
1510509
1510630
1510675
1510703
1510968
1511153
1511794
1512106
1512251
1512485
1512486
1512535
1512566
1512614
1512637
1512968
1513035
1513170
1513219
1513384
1513444
1513472
1513688
1513698
1513830
1513863
1513962
1514202
1514332
1514536
1514718
1514937
1514974
1515064
1515205
1515347
1515547
1515614
1515673
1516061
1516255
1516330
1516583
1516629
1516793
1516964
1517265
1517505
1517733
1518049
1518192
1518474
1518669
1519032
1519659
1519706
1519883
1519949
1519981
1520196
1520480
1520890
1521073
1521100
1521397
1521815
1522098
1522114
1522415
1522522
1522688
1522839
1522876
1522943
1523045
1523155
1523202
1523240
1523779
1523867
1523872
1523988
1524522
1524725
1524916
1525063
1525169
1525366
1525430
1525800
1526106
1526253
1526256
1526260
1526483
1526698
1526706
1526964
1526998
1527039
1527115
1527207
1527228
1527521
1527571
1527670
1528630
1528658
1528873
1529114
1529173
1529282
1529587
1529632
1530363
1530371
1530440
1530580
1530634
1530706
1530851
1530861
1531119
1531666
1531699
1531858
1531882
1531996
1532108
1532159
1532357
1532389
1532398
1532486
1532582
1532933
1533008
1533043
1533720
1533813
1534075
1534119
1534618
1534704
1534895
1535147
1535362
1535496
1535703
1535793
1535846
1535930
1536058
1536060
1536081
1536150
1536371
1536382
1536532
1536537
1536681
1536724
1536782
1536963
1537082
1537124
1537914
1538112
1538730
1538936
1538966
1538978
1539733
1540164
1540381
1540524
1540544
1541002
1541200
1541483
1542341
1542487
1542553
1542645
1542717
1542773
1543144
1543267
1543368
1543372
1543517
1543745
1543848
1544215
1544503
1544508
1544629
1544660
1544848
1544942
1545177
1545235
1545556
1545700
1545703
1545983
1546002
1546015
1546029
1546128
1546192
1546245
1546424
1546502
1546583
1546940
1546981
1547231
1547361
1547568
1547843
1547848
1547966
1548229
1548805
1548826
1548866
1549110
1549134
1549209
1549280
1549605
1549757
1549767
1549833
1549989
1550172
1550251
1550406
1550479
1550518
1550583
1550783
1551130
1551353
1551397
1551443
1551617
1551661
1551667
1552127
1552146
1552184
1552303
1552622
1552806
1552812
1552828
1552932
1553268
1553429
1553510
1553519
1553593
1553699
1553730
1553868
1553887
1553986
1554105
1554632
1554653
1554668
1554880
1555071
1555438
1555505
1555727
1555729
1555756
1555848
1555903
1556326
1556507
1556585
1556876
1556892
1557809
1557845
1558189
1558284
1558332
1558373
1558714
1558741
1558959
1558993
1559079
1559255
1559537
1559622
1559695
1560105
1560209
1560255
1560484
1560557
1560770
1560816
1561102
1561184
1561439
1561459
1561560
1561646
1561730
1561802
1561888
1561963
1563135
1563353
1563708
1563782
1563788
1563958
1564670
1564691
1564753
1564813
1564850
1565331
1565518
1565778
1565818
1566130
1566171
1566282
1566429
1567515
1567617
1567742
1567766
1567839
1567980
1567994
1567998
1568043
1568152
1568241
1568273
1568775
1568913
1568952
1568970
1569384
1569659
1569694
1569862
1570294
1570357
1570520
1570521
1571152
1571164
1571321
1571659
1571750
1571823
1571859
1572255
1572518
1573216
1573276
1573408
1573593
1573774
1573880
1573904
1573959
1574080
1574136
1574439
1574788
1574900
1575227
1575452
1575817
1575948
1576057
1576159
1576369
1576377
1576608
1576682
1576760
1576768
1576926
1576929
1577028
1577041
1577079
1577295
1577704
1577786
1577863
1578028
1578128
1578198
1578485
1578492
1578743
1578753
1578928
1578956
1579122
1579160
1579314
1579371
1579441
1579627
1579752
1579880
1580042
1580070
1580357
1580462
1580496
1580612
1580622
1580637
1580903
1581216
1581251
1581526
1581638
1581852
1581881
1582365
1582366
1582512
1582536
1582927
1583692
1583803
1583928
1584012
1584044
1584330
1584590
1584677
1584733
1584788
1584810
1584823
1585178
1585393
1585547
1585672
1585933
1586161
1586347
1586383
1586440
1586498
1586648
1586927
1586947
1586960
1587104
1587719
1588057
1588233
1588242
1588424
1588637
1588831
1589015
1589021
1589172
1589204
1589598
1589870
1590014
1590020
1590137
1590404
1590531
1590919
1590979
1591081
1591087
1591095
1591100
1591390
1591410
1591436
1591637
1591676
1591854
1592108
1592335
1592370
1592589
1592649
1592740
1592831
1592886
1593104
1593524
1593772
1593808
1594168
1594171
1594538
1595009
1595724
1596841
1596943
1597100
1597294
1597303
1597345
1597378
1597537
1597817
1598143
1598185
1598199
1598403
1598445
1598514
1598676
1598746
1599052
1599224
1599311
1599452
1599745
1599871
1600023
1600057
1600202
1600298
1600480
1601188
1601232
1601315
1601396
1601434
1601479
1601492
1601513
1601642
1601730
1601887
1602352
1602413
1602420
1602448
1602559
1602740
1602792
1602828
1602966
1602973
1603167
1603316
1603447
1603652
1603837
1603970
1603990
1604025
1604160
1604184
1604193
1604290
1604567
1604792
1604854
1605179
1605183
1605354
1605370
1605480
1605601
1605684
1606145
1606175
1606275
1606366
1606398
1606412
1606543
1606646
1606771
1606864
1606923
1607044
1607344
1607355
1607410
1607443
1607521
1607555
1607689
1608003
1608453
1608596
1609251
1609360
1609456
1609968
1610035
1610167
1610668
1610836
1610870
1610882
1611065
1611069
1611289
1611761
1612494
1612548
1612763
1612816
1613423
1613556
1613933
1614606
1614625
1614643
1614740
1614773
1614797
1614922
1615875
1616078
1616220
1616601
1616848
1617371
1617512
1617631
1617656
1617703
1617809
1617819
1617847
1618082
1618218
1618237
1618453
1618837
1618854
1618860
1618961
1619004
1619081
1619116
1619146
1619577
1619955
1620436
1620484
1620503
1620686
1620704
1621032
1621148
1621525
1621687
1621998
1622036
1622159
1622247
1622353
1623412
1623525
1623946
1623986
1624053
1624234
1624297
1624449
1624525
1624774
1624794
1624855
1625202
1625438
1625462
1625793
1625903
1626121
1626210
1626414
1626527
1626823
1626928
1627030
1627155
1627207
1627859
1627936
1627978
1628064
1628305
1628391
1628659
1628828
1628923
1628972
1629094
1629106
1629401
1629705
1630260
1630604
1630713
1630892
1631086
1631190
1631333
1631373
1631441
1631567
1632006
1632690
1632707
1632745
1632820
1632960
1633020
1633053
1633187
1633605
1633907
1633990
1634501
1634577
1634870
1635197
1635415
1635569
1635706
1635720
1635736
1635820
1636144
1636149
1636324
1636536
1636710
1636863
1636997
1637074
1637186
1637435
1638103
1638128
1638452
1638517
1639088
1639136
1639231
1639479
1639519
1639685
1639804
1639835
1639899
1639958
1639990
1640141
1640297
1640347
1640460
1641397
1641466
1641848
1642165
1642409
1642559
1642652
1642900
1643019
1643254
1643545
1643554
1643559
1643637
1643829
1644331
1644432
1644536
1644835
1645370
1645529
1645715
1645809
1646039
1646165
1646180
1646226
1646402
1646484
1646627
1646707
1647020
1647234
1647528
1647681
1647688
1647843
1647915
1648015
1648035
1648152
1648238
1648351
1648379
1648809
1648863
1648884
1649168
1649362
1649641
1649691
1649918
1650139
1650261
1650363
1650398
1650485
1650777
1651417
1651618
1651847
1651912
1652047
1652404
1652760
1652951
1653006
1653348
1653433
1653524
1653764
1654347
1654436
1654762
1654843
1654942
1655044
1655328
1655432
1655500
1655530
1655542
1655814
1655966
1656088
1656141
1656543
1656798
1657083
1657239
1657248
1657457
1657475
1657479
1657838
1657912
1657963
1658030
1658230
1658317
1658377
1658380
1658430
1658652
1659375
1659394
1659511
1659573
1659657
1659786
1659792
1659904
1660278
1660294
1660396
1660715
1660817
1660820
1660963
1660992
1661260
1661285
1661539
1662016
1662289
1662594
1662669
1662684
1662937
1662980
1663121
1663220
1663332
1663617
1663862
1664146
1664155
1664427
1664455
1664589
1664607
1664870
1664999
1665077
1665237
1665491
1665575
1665668
1666432
1666624
1666982
1667706
1667822
1667995
1668196
1668338
1668403
1668559
1668709
1669296
1669353
1669415
1669719
1669782
1670102
1670111
1670250
1670277
1670381
1670414
1670771
1670826
1670995
1671071
1671435
1671438
1671514
1671958
1672298
1672308
1672376
1672518
1672714
1673186
1673270
1673465
1673798
1673883
1673950
1674202
1674294
1674563
1674593
1674962
1675349
1675459
1675557
1675667
1675672
1675675
1676093
1676138
1676149
1676206
1676464
1676532
1676540
1676615
1676788
1676877
1676887
1677032
1677048
1677054
1677200
1677260
1677346
1677486
1677812
1677833
1677912
1677972
1677979
1678065
1678366
1679053
1679297
1679373
1679396
1679848
1679881
1680701
1680874
1681056
1681142
1681206
1681567
1682039
1682148
1682478
1682545
1682563
1682853
1682858
1683018
1683042
1683159
1683455
1683718
1683795
1683831
1683965
1684006
1684051
1684478
1684489
1684592
1684813
1684984
1685184
1685273
1685389
1685444
1685692
1685922
1686102
1686147
1686224
1686384
1686429
1686524
1686588
1686814
1687167
1687273
1687354
1687573
1687585
1687600
1687639
1687908
1688398
1688465
1688734
1688746
1688814
1688957
1689091
1689177
1689292
1689322
1689432
1689615
1689678
1690328
1690440
1690475
1690544
1690554
1690722
1690854
1691080
1691112
1691289
1691338
1691358
1691365
1691447
1691551
1691704
1691749
1691795
1692272
1692297
1692840
1693148
1693175
1693239
1693387
1693447
1693478
1693663
1693749
1694210
1694280
1694521
1694660
1694708
1694900
1695003
1695042
1695163
1695517
1695723
1695835
1695916
1695985
1696291
1696402
1696630
1696713
1696823
1696983
1696986
1697100
1697127
1697244
1697557
1697577
1697718
1697790
1697875
1697918
1698113
1698318
1698358
1698364
1698387
1698560
1698673
1698691
1698828
1698849
1699045
1699204
1699221
1699469
1699524
1699788
1699939
1699968
1700416
1700470
1700738
1700745
1700918
1701211
1701409
1701413
1701455
1701844
1702036
1702058
1702427
1702429
1702544
1702748
1702911
1703393
1703433
1703549
1703580
1703665
1703761
1703971
1704136
1704153
1704181
1704244
1704356
1704626
1704655
1704731
1704766
1704767
1704797
1704849
1704983
1705040
1705139
1705144
1705310
1705711
1705738
1705753
1705842
1705900
1705943
1706089
1706503
1706522
1706736
1706819
1707161
1707369
1707395
1707653
1707685
1707734
1707836
1708089
1708225
1708464
1708527
1708714
1708741
1709030
1709197
1709272
1709300
1709579
1709594
1709673
1709678
1709947
1710154
1710410
1710582
1710814
1710869
1710880
1711008
1711099
1711127
1711137
1711165
1711258
1711276
1711296
1711326
1711509
1711526
1711563
1711621
1711707
1712320
1712451
1712486
1713213
1713413
1713789
1713872
1714187
1714208
1714295
1714397
1714750
1714975
1714985
1715170
1715186
1715249
1715766
1715790
1715878
1715902
1716272
1716289
1716402
1716461
1716752
1716902
1716936
1717495
1717504
1717648
1717696
1717874
1717877
1718361
1718585
1718651
1718771
1718780
1718840
1718930
1719003
1719051
1719186
1719620
1719797
1719883
1720275
1720349
1720711
1721093
1721154
1721414
1721531
1721569
1721836
1721996
1722104
1722244
1722404
1722609
1722684
1723012
1723110
1723392
1723611
1723817
1723893
1724271
1724325
1724515
1724542
1724745
1724826
1725463
1725773
1725985
1726095
1726243
1726408
1726594
1726980
1727136
1727391
1727679
1727734
1727800
1727843
1728386
1728974
1729007
1729181
1729415
1729430
1729448
1729499
1730824
1731188
1731315
1731418
1731458
1731830
1731958
1732039
1732381
1732412
1732425
1732455
1732509
1732631
1732735
1732775
1732834
1732941
1733077
1733488
1733664
1733833
1733844
1733984
1734123
1734279
1734405
1734780
1734824
1734968
1735087
1735191
1735324
1735342
1735517
1736359
1736368
1736387
1736506
1736531
1736541
1736720
1736843
1737068
1737254
1737657
1737695
1738256
1738304
1738508
1738535
1738748
1738902
1738962
1739019
1739103
1739148
1739337
1739792
1739824
1740742
1740804
1740966
1740990
1741000
1741062
1741144
1741164
1741580
1741720
1741757
1741783
1742217
1742440
1742689
1742692
1742710
1742897
1742910
1742982
1743025
1743033
1743117
1743129
1743243
1743256
1743317
1743465
1743580
1743636
1743706
1743782
1744093
1744517
1744644
1744659
1744909
1744929
1745202
1745209
1745330
1745741
1746119
1746210
1746222
1746544
1746581
1746786
1747035
1747061
1747224
1747282
1747531
1747569
1747621
1747775
1747818
1748239
1748523
1748594
1748660
1748787
1748897
1749430
1749740
1750039
1750327
1750354
1750642
1750662
1750680
1750877
1751071
1751286
1751565
1752104
1752145
1752162
1752189
1752246
1752495
1752499
1752776
1752974
1753056
1753106
1753252
1753324
1753326
1753334
1753350
1753364
1753545
1753803
1753953
1754010
1754190
1754230
1754279
1754339
1754460
1754577
1754637
1754694
1754832
1754918
1754929
1755457
1755739
1756222
1756842
1756976
1757019
1757174
1757180
1757368
1757607
1757692
1757708
1757822
1758172
1758497
1758712
1758814
1758844
1758976
1759109
1759239
1759536
1759620
1759635
1759697
1759701
1759869
1760068
1760081
1760125
1760188
1760209
1760292
1760446
1760458
1760712
1760823
1760899
1761297
1761400
1761591
1762025
1762163
1762436
1762656
1762714
1762915
1763197
1763237
1763371
1763404
1763541
1763553
1763891
1763994
1764046
1764209
1764305
1764336
1764640
1764695
1764830
1764851
1765088
1765117
1765166
1765234
1765335
1765617
1765663
1765673
1765814
1765894
1766248
1766372
1766491
1766570
1766656
1766858
1766879
1767280
1767421
1767490
1767772
1768040
1768953
1769165
1769345
1769353
1769401
1769796
1770401
1770665
1770754
1771311
1771548
1771707
1771745
1772041
1772049
1772073
1772194
1772274
1772285
1772429
1772501
1772551
1772731
1772863
1772906
1773170
1773330
1773541
1773583
1773601
1773927
1774006
1774066
1774116
1775281
1775427
1775474
1775619
1775834
1775847
1776106
1776240
1776264
1776449
1776595
1776715
1776741
1776967
1777005
1777074
1777152
1777204
1777451
1777531
1777578
1778031
1778425
1778456
1778532
1779081
1779131
1779211
1779340
1779629
1779828
1779958
1780470
1780589
1780687
1781019
1781522
1781713
1781842
1781852
1781857
1781871
1781893
1782057
1782200
1782407
1782471
1782788
1782820
1782927
1783056
1783186
1783323
1783407
1783417
1783491
1783511
1783639
1783649
1783829
1783862
1783898
1784016
1784021
1784138
1784301
1784348
1784395
1784452
1784483
1784575
1784613
1784881
1784906
1785103
1785106
1785312
1785419
1785426
1785457
1785470
1785502
1785670
1785745
1785787
1785820
1786036
1786385
1786458
1786529
1786776
1786832
1786912
1786913
1786996
1787066
1787266
1787450
1787731
1787826
1787883
1788157
1788385
1788554
1788849
1788861
1788865
1789025
1789040
1789131
1789166
1789404
1789409
1789553
1789669
1789898
1790225
1790807
1790866
1790903
1790944
1791069
1791094
1791237
1791331
1791637
1791931
1792049
1792206
1792328
1792341
1792430
1792535
1792777
1793256
1793267
1793388
1793467
1793653
1793710
1793744
1793760
1794146
1794220
1794361
1794547
1794603
1794848
1794856
1795288
1795320
1795358
1795521
1795697
1795717
1795739
1796131
1796240
1796371
1796465
1796570
1796585
1796745
1796975
1797019
1797056
1797369
1797420
1797565
1797817
1797867
1797980
1798002
1798062
1798251
1798987
1799122
1799223
1800068
1800426
1800657
1800741
1800995
1801159
1801393
1801508
1801583
1801757
1802032
1802069
1802156
1802339
1802367
1802494
1802578
1802620
1802733
1802738
1802846
1803403
1803804
1803840
1803847
1803996
1804175
1804251
1804270
1804411
1804427
1804511
1804542
1804544
1804551
1805044
1805178
1805276
1805286
1805330
1805364
1805403
1805524
1805544
1805667
1805674
1805771
1805889
1805905
1805942
1806020
1806050
1806052
1806082
1806153
1806155
1806169
1806178
1806183
1806613
1806675
1806686
1806731
1806738
1806853
1806857
1806978
1807014
1807214
1807247
1807288
1807310
1807419
1807426
1807439
1807491
1807583
1807643
1807767
1807771
1807781
1807814
1807843
1807942
1807961
1808024
1808144
1808305
1808591
1808763
1808807
1808821
1808854
1808868
1808878
1808899
1808959
1808986
1809215
1809230
1809255
1809278
1809286
1809514
1809547
1809555
1809561
1809713
1809757
1809765
1809928
1810037
1810058
1810072
1810119
1810156
1810190
1810252
1810267
1810298
1810340
1810341
1810366
1810372
1810411
1810736
1810827
1811056
1811285
1811327
1811400
1811511
1811547
1811594
1811985
1812108
1812388
1813020
1813321
1813333
1813484
1813622
1813967
1814065
1814226
1814339
1814571
1814651
1815268
1815317
1815451
1815461
1815571
1815775
1815855
1816231
1816356
1816392
1816472
1816504
1816901
1817107
1817161
1817179
1817206
1817571
1817598
1817640
1817846
1818383
1818875
1818894
1819076
1819171
1819176
1819502
1819783
1819829
1819878
1820097
1820200
1820257
1820627
1820844
1820953
1821111
1821616
1821656
1821827
1821961
1822079
1822235
1822383
1822515
1822862
1822930
1822995
1823038
1823120
1823124
1823201
1823434
1823441
1823445
1823459
1823463
1823791
1824153
1824174
1824197
1824270
1824374
1824634
1825260
1825272
1825322
1825374
1825393
1825765
1825787
1825988
1826102
1826258
1826361
1826454
1826621
1826676
1827036
1827167
1827365
1827469
1827585
1828359
1828737
1828787
1828805
1828817
1828949
1829018
1829049
1829105
1829194
1829262
1829295
1829466
1829510
1829581
1829635
1829801
1829837
1829870
1829954
1830094
1830518
1830771
1830886
1830971
1831290
1831306
1831367
1831378
1831501
1831689
1831794
1832272
1832556
1832605
1832829
1833166
1833489
1833665
1833683
1833779
1834023
1834278
1834360
1834374
1834459
1834490
1834670
1834695
1834849
1835013
1835084
1835190
1835705
1835760
1835786
1835985
1836280
1836288
1836455
1836501
1836741
1837239
1837617
1837785
1837798
1837958
1838142
1838226
1838273
1838300
1838525
1838610
1838827
1838835
1838839
1838948
1838985
1839269
1839316
1839611
1839730
1839812
1839933
1840267
1840405
1840526
1840587
1840642
1840877
1841086
1841088
1841153
1841447
1841450
1841684
1841860
1841939
1841982
1842025
1842066
1842197
1842328
1842686
1842884
1842904
1842974
1843038
1843202
1843225
1843544
1843568
1843839
1844264
1844801
1844856
1844973
1844999
1845167
1845251
1845419
1845540
1845688
1845702
1845753
1845765
1845887
1845893
1846111
1846152
1846156
1846158
1846200
1846481
1846508
1846625
1846721
1846736
1847079
1847100
1847247
1847538
1847623
1847666
1847769
1848009
1848246
1848302
1848356
1848395
1848428
1848700
1848901
1849019
1849133
1849417
1849432
1849479
1849573
1849592
1849625
1849636
1849788
1849887
1849958
1850069
1850393
1850456
1850500
1850523
1850692
1850716
1850717
1850781
1850908
1850930
1850961
1851099
1851160
1851296
1851323
1851425
1852184
1852318
1852329
1852395
1852443
1852541
1852878
1852937
1852955
1853153
1853276
1853408
1853500
1853542
1853677
1853861
1853887
1853910
1853943
1854028
1854054
1854175
1854413
1854493
1854503
1854720
1854878
1855150
1855182
1855241
1855319
1855460
1855676
1855695
1855791
1855885
1856273
1856394
1856409
1856741
1856850
1856885
1856958
1857031
1857140
1857279
1857302
1857371
1857438
1857476
1857723
1857775
1857805
1857960
1857988
1858210
1858275
1858371
1858429
1858442
1858505
1858820
1858968
1859847
1860012
1860023
1860041
1860112
1860254
1860502
1860671
1860906
1861002
1861108
1861787
1861837
1861972
1862098
1862176
1862330
1862448
1862486
1862519
1862991
1863008
1863027
1863074
1863158
1863385
1863628
1863818
1863847
1863936
1864175
1864197
1864327
1864418
1864531
1864712
1864799
1865050
1865055
1865275
1865562
1865707
1865932
1865950
1866231
1866273
1866290
1866335
1866400
1866465
1866603
1866910
1867144
1867226
1867323
1867348
1867357
1867375
1867896
1868123
1868551
1868706
1868768
1868816
1868923
1868940
1869039
1869062
1869217
1869239
1869429
1869589
1869601
1869611
1869661
1869728
1869791
1870009
1870461
1870559
1870757
1870816
1870866
1870874
1871220
1871271
1871365
1871487
1871589
1871730
1871735
1871967
1871980
1872313
1872327
1872405
1872523
1872554
1872668
1872686
1872956
1873139
1873166
1873207
1873442
1873456
1873509
1873544
1873652
1873686
1873720
1873785
1873894
1873923
1874138
1874231
1874272
1874372
1874430
1874658
1874713
1874730
1874786
1874840
1875010
1875151
1875322
1875430
1875528
1875640
1875719
1875783
1875898
1875978
1876018
1876519
1876551
1876777
1876917
1877094
1877098
1877134
1877154
1877294
1877417
1877465
1877721
1877776
1877838
1877859
1878019
1878042
1878434
1878492
1879000
1879018
1879049
1879087
1879104
1879268
1879408
1879515
1879693
1879782
1879801
1879823
1879882
1879948
1879977
1880227
1880410
1880504
1880562
1880710
1881127
1881143
1881172
1881188
1881399
1881404
1881568
1881581
1881709
1881760
1881964
1882052
1882219
1882707
1882819
1882836
1883068
1883103
1883430
1883455
1883517
1883526
1883566
1883645
1884053
1884602
1884683
1884904
1885258
1885271
1885338
1885450
1885738
1886151
1886276
1886386
1886487
1886614
1886752
1886907
1886921
1886927
1886996
1887299
1887303
1887433
1887720
1887936
1888071
1888319
1888505
1888599
1888739
1889083
1889096
1889262
1889780
1890466
1890539
1890621
1890669
1890734
1890887
1890917
1891066
1891173
1891257
1891383
1891468
1891524
1891690
1891737
1891879
1891958
1892357
1892407
1892548
1892971
1893152
1893265
1893316
1893395
1893540
1894075
1894109
1894127
1894182
1894235
1894293
1894412
1894483
1894561
1894582
1894704
1894896
1894903
1895040
1895098
1895490
1895714
1895789
1895961
1896119
1896260
1896678
1897164
1897172
1897351
1897412
1897417
1897900
1898043
1898110
1898455
1898648
1898863
1899081
1899179
1899458
1899497
1899560
1899576
1899664
1899686
1899919
1899999
1900202
1900277
1900421
1900436
1900595
1900652
1900997
1901011
1901205
1901444
1901724
1901835
1901900
1902001
1902029
1902194
1902245
1902263
1902724
1902788
1902952
1903169
1903229
1903243
1903277
1903368
1903397
1903567
1903606
1903794
1903904
1904070
1904156
1904163
1904198
1904306
1904436
1904474
1904511
1904768
1904825
1904857
1905464
1905687
1905960
1906022
1906027
1906241
1906458
1906507
1906554
1906590
1906735
1906780
1906934
1907344
1907404
1907413
1907499
1907557
1907580
1907660
1908108
1908125
1908146
1908212
1908677
1908781
1908864
1908924
1908932
1909045
1909286
1909329
1909471
1909758
1909989
1910190
1910211
1910274
1910317
1910384
1910404
1910432
1910558
1910656
1910686
1910721
1910837
1910893
1910933
1910959
1911037
1911162
1911217
1911331
1911504
1911658
1911775
1911865
1911965
1912383
1912426
1912435
1912657
1912665
1912793
1912804
1912840
1912892
1913091
1913424
1913462
1913714
1913860
1913907
1914148
1914213
1914239
1914297
1914393
1914472
1914925
1914927
1915066
1915113
1915373
1915498
1915567
1915640
1915877
1916151
1916153
1916419
1916549
1916597
1916666
1916694
1916903
1916940
1917138
1917359
1917434
1917506
1917584
1917607
1917764
1917776
1917827
1917836
1917967
1917997
1918084
1918290
1918467
1918491
1918583
1919146
1919175
1919219
1919333
1919356
1919547
1919706
1919803
1919842
1919901
1919923
1920010
1920187
1920415
1920741
1921051
1921131
1921385
1921448
1921468
1921612
1921639
1921941
1921948
1922013
1922090
1922308
1922339
1922364
1922407
1922413
1922609
1922638
1922663
1922708
1922734
1922749
1922838
1922867
1923022
1923307
1923353
1923683
1923724
1923831
1923928
1924005
1924020
1924441
1924570
1924625
1924675
1924960
1925146
1925383
1925466
1925821
1925826
1925936
1926117
1926168
1926284
1926333
1926574
1926738
1926791
1926867
1926997
1927083
1927293
1927350
1927455
1927806
1927889
1928002
1928219
1928556
1928593
1928661
1928938
1929014
1929140
1929518
1929800
1929859
1929988
1930226
1930285
1930337
1930350
1930649
1930705
1930742
1930784
1930884
1930946
1931149
1931171
1931225
1931476
1931502
1931676
1931750
1932039
1932067
1932170
1932207
1932541
1932595
1932606
1932626
1932786
1933134
1933265
1933276
1933534
1933737
1933872
1933878
1934156
1934196
1934313
1934354
1934536
1934684
1934707
1934916
1935033
1935074
1935126
1935159
1935267
1935279
1935463
1935720
1935729
1935960
1936035
1936100
1936113
1936314
1936342
1936391
1936663
1936750
1937089
1937290
1937562
1937595
1937596
1937665
1937810
1938013
1938131
1938197
1938437
1938473
1938519
1938585
1938640
1939078
1939104
1939134
1939154
1939234
1939500
1939656
1939724
1939987
1940176
1940224
1940277
1940321
1940406
1940815
1941018
1941040
1941434
1941570
1941781
1941863
1942013
1942035
1942193
1942355
1942457
1942482
1942778
1942967
1943116
1943228
1943279
1943485
1943546
1943665
1943845
1943847
1943861
1944216
1944374
1944430
1944437
1944515
1944547
1944601
1944608
1944757
1944816
1944831
1944833
1945089
1945173
1945270
1945493
1945598
1945816
1945999
1946064
1946137
1946153
1946236
1946239
1946255
1946284
1946319
1946429
1946469
1946513
1946638
1946757
1946771
1947040
1947097
1947470
1947544
1947656
1947717
1947841
1948168
1948228
1948349
1948386
1948425
1948598
1948887
1948962
1948965
1949138
1949386
1949437
1949498
1949561
1949570
1949632
1949711
1949758
1949970
1949989
1950123
1950182
1950438
1950461
1950478
1950595
1950843
1951246
1951310
1951527
1951640
1951767
1951786
1952029
1952147
1952171
1952192
1952522
1952630
1952720
1952827
1952971
1953050
1953174
1953340
1953524
1953639
1953852
1953984
1954086
1954137
1954228
1954291
1954603
1954696
1954905
1954926
1955000
1955055
1955063
1955100
1955213
1955404
1955548
1955682
1956067
1956595
1957011
1957188
1957416
1957438
1957528
1957537
1957560
1957572
1957758
1957852
1957869
1958353
1958413
1958655
1958815
1959007
1959013
1959051
1959091
1959259
1959367
1959399
1959442
1959600
1959614
1959643
1959823
1959875
1959889
1960101
1960224
1960242
1960277
1960352
1960372
1960380
1960429
1960625
1960722
1960973
1960983
1961084
1961092
1961156
1961249
1961320
1961465
1961485
1961657
1961745
1961759
1961895
1961983
1962034
1962241
1962311
1962416
1962429
1962605
1962739
1962776
1962943
1963265
1963780
1963810
1963830
1963982
1964086
1964641
1964722
1964764
1964881
1964939
1965112
1965361
1965397
1965474
1965517
1965521
1965711
1965779
1965799
1965822
1966100
1966293
1966297
1966391
1966551
1966613
1966997
1967146
1967233
1967298
1967465
1967511
1967568
1967604
1967800
1967890
1967955
1968043
1968316
1968327
1968387
1968411
1968523
1968574
1968595
1968640
1968760
1968881
1968932
1968951
1969098
1969184
1969205
1969269
1969297
1969396
1969501
1969542
1969692
1969702
1970072
1970088
1970152
1970346
1970383
1970577
1970628
1970640
1970643
1970802
1970883
1970905
1971104
1971204
1971231
1971299
1971400
1971425
1971431
1971858
1971933
1972090
1972169
1972438
1972530
1972759
1972769
1972810
1972866
1973230
1973742
1973743
1973797
1973958
1974135
1974144
1974193
1974202
1974230
1974300
1974326
1974345
1974532
1974550
1974579
1974590
1974687
1974768
1974827
1974887
1974931
1975125
1975156
1975547
1975656
1975672
1975691
1975783
1975972
1976073
1976196
1976267
1976337
1976377
1976465
1976527
1976566
1976678
1976765
1976841
1977135
1977205
1977325
1977345
1977392
1977665
1977975
1977979
1977984
1978248
1978429
