56
452
554
589
1333
1485
1689
1840
1982
2752
3971
4122
4389
4667
4951
4971
5037
5616
5665
5911
6036
6540
7055
7826
8443
9031
9624
9670
9980
10562
10710
10814
11081
11277
11889
12019
12219
12785
13017
13133
13997
14341
14416
15378
15615
16210
16294
16383
16562
16645
16655
16773
17108
17330
17475
18123
18369
18472
18994
19000
19155
19323
19445
19563
19664
19972
20248
20577
20854
20977
21047
21566
22308
22330
22708
22736
23192
23338
23483
23890
23910
24047
24099
24333
24344
24447
24945
25000
25154
25939
26065
26143
27433
27476
29365
29707
29778
30554
30602
31199
31753
31817
31827
31919
32020
32644
33862
34275
34478
34656
35240
35403
35546
36396
36624
36810
36933
37055
38465
38706
39092
39288
39425
39591
40194
40322
40596
40814
41443
41760
41914
42074
42648
42698
44210
45266
46122
46246
46463
46502
46548
46877
46940
47249
47305
47596
47675
48260
49598
49913
50541
50814
51353
51392
51563
51961
52290
52478
52871
53417
53779
54514
54595
54915
55108
55274
55667
55736
56375
56573
56895
57439
57484
57563
58381
58914
58994
59401
59513
59714
59822
60123
60141
60393
60929
61002
61084
61252
61343
62127
62158
62349
62636
63292
63581
65466
65834
65843
66015
66387
67158
67385
67653
67682
67783
68348
68735
69084
69522
69844
70324
70827
71687
71834
72041
72167
72211
72349
73223
73292
73409
73510
73551
73921
73961
74057
74533
74612
74697
75522
75571
75720
76108
76227
76914
77243
77438
77725
77765
78308
78348
78573
78945
79259
80118
80139
80710
80793
81338
81403
82458
82656
82942
83469
84706
85112
85643
85867
86379
87202
87461
87689
87861
88288
90846
90938
91044
91200
91797
91867
91933
92387
92622
92638
92796
92820
93020
93045
94499
94563
95462
95816
96024
96078
96130
96304
96763
96871
97229
97313
98006
98044
99449
99579
99932
100000
100144
100417
100446
100488
100980
101767
102501
103172
104229
104978
105132
105181
105226
105419
105765
106044
106166
107004
107985
108131
108188
108218
108423
108739
109660
109713
109830
110091
110130
110440
110598
110921
111159
111251
111503
112844
113334
113791
113794
114346
114726
115265
115478
115723
115864
115879
116290
116853
117178
117324
117332
117472
117977
118353
118357
118486
118828
118878
118946
119130
119466
119505
120326
120499
120711
121521
121763
122129
122518
122862
123631
124009
125701
125763
125921
126101
126190
126612
126853
126887
127142
127605
127792
128331
128370
129136
129363
129613
129644
129670
129827
129998
130380
131143
131369
131928
131963
132684
132755
132858
133101
133315
133542
133987
134464
134823
137371
137434
137496
137596
138003
138256
138396
138931
139202
139962
140397
140523
140937
141421
141671
141968
143048
143235
143516
144051
144216
144517
144821
144973
145141
146538
147124
147331
147398
147563
148104
148500
148608
148839
150125
150859
150923
151296
151599
151642
152007
152026
152501
152872
153412
153707
153977
153990
154374
154911
155409
155426
155763
156638
157078
157367
157590
157600
157971
158201
158377
158403
158890
159132
159904
159974
160548
161363
161523
162000
162483
163037
163289
163327
163637
163692
163975
164043
164553
164604
164957
164987
165332
165826
166005
167626
168063
168176
168475
168494
168675
169039
169511
169542
169606
169816
170044
170069
170207
170349
172025
172070
172510
172737
172834
173290
173313
173937
174200
174876
175463
175631
175912
176069
177051
177309
177613
177861
178129
178143
178387
178444
178463
178716
178779
179709
181243
181367
181714
182234
183046
183323
183803
184192
184231
184311
184875
184890
185225
185308
186107
186235
186500
186789
186808
187058
187445
187480
187575
187586
187882
188105
188204
188304
188414
188628
188957
189159
189367
190037
190189
190351
190394
190561
191323
191453
191995
192447
193058
193874
194768
195518
195599
195906
196114
196342
196428
196534
197126
198621
198862
198942
199623
200121
200850
200901
201097
201107
201870
202070
202162
202207
202801
202833
203217
203536
203698
203937
203998
204038
204126
204425
204667
205591
205978
206165
206178
206889
207142
207235
207372
208073
208461
208600
208960
208999
209190
209939
210123
210151
210196
210630
210768
211073
211109
211155
211902
212151
213066
213349
213365
213368
213902
214745
214814
215290
215336
215977
216240
216457
216501
216847
217131
217211
218226
218815
219125
219203
219546
220144
220529
220936
220959
221097
221338
221896
222176
222257
222263
222274
222568
222655
222932
223488
224254
225244
225339
225640
225717
225758
225809
225993
226132
226778
227416
227834
227848
228079
228523
228788
230043
230046
230214
230577
230836
230995
231029
231080
231224
231344
231484
231683
232237
232355
232707
232854
233056
233409
233530
233710
233870
234208
234887
234943
235019
235419
236018
236206
236479
236760
236779
236808
237132
237338
237405
237939
238984
239041
239232
239606
239732
239813
240317
240436
240514
240928
241030
241823
242181
242803
243053
243586
243647
243668
243892
244114
244464
245124
245399
246220
247032
247083
248495
248534
248710
248899
249262
249559
249916
250069
250526
250597
250917
251074
251334
251693
251949
252087
252145
252191
252224
252553
252739
252850
252985
253025
253307
253317
253430
253802
254527
254686
254710
254876
255347
255514
255758
255825
255942
256172
256282
256315
257761
258061
258216
258306
258816
258999
259888
260195
260307
260531
260590
260743
260757
260887
260915
261144
261504
261908
261945
261966
262643
262773
263030
263106
263256
263456
263521
263702
264036
264272
265281
265529
265637
265751
266289
266436
266872
268067
268495
268843
269512
270353
270755
271015
271129
271396
271576
271644
271905
272147
272298
272299
272609
272670
272869
273146
273645
275751
275846
275940
276258
276771
276791
276969
277432
277528
277991
278163
278175
278331
278352
278584
279199
279244
279409
279413
280257
280323
280664
280842
280879
281158
281203
281517
281590
281779
281884
282234
282509
282614
283000
283160
283549
283986
284013
284354
284538
284612
284728
285624
285741
285839
286044
286405
286517
286541
286921
286927
287014
287245
287255
287404
287545
287649
287899
288108
288561
289258
289639
289937
289965
290282
290344
290573
290772
290906
291121
291237
291264
292004
292031
292497
292856
293007
293014
293023
293120
293415
293447
293530
293643
293904
294027
294297
294949
294975
295007
295062
295121
295163
295345
295763
295916
295946
296693
296966
297009
297311
297398
297649
297662
297800
298265
299051
299341
299441
300104
300595
300898
300930
301014
301200
301463
302147
302176
302550
302586
302772
303166
303441
303591
303614
303721
304213
304387
304402
304603
305515
305700
305838
306157
306254
306324
306791
307445
307516
307517
308248
308384
308414
308536
308607
308640
309014
309073
309129
309425
309440
309515
309665
309857
310225
310484
310702
310887
311133
312118
312164
312177
312546
313007
313628
313701
314169
314245
314398
314469
314954
315015
315035
315051
315134
315169
315288
315297
315409
315588
315763
315788
315894
316018
316093
316249
316416
316688
317135
317934
318447
318655
318863
319296
319347
319500
320062
320133
320139
320436
320954
321280
321315
321448
321641
322028
322337
322376
322390
322520
322894
323019
323334
323384
323758
324039
324406
324516
324621
324646
324939
325004
325210
325236
325451
325613
325714
326030
326045
326271
326312
326470
326675
326818
326983
327386
327819
328055
328174
328585
328889
329193
329578
329749
329899
330656
330990
331368
331607
332421
332646
333139
333190
333499
333683
333775
333848
333973
334320
334718
334922
335259
335625
335772
336414
336665
336804
336821
337085
337508
337608
337799
338137
338263
338474
338525
339023
339342
339637
339941
340164
340839
341273
341590
341824
341917
342603
343123
343280
344401
344463
344520
344683
345445
345489
345924
346494
346582
346637
346704
346736
346966
347433
347550
347749
347839
348035
348140
348301
348492
348797
348981
349624
350016
350657
350720
350928
351311
351605
351955
351968
352047
352218
352245
352427
352797
353226
353450
353661
354091
354131
354277
354355
354375
354516
355682
355749
356031
356393
356675
356815
357602
357830
357857
357927
358220
358379
358596
358784
358949
359001
359483
359724
359927
360250
360389
360469
360756
361082
361241
361267
361715
361929
361931
362066
362089
362311
362323
363083
363219
363223
363324
363403
363485
363700
363767
364458
364581
364696
365390
365670
365701
365899
365957
366319
366388
366395
367251
367484
367509
367672
368361
368764
368845
369145
369197
369219
369253
369322
369423
369615
369732
370021
370189
370592
370606
370654
370770
370801
371451
371670
371736
372348
372602
372855
373366
373973
374359
375075
375219
375255
375980
376419
376559
376819
377467
377501
377548
377704
378171
378439
378571
378881
379136
379191
379476
380292
380391
380853
381595
381955
382039
382172
382353
382553
382581
383050
383240
383284
383545
383723
383852
383898
384481
384664
384973
385000
385248
385360
385367
385543
385962
386070
386441
386597
386698
386728
387346
388320
388788
388909
389255
389567
391008
391113
391157
391259
392320
392343
392506
392558
392677
392765
393344
393445
393477
393752
394440
394559
394898
395170
395387
395502
395526
395896
396429
396674
396684
396932
397171
397612
397701
397844
397966
398118
398450
398490
398578
398808
399034
399269
399274
399654
400005
400204
400357
400743
401044
401142
401317
401425
401530
401982
402061
402364
402478
402560
403310
403372
403579
403814
404196
404637
404665
404761
404960
405520
405588
405719
406139
406494
406507
406782
407280
407615
408249
408305
408459
408581
408853
409134
409997
410014
410181
411028
411371
411551
412018
412123
412174
412196
412260
412290
412370
412723
412900
413032
413097
413246
413426
413668
414859
414919
415164
415212
416586
416983
417109
417410
417834
417846
417944
418079
418421
418674
418804
418951
419183
419562
419737
420264
421160
421226
421275
421289
421502
421519
421768
422199
422233
422572
423330
423858
424284
424497
424598
424608
424839
425446
425485
425494
425731
426057
426659
427270
428344
428606
428619
428912
429584
429680
429713
429822
429905
429962
430237
430727
431098
431543
432161
432351
432622
432654
432668
432952
433263
433356
433803
434813
436563
436837
437431
437551
437669
437706
438121
438354
438400
439307
439318
439468
439639
439847
439993
440190
440224
440405
440797
440954
441328
441613
441767
441964
442827
443002
443255
443380
443854
444310
444411
444495
444566
445809
446146
446502
446823
446852
447065
447255
447510
447629
447684
447845
448299
448510
449116
449325
449386
449434
449537
449797
450065
450107
450695
450740
450819
450934
451435
452224
452460
453178
453439
453541
453582
453655
453750
453888
454342
454637
454956
454973
455445
455669
455892
456191
456387
456567
456726
456794
456991
457170
457316
457420
457498
457581
457669
458063
458065
458238
458352
459227
459526
460161
460305
460477
460582
461257
461551
461604
461652
462406
462521
462642
462736
462796
463399
464113
464128
464553
464918
465185
465270
465385
465441
465519
465818
466399
466728
467033
467355
467508
467755
467838
467915
467944
467994
468012
468208
468311
468478
468519
469470
469576
469715
469824
469916
470315
470897
470964
471247
471274
471354
471535
471887
472300
472409
472606
472931
472974
473024
473297
474166
474613
474870
475100
475722
476677
476819
477232
477258
477386
477465
477713
477898
478465
478680
479029
479197
479607
479660
480469
480625
480743
481070
481299
481393
481778
481807
481965
481972
482020
482301
482306
482460
482815
483310
483468
483585
483782
484602
484605
484811
484913
484983
485382
485811
486308
486479
486526
487129
487289
487355
487362
488012
488099
488229
488270
488366
488524
488577
489095
489331
489632
489729
489953
490675
490746
490844
491035
491182
491218
491330
491565
491587
492406
492508
492728
492839
492848
493036
493167
493216
493269
493391
493747
494296
494497
494851
494908
495112
495144
495196
495742
495817
495869
495978
496575
497094
497419
497462
497918
498293
498765
498805
499006
499201
499513
499888
499933
499957
500142
500443
500626
500731
500939
500983
501033
501814
502366
502774
503014
503177
503194
503354
503510
503598
504162
504365
504524
504628
504673
505316
505650
505693
505844
506212
506552
506669
506754
506838
506872
507008
507015
507035
507094
507203
507281
507622
507931
508287
508452
508598
508639
509020
509083
509331
509621
509631
509712
509790
509846
510140
510235
510428
510659
510696
510865
510881
512634
513076
513109
513234
514357
514607
514626
514691
515024
515045
515209
516013
516176
516647
516762
517266
517520
517554
517606
517650
517749
517900
517955
518981
519261
519326
519859
520061
520269
520636
521867
522152
522406
522815
522912
523435
523780
523907
524423
525143
526521
526687
527018
527618
527926
528033
528278
529042
529065
529106
529252
529278
529476
530024
530127
530293
530387
530511
530572
531493
531522
531544
531646
531799
531886
531995
532221
532238
533035
533318
533343
533392
533472
533804
533882
534000
534851
535641
535888
535955
536198
536205
536871
536962
537116
537248
537273
537278
537351
537571
538217
538528
538725
538761
538945
539036
540222
540438
540720
540773
541176
541458
541513
541563
541588
541878
542119
542227
542582
542752
542827
543467
543773
543953
544089
544353
544360
544673
544677
544831
544986
545394
545501
545618
545880
546619
546673
546703
547562
547578
547615
548474
548518
548559
548585
548593
548781
548922
548943
549041
549104
549165
549399
549718
549913
550196
550238
550318
550553
550857
551125
551177
551524
551693
551874
552209
552297
552591
552899
552953
553176
553325
553439
553541
554507
554930
555140
555681
556424
557011
557169
557371
557440
557626
557923
557937
558260
558739
558790
558965
558996
559411
559925
560419
560672
560792
561455
562326
562339
562426
562441
562479
562508
562819
562969
562982
563013
563435
563555
563702
563783
564063
565045
565469
565526
565676
565729
566289
566522
566731
566887
567363
567368
567454
567554
567735
567866
568027
568492
568638
568738
568810
568914
569291
569369
569644
569772
569828
570698
570871
571282
571399
571497
571741
571775
572019
572050
572157
572279
572497
572969
573110
573613
574955
575976
576117
576159
576233
576435
576831
576944
577007
577146
577526
577710
577775
578022
578264
578380
578511
578871
579207
579747
579847
579861
580044
580500
580717
580812
580881
581053
581055
581448
581960
582375
582409
582623
582704
582882
582975
582981
583265
583384
583482
583504
584165
584384
585269
585607
586223
586656
586776
586966
587098
587332
587841
587934
588011
588108
588212
588356
588697
589448
589693
590042
590301
590595
590624
590988
591147
591201
591605
591961
591982
592303
592331
592471
592750
593034
593229
593452
593964
594351
594423
595265
595507
595519
595535
595575
595636
596146
596596
596697
596870
596887
596921
597084
597513
597617
597728
597952
598126
598142
598413
598491
598601
598672
598871
599115
599305
600010
600089
600300
600722
600740
601230
601325
601884
602055
602083
602161
602767
603035
603454
604147
605353
605527
605715
605742
606044
606462
606601
606974
607340
607631
607713
608068
608082
608482
608780
608812
609103
609358
610005
611265
611697
611777
611916
612190
612432
612651
612975
613155
613578
613593
613685
614033
614252
614341
614782
614936
614975
614988
614996
615229
615410
615422
615556
615626
615920
616009
616181
616958
617204
617262
618294
618394
618901
618927
619988
620522
620598
620953
621129
621205
621493
621798
622739
622803
623386
623409
623464
623474
623682
623875
624106
624931
625042
625109
625332
626099
626313
626799
627082
627123
627138
627503
627543
627588
627806
628132
628203
628436
628722
628975
629322
629474
629974
630123
630236
630253
630259
630291
630354
630460
630798
631170
631284
631636
631806
632128
632339
632654
632829
633100
633263
633634
633852
634098
634239
634952
635206
635575
635675
636197
636827
637421
637537
637606
638614
639019
639071
639574
640299
640312
640493
640602
640777
641843
641910
641961
642095
642403
642669
642836
643086
643773
643820
644055
644281
644675
645320
645358
645403
645533
645952
645965
646561
646773
646795
647205
647781
648163
648294
648641
648678
648718
648730
648757
649317
649447
649462
649686
649776
650244
650391
650501
650699
650988
651376
651504
651602
652221
652440
652800
653117
653203
653217
653426
653674
653741
653800
654344
654396
654463
654528
654846
655252
655732
655748
656803
657288
657583
657857
657914
658192
658451
658491
658898
659379
659521
659623
659775
659917
660084
660111
660648
660914
660938
660972
661239
661760
662018
662977
663008
663472
663530
664665
664724
664804
664971
665415
666646
666923
667351
667405
667668
667760
667945
668438
668546
668584
668624
668752
669044
669189
670172
670680
671414
672111
672141
672157
672482
673211
673612
674322
674581
674908
674980
675391
675491
675849
675947
676137
676379
676646
676656
676990
677566
677646
677789
678153
678277
678554
678565
678927
678945
679062
679155
679540
679896
680538
680549
680729
680859
681024
681135
681192
681478
681783
681809
682485
682632
682858
683062
683261
683303
683365
683764
683777
683817
683831
684253
684403
684704
685284
685549
685723
685749
685858
686146
686299
686681
687061
687462
687761
687785
688140
688548
688664
689126
689866
689986
690289
690303
690808
691184
691318
691367
691702
692174
692563
692990
693313
693420
693511
693600
693712
693932
693959
694118
694392
694975
694980
695541
696427
696703
696787
696857
697007
697170
698446
698911
699106
699381
699524
699736
699779
700522
700629
700688
700806
701379
701648
701923
702151
702240
702272
702916
703102
703227
703621
703691
703735
704328
704711
704950
704965
705142
705248
705488
705748
705798
706360
706879
707382
707463
707469
707655
707889
708009
708170
708389
708391
708836
709074
709416
709651
709940
710066
710170
710218
710337
710451
711030
711048
711189
711447
711460
711744
711859
711915
712047
712552
712806
712854
713140
713305
713402
713433
713654
713687
713850
714253
714894
715052
715507
715514
716034
716396
716982
717050
717495
717579
717993
718762
719281
719326
719451
720065
721271
721283
721465
721579
721868
721921
721941
722189
722282
722513
722585
722868
723118
723559
724516
724719
724943
724983
724986
725149
725416
725699
725866
726064
726196
726899
728313
728435
728755
729174
729358
730220
730465
731002
731050
731065
731087
731285
731353
732028
732104
732579
732726
733002
733412
733454
733662
733727
733745
733789
734747
735057
735188
735228
735284
735832
735888
735920
736105
736132
736228
736645
737001
738861
738987
739161
739469
739505
739708
739799
740051
740148
740158
740190
740340
740581
740674
740715
740802
740989
741187
741800
741850
742219
742239
742346
742538
742564
742715
742835
743002
743499
743578
743868
744163
744615
745129
745336
745352
745631
745792
746453
746888
746906
746935
747286
747419
747446
747987
748375
748584
749228
749658
749676
749746
749759
750148
750344
750356
750826
751041
751158
751304
751425
751621
751877
752061
752363
752609
752622
752816
753082
753206
753287
753607
753664
754014
754061
754137
754169
754314
754482
754954
756274
756355
756976
757292
757470
757649
757969
758385
758833
758871
759446
759857
759908
759931
760085
760262
760308
760451
760522
760635
760865
761508
762003
762295
762384
762470
762591
762831
762837
763258
763539
763668
764439
765270
765328
765350
765499
765692
765710
765728
766118
766675
767010
767076
767334
767495
767554
767780
767825
768217
768303
768602
768650
768780
768870
768967
769006
769078
769231
769567
769616
769645
769917
770045
770324
770393
770484
770861
770992
771179
771213
771319
771753
771783
772088
772133
772159
772417
772436
772681
773050
773264
773656
774709
774717
774742
774746
775075
775190
775663
775876
776018
776099
776425
776947
777153
777347
777769
778024
778111
778324
778458
778620
778688
779749
779903
780575
780624
780855
780939
780967
780994
781369
781463
781785
781985
783427
783552
783966
783972
784655
785086
785346
785803
786070
787245
787441
787518
788177
788210
788469
788477
788960
789055
789128
789166
789532
789703
789876
790178
790311
790461
790524
790608
790901
790912
791246
791651
792019
792189
792223
792229
792732
792948
793269
793385
793745
793852
794538
795426
795595
795634
795887
796022
796071
796267
796828
798464
798719
800003
800132
800161
800193
800330
800576
800739
801064
801595
801726
802221
802357
802590
802846
803564
803833
804103
805052
805255
805690
806004
806058
806219
806279
806367
806472
806928
807052
807174
807390
807657
808052
808422
808492
808677
809031
809077
809107
809244
809510
809593
809691
809714
810072
810422
810433
810575
810866
810978
811506
811529
812033
812135
812541
812637
812768
812851
812989
813023
813168
813349
813363
813419
814938
815242
815408
815552
816086
816302
816326
816828
817219
817515
817544
817606
817876
818107
818663
819133
819516
819598
819645
819939
820015
820546
820913
821292
821734
821784
821814
821867
822802
822979
823292
823779
824033
824189
824629
824826
824892
824992
825072
825180
825292
825373
825907
825963
826026
826481
826514
826546
826603
826995
827384
827585
827882
828475
828631
828929
829887
830055
830167
830414
830652
830820
830885
831095
831300
831498
831623
831730
831767
832775
832861
833452
833833
833915
834614
834646
834861
835145
835470
835827
836139
836330
836621
836699
836811
836824
837173
837566
837848
838627
838955
839201
839738
839772
839894
840482
840946
840977
841255
841457
841569
841658
841793
842214
842240
842725
843182
843195
843347
843369
843473
843664
843681
843697
843768
844059
844241
844687
844731
845026
845062
845454
845957
846136
846735
846894
847138
847407
847497
847500
847643
847714
847782
847868
847882
847933
848198
848364
848454
848739
848888
849114
849462
849530
850455
850553
850569
850684
851096
851460
851591
851612
851815
852383
852468
852578
852615
852832
852913
853356
853404
853522
853608
853943
854103
854373
854653
854850
854991
855080
855187
855377
855589
856104
856121
856144
856203
856322
856458
856646
856977
857036
857171
857367
857575
857612
858106
858357
858413
858434
858703
858766
858808
858860
858998
859349
859371
859622
860014
860264
860313
860611
860692
860808
861337
861584
861747
861790
862160
862417
863221
863422
863692
863960
864037
864206
864323
864621
865088
865384
865399
865505
865679
866133
866360
866398
866715
867091
867097
868899
869144
869162
869241
869394
869509
869720
870240
870908
871044
871428
871721
872151
873338
873500
873676
873921
874734
874912
875107
875290
875410
876350
876701
876722
876783
876827
877790
877839
878055
878141
878221
878339
878554
878580
878791
879713
880509
880928
881020
881095
881392
881580
881585
881839
881846
882523
882714
883005
883392
883413
883547
883762
883870
884117
884551
884696
884828
884906
885374
885668
885860
886707
887012
887388
887566
887845
888091
888357
888424
888899
889073
889583
889719
889900
890111
890177
890396
890508
890666
890748
890760
890806
890924
891852
891986
892011
892541
892855
892895
892912
892960
892983
893004
893333
893557
893836
894359
894733
895481
895612
895925
895961
896193
896240
896403
896900
897522
897548
897798
897965
899900
899977
900008
900030
900180
900266
900369
901294
901450
901479
901588
901630
901881
902097
902163
902545
902623
903068
903697
903999
904120
904148
904241
904320
904323
904450
905173
905586
905708
905767
905824
906054
906596
906617
906636
907119
907174
907404
907712
907864
907979
908145
908406
908426
908589
908647
908831
909543
909704
909839
909883
910571
910801
911382
911544
911998
912259
912730
912742
912764
913635
913793
913892
914365
914807
914827
914918
914961
915433
915543
916128
916621
916881
917002
917728
918209
918219
918532
918548
918640
919289
919972
920704
920803
921186
921227
921388
921416
921574
921999
922088
922414
922523
922561
922700
922764
923853
923951
924105
924152
924699
924713
924832
924846
924954
925159
925225
925735
925868
925887
926109
926370
926490
927074
927187
927838
927844
928046
928059
929069
929118
929128
929395
929405
929549
930188
930926
931024
931201
931218
931517
931529
932495
932564
932657
932881
933050
933100
933393
933621
934255
934423
935114
935200
935377
935612
935711
936068
936281
936572
936927
937027
937077
937647
937769
937797
938617
938733
938754
938775
938975
939112
939304
939577
940057
940950
941181
941410
941847
942115
942556
942683
942845
943080
943428
943720
943836
943897
944425
944860
945158
945440
945861
945874
945888
946270
946978
947199
947245
947403
948172
949080
949115
949378
949472
949522
949948
950119
950248
950315
950500
950793
950864
951044
951463
952037
952055
952711
953151
953161
953563
953976
954252
954369
954550
954687
955157
955345
955428
955669
955766
956502
956927
957303
957841
958013
958898
959229
959536
959556
959847
959918
960064
960518
960587
960699
960982
961035
961377
961612
961646
962630
962724
962840
962936
963276
963406
963741
963920
964332
964396
964402
964968
965052
965108
965187
965307
965333
965537
966191
966257
966342
967089
967427
968540
968663
968855
969027
969116
969175
969242
969883
970195
970477
970621
970872
970935
971005
971019
971027
971552
972036
972444
972751
972988
973065
973069
973450
973512
973974
974054
974393
974455
974504
974755
974777
974850
975189
975488
975536
975854
976222
976966
977097
977231
977374
977563
977646
978036
978421
978562
978959
979121
979439
979661
979844
979909
980155
980220
980263
980487
980689
980782
980846
980896
981594
981635
981904
981933
981976
981997
982079
982187
982426
982680
982739
982756
982959
983262
983451
983511
983960
984139
984369
984456
984458
984613
984678
985089
985526
986035
986503
986512
987751
988245
988259
988282
989049
989115
989271
989403
989605
989711
989900
990364
990461
990519
990655
990731
991105
991285
991378
991629
991685
991780
991892
992057
992467
993054
993515
993591
994311
994755
995312
995886
996300
996338
996366
996583
996645
996931
997575
998134
998342
998455
1000093
1000511
1000659
1000738
1000780
1000932
1000978
1001082
1001192
1001203
1001261
1001586
1001688
1001756
1001891
1002728
1002856
1002974
1003084
1003293
1003551
1003853
1004259
1004610
1004644
1005081
1005181
1005267
1005717
1005906
1006943
1007007
1007856
1007901
1007940
1008744
1008778
1009127
1009340
1010272
1010403
1010591
1010790
1010894
1011296
1011424
1011647
1011851
1012419
1012530
1013556
1013765
1013906
1014136
1014307
1014329
1014613
1015102
1015164
1015369
1015692
1015803
1016087
1016193
1016303
1016497
1017145
1017894
1017945
1018116
1018584
1018624
1019321
1019385
1019570
1019957
1020019
1020149
1020351
1020532
1021314
1021421
1021927
1022743
1022800
1022860
1023045
1023539
1023763
1024270
1025003
1025010
1026357
1026791
1026996
1027980
1028046
1028327
1028654
1028894
1028916
1029344
1029366
1029387
1030496
1030762
1031011
1031064
1031213
1031329
1031903
1032527
1032635
1032781
1032860
1033452
1033514
1034057
1034172
1034519
1035002
1035826
1036107
1036523
1037028
1037095
1037440
1037935
1037944
1038063
1038085
1038264
1038484
1039088
1040392
1040521
1041110
1041155
1041233
1041430
1041500
1041661
1041908
1042164
1042931
1043153
1043200
1043252
1043388
1043701
1043916
1044542
1044581
1044867
1045164
1045234
1045306
1045984
1046056
1046165
1046235
1046304
1046525
1046638
1047213
1047339
1047794
1048143
1048160
1048653
1048862
1048966
1049029
1049752
1049820
1050028
1050092
1050180
1050334
1050885
1051167
1051196
1051366
1051410
1051827
1052358
1052597
1053104
1053270
1053294
1053395
1053784
1053922
1055091
1055124
1055159
1055206
1055444
1055522
1055778
1056199
1056685
1057496
1057613
1057651
1058111
1058186
1058460
1058506
1058582
1058909
1058962
1059066
1059322
1059474
1059869
1060157
1060463
1060481
1060600
1060696
1060767
1060970
1061683
1061878
1061998
1062271
1062347
1062350
1062470
1062545
1062571
1062767
1062960
1063039
1063501
1064089
1064660
1064870
1065520
1065641
1065815
1065923
1065943
1066132
1066499
1066586
1066821
1067608
1068154
1068272
1068286
1068484
1068691
1068860
1068963
1069084
1069503
1070014
1070102
1070167
1070323
1070370
1070482
1070544
1070561
1070833
1070936
1071080
1071113
1071131
1071193
1071347
1071644
1071705
1071740
1071759
1072110
1072251
1072276
1072840
1073238
1073291
1073977
1074395
1074678
1075236
1075274
1075526
1076412
1076429
1076739
1076755
1076803
1076987
1077114
1077423
1077842
1077938
1078121
1078626
1078673
1079077
1079449
1079533
1079723
1079781
1080051
1080184
1080288
1080305
1081228
1081764
1081896
1082180
1082772
1083956
1084058
1084666
1084744
1085265
1085611
1085967
1086100
1086133
1086455
1086953
1087087
1087129
1087559
1087619
1087672
1087797
1087980
1088047
1088216
1088412
1088465
1088670
1088814
1089763
1090241
1090899
1090994
1091256
1091458
1092032
1092375
1092703
1093367
1093842
1093903
1093908
1094032
1094225
1094848
1095444
1095471
1095643
1095686
1095825
1096547
1097541
1097692
1097737
1097775
1097889
1098081
1098360
1098514
1098738
1099989
1100625
1101088
1101611
1101752
1103896
1103965
1104061
1104258
1104760
1105057
1105355
1105478
1105588
1105698
1105738
1105853
1105877
1105970
1106278
1106289
1106295
1106435
1106693
1106856
1107329
1107887
1108014
1108148
1108651
1109003
1109343
1109403
1109752
1109913
1110407
1110679
1111671
1111769
1112320
1112323
1112359
1112546
1112628
1112808
1113702
1113900
1114239
1114447
1115084
1115136
1116615
1116687
1116973
1117245
1117775
1118013
1118054
1118114
1118173
1118259
1118480
1118490
1118699
1118775
1118796
1118815
1118997
1119572
1119579
1121545
1122078
1122183
1122462
1122612
1122931
1123002
1123164
1123407
1123459
1123692
1123828
1124124
1124408
1124525
1124691
1124740
1124887
1124892
1125077
1125166
1125416
1125447
1125469
1125552
1126717
1126806
1127248
1127267
1127727
1127802
1127820
1128024
1128142
1128156
1128368
1128493
1128577
1128697
1128726
1128764
1128785
1128912
1129281
1129765
1129986
1130298
1130605
1130632
1130703
1130804
1131215
1131482
1131491
1131622
1131629
1132033
1132075
1132245
1132320
1132431
1132472
1132502
1132929
1133220
1133453
1133825
1133910
1134712
1134786
1134845
1134957
1134986
1135035
1135070
1135332
1135662
1135814
1136145
1136169
1137423
1137582
1137750
1137876
1138440
1138540
1138604
1138834
1139183
1139338
1139707
1139807
1140026
1140438
1140454
1140815
1141170
1141220
1141339
1142024
1142146
1142395
1142719
1142797
1143251
1143295
1143377
1143870
1144728
1145346
1145478
1145489
1145742
1145782
1146120
1146704
1147227
1147276
1148377
1148480
1148710
1148831
1148884
1149142
1149211
1149290
1149575
1149699
1150048
1150286
1151427
1151550
1151706
1152382
1153290
1153388
1153426
1153916
1154026
1154087
1154599
1154742
1154793
1155012
1155345
1155599
1155746
1155917
1156171
1156572
1156758
1156858
1156951
1157183
1157448
1157740
1157810
1157882
1158032
1158140
1158426
1158589
1158607
1158983
1159230
1159502
1159584
1159852
1159967
1160067
1160447
1160716
1161108
1161498
1161590
1161618
1162185
1162323
1163219
1163485
1163611
1163659
1164755
1164842
1164887
1165007
1166243
1166738
1168489
1168515
1168531
1169053
1169523
1169577
1169901
1170085
1170117
1170195
1170290
1170717
1170750
1171648
1171654
1172137
1172230
1172357
1172803
1173146
1174077
1174343
1174645
1175214
1175283
1175419
1175503
1175803
1176015
1176044
1176399
1176701
1176728
1176898
1177053
1177396
1178071
1178098
1179056
1179080
1179270
1179640
1179867
1180514
1180596
1180948
1181289
1182290
1182359
1182895
1182980
1183099
1183104
1183171
1183432
1183480
1183561
1183770
1183839
1183992
1184369
1185038
1185784
1186199
1186429
1187080
1187088
1187505
1187598
1187608
1187635
1188202
1188307
1188454
1188845
1188875
1189698
1190367
1190385
1190415
1190433
1190573
1190595
1190917
1191363
1191425
1191567
1191670
1191686
1191734
1192135
1192391
1192500
1192867
1192894
1193465
1193589
1194192
1194417
1194433
1194752
1196000
1196097
1196281
1196439
1196577
1196634
1197291
1197539
1197600
1197676
1197863
1198250
1198814
1199504
1199621
1199716
1200122
1200398
1201082
1201118
1201215
1201238
1201368
1201571
1201583
1202062
1202146
1202369
1202379
1202450
1202557
1202827
1202874
1203370
1203792
1203819
1203995
1204423
1205959
1206023
1206486
1206880
1206913
1207409
1207732
1207958
1208025
1208236
1208326
1208366
1208468
1208840
1208881
1208914
1209213
1210153
1210427
1211368
1211439
1211471
1211611
1211618
1211757
1211994
1212216
1212671
1212992
1213168
1213395
1213626
1213635
1213674
1213942
1214021
1214256
1214544
1215344
1215379
1215665
1215808
1215958
1216188
1216525
1216870
1217603
1218081
1218316
1218428
1218964
1219111
1219216
1219290
1219605
1219722
1219949
1220980
1221030
1221049
1221102
1221425
1222210
1222502
1222648
1222842
1222875
1222937
1223284
1223512
1223922
1224577
1224807
1224810
1224855
1225057
1225522
1225719
1225807
1226041
1226183
1226432
1226576
1227013
1227602
1228432
1228531
1228724
1228754
1229317
1229371
1229559
1229977
1230178
1230378
1231565
1231968
1233474
1233503
1233742
1233867
1234748
1234853
1234936
1234951
1234989
1235280
1235323
1235468
1235510
1235524
1235540
1236066
1236086
1236156
1236220
1236588
1236729
1236926
1237028
1237100
1237111
1238026
1238112
1238544
1238690
1238899
1238967
1238972
1239657
1239663
1239769
1240300
1240414
1240643
1241620
1241823
1242741
1242768
1244349
1244440
1244562
1244577
1245060
1245207
1245312
1245387
1245707
1245858
1246091
1246927
1246974
1247353
1248148
1248173
1248456
1248518
1248837
1249233
1249525
1249949
1250166
1250972
1251005
1251623
1251701
1251775
1251871
1252082
1252669
1252694
1253128
1253737
1253989
1254051
1254244
1254460
1255159
1255246
1255250
1255702
1255924
1256040
1256226
1256458
1256495
1258043
1258332
1259052
1259105
1259227
1259436
1259540
1259618
1259735
1259804
1259843
1260421
1260665
1260796
1260815
1261010
1261620
1261722
1262157
1262231
1262796
1262864
1263204
1263488
1263699
1263859
1264154
1264404
1264931
1265159
1265668
1266082
1266208
1266214
1266708
1266982
1267056
1267209
1267505
1267573
1267797
1268066
1268391
1268652
1268749
1268942
1269074
1269666
1269733
1270001
1270508
1270535
1270555
1270879
1272427
1273111
1273140
1273180
1273481
1273642
1273913
1273993
1274342
1274736
1274817
1274991
1275333
1276068
1276508
1276518
1276899
1277183
1277451
1277471
1278384
1278706
1278730
1278950
1279022
1279075
1279182
1279359
1280185
1280341
1280346
1280964
1281118
1281279
1281298
1281421
1282203
1282355
1282414
1282816
1282961
1283345
1284026
1284119
1284173
1284237
1284759
1284841
1284903
1285418
1285905
1285986
1286333
1286449
1286618
1287056
1287354
1287587
1287781
1287879
1288156
1288360
1288464
1288802
1288978
1288989
1289062
1289246
1289761
1290035
1290525
1290555
1290898
1291013
1291227
1291401
1292115
1292408
1292453
1293143
1293379
1293424
1293850
1293884
1294019
1294044
1295011
1295082
1295311
1295545
1296007
1296752
1296824
1297127
1297387
1297487
1297703
1298004
1298164
1298496
1298567
1298726
1298791
1299269
1299345
1299396
1299964
1300130
1300287
1300735
1301110
1301296
1301345
1301414
1301620
1301952
1302560
1303113
1303199
1303401
1303601
1303634
1304797
1304823
1304959
1305238
1305583
1305665
1307119
1307162
1307221
1307614
1307977
1308122
1308681
1308863
1308947
1309313
1309426
1309453
1309659
1309667
1310025
1310445
1311855
1312600
1312704
1313014
1313035
1313049
1313091
1313486
1313556
1313675
1313824
1314230
1314346
1314395
1314411
1314566
1314644
1314662
1314861
1315294
1315462
1315555
1315741
1315922
1316207
1316419
1317115
1317145
1317534
1317544
1317709
1317750
1318171
1318377
1318581
1318743
1319306
1319856
1319980
1320197
1320300
1320508
1320763
1320786
1321283
1321517
1321887
1322261
1322422
1322960
1323490
1323532
1324411
1324502
1324505
1324564
1325935
1326017
1326501
1326571
1327282
1327427
1327748
1327883
1328508
1328553
1328623
1328760
1328989
1329369
1329528
1329757
1329787
1329905
1329924
1330431
1330494
1330857
1330924
1331215
1331236
1331795
1331867
1332532
1332541
1332971
1333012
1333096
1333962
1334138
1334208
1334481
1334691
1335196
1335243
1335517
1335639
1336189
1336764
1336851
1337322
1337830
1338090
1338118
1338267
1338573
1339080
1339126
1339415
1339875
1340327
1340576
1341109
1341301
1341415
1341654
1341873
1342105
1342327
1342402
1342621
1342703
1343128
1343599
1344178
1344914
1345033
1346022
1346104
1346213
1346289
1346316
1346659
1347070
1347312
1347326
1348140
1348515
1348582
1348971
1349787
1349980
1350093
1351197
1351549
1351630
1351897
1352008
1352397
1352503
1352607
1352634
1353248
1353341
1353542
1354075
1354207
1354596
1354792
1355127
1355508
1355557
1355610
1355934
1356053
1356105
1356176
1356421
1356596
1357190
1357822
1358010
1358069
1358427
1358536
1358763
1360357
1361352
1361410
1361523
1361954
1362938
1362995
1363007
1363132
1363161
1363186
1363210
1363407
1363770
1364674
1365032
1365534
1365634
1365739
1365918
1365960
1366728
1366934
1368644
1369113
1369352
1369958
1370088
1370219
1370427
1370954
1371037
1371543
1371838
1372076
1372747
1372813
1373369
1373411
1374058
1374574
1375767
1375932
1375949
1376123
1376191
1376679
1376719
1377422
1377434
1377635
1377754
1377812
1378377
1378474
1378502
1378661
1378765
1378798
1379598
1379685
1379811
1380088
1380210
1380491
1380510
1381039
1381120
1381319
1382002
1382061
1382296
1382322
1383319
1383703
1383983
1384156
1384440
1384503
1384706
1384709
1384881
1386241
1386300
1386356
1386810
1387342
1387564
1387578
1387898
1388051
1388080
1388164
1388519
1388682
1388761
1388845
1389795
1389811
1390318
1390470
1390986
1391169
1391762
1391858
1391878
1391933
1392106
1392770
1392923
1393108
1393357
1393411
1394181
1394591
1395323
1395492
1395673
1395902
1396426
1396692
1397125
1397162
1397298
1397764
1397865
1398495
1398739
1399073
1399203
1399301
1399490
1399725
1399833
1400500
1400647
1401081
1401393
1401800
1401852
1402360
1402451
1402652
1402669
1402997
1403014
1403119
1403633
1404008
1404119
1404543
1404646
1404705
1404843
1405279
1405690
1405873
1406022
1406292
1406772
1406799
1406922
1407069
1407241
1407294
1408060
1408243
1408369
1408473
1408592
1408963
1409056
1409621
1409850
1410768
1411308
1411375
1411459
1411541
1411865
1412690
1412973
1413048
1413412
1413559
1414039
1414120
1414611
1415030
1416305
1416637
1417499
1417910
1418403
1418786
1419415
1419595
1419657
1419763
1420324
1420800
1421165
1421433
1421526
1421975
1423121
1423782
1423798
1424047
1424351
1424463
1424576
1424637
1424960
1426529
1426587
1427140
1427399
1428328
1428406
1428592
1428618
1429219
1429670
1430010
1430065
1430151
1430284
1431849
1432248
1432368
1432499
1432672
1432707
1432826
1432900
1432936
1433409
1433438
1433448
1433686
1433739
1433830
1433859
1433976
1435078
1435253
1435383
1435812
1436368
1436695
1437123
1437491
1437572
1437706
1438000
1438054
1438076
1438494
1438610
1439265
1439404
1439433
1440957
1441429
1441770
1442017
1443213
1443322
1443742
1443780
1444873
1444879
1445464
1445688
1445821
1446334
1446454
1446649
1446944
1446948
1447013
1447761
1447911
1447931
1448460
1448482
1448599
1448605
1448739
1449271
1449282
1450159
1450258
1450289
1450534
1451450
1451939
1451962
1452307
1452421
1452603
1452994
1453181
1453413
1454524
1454649
1454753
1454870
1455561
1455663
1456042
1456460
1456512
1456706
1456716
1456951
1457013
1457281
1457325
1457493
1457540
1457626
1457698
1457861
1458210
1458505
1459309
1459552
1459693
1460244
1460433
1460832
1460874
1460926
1461177
1461241
1461376
1461748
1461797
1461852
1462100
1462378
1462417
1462978
1463079
1463317
1463333
1463380
1463566
1463675
1463924
1464596
1465042
1465194
1465493
1466269
1466304
1466320
1466404
1466409
1466677
1466837
1467149
1467486
1467832
1468231
1468461
1468960
1469802
1470142
1470662
1470842
1470940
1471255
1471534
1471671
1471986
1472602
1472651
1473261
1473898
1474152
1474167
1474178
1474981
1475334
1475393
1475517
1475888
1476340
1476817
1476943
1477291
1477330
1477839
1478004
1478593
1478678
1479483
1480102
1480153
1480184
1480433
1480932
1481628
1482159
1482222
1482841
1483872
1484020
1484536
1485342
1485913
1485935
1485976
1486326
1486566
1486910
1487098
1487342
1487612
1487864
1488688
1488856
1489178
1489348
1489707
1489826
1490444
1490463
1490717
1491050
1491096
1491111
1491428
1491547
1491552
1491676
1492059
1492237
1492419
1492542
1492570
1493107
1493168
1493295
1493755
1494155
1494533
1495193
1495265
1495457
1495616
1497313
1497358
1497983
1498366
1498580
1498828
1499259
1499725
1499905
1500681
1500824
1501246
1501979
1502042
1502548
1502679
1502715
1502738
1503377
1503875
1504310
1505273
1506294
1506436
1506450
1506767
1506997
1507004
1507047
1507620
1507841
1507950
1508017
1508275
1508590
1509043
1509699
1510046
1510588
1510837
1511155
1511249
1511291
1511403
1511535
1511940
1512077
1512288
1512404
1513313
1513383
1513619
1513638
1513728
1513744
1513753
1513956
1514069
1514151
1514311
1515365
1515575
1515853
1515894
1516106
1516319
1516368
1516970
1517172
1517177
1517210
1517476
1518627
1518649
1519135
1519340
1519664
1520424
1520448
1520842
1520969
1521032
1521383
1521660
1521959
1522002
1522077
1522410
1522436
1522479
1522805
1523394
1523502
1524090
1524843
1524846
1524965
1525116
1526023
1526494
1527235
1527426
1527877
1527914
1528349
1528454
1528488
1529002
1529199
1530058
1530710
1530829
1531321
1531357
1531459
1531644
1531784
1532008
1532069
1532077
1532431
1533497
1533551
1533901
1534119
1534182
1534341
1534494
1534699
1534844
1534926
1535402
1535962
1536292
1536662
1536927
1537523
1537738
1538083
1538418
1539221
1539450
1539556
1540263
1540569
1541118
1541563
1542004
1542804
1542928
1543084
1543297
1543729
1543815
1543834
1543986
1544561
1545164
1545358
1545624
1545983
1546143
1546168
1546379
1546488
1546771
1547317
1547635
1547901
1547928
1547940
1548236
1548497
1549560
1549767
1550210
1550264
1551674
1552120
1552441
1552637
1552718
1552902
1553145
1553728
1554224
1554980
1555165
1555189
1555610
1555686
1556290
1556338
1556648
1556757
1556941
1557036
1557194
1557622
1557830
1558055
1558331
1558483
1558653
1558979
1559156
1559464
1559723
1559732
1560242
1560256
1560301
1560687
1561271
1561397
1562237
1562447
1562777
1563240
1563382
1564206
1564826
1564849
1565214
1565221
1565823
1566194
1566745
1567428
1567445
1567585
1567730
1567967
1568375
1568924
1568963
1569798
1570144
1570217
1570253
1570522
1570683
1570718
1571335
1571453
1571847
1571917
1572496
1572500
1573161
1573236
1573269
1573282
1573397
1573538
1573802
1573874
1574113
1574260
1574312
1574785
1575102
1575198
1575347
1575487
1575620
1575797
1576259
1576706
1576832
1576919
1576979
1577370
1577588
1577888
1577900
1578257
1578278
1578324
1578634
1579172
1579310
1579579
1579613
1579671
1579716
1579872
1580043
1580089
1580235
1580258
1580439
1580575
1580716
1582049
1582314
1582448
1582515
1582907
1582983
1583141
1583230
1583308
1583346
1583704
1583797
1584094
1584311
1584386
1584602
1584637
1584773
1585021
1585084
1585098
1585400
1585423
1585611
1585805
1585968
1586474
1586498
1586950
1587012
1587213
1587373
1587394
1587439
1588304
1588710
1588819
1589325
1589752
1590087
1590326
1590480
1590719
1590820
1591266
1591326
1591427
1591505
1591681
1591925
1591979
1592113
1592692
1592915
1593243
1593293
1593437
1593962
1594019
1594040
1594257
1594387
1595211
1595922
1595948
1596174
1596698
1596892
1597237
1598109
1598406
1598721
1598813
1598923
1598960
1599354
1600007
1600251
1600311
1600631
1600672
1600907
1601244
1601300
1601401
1601575
1601672
1602123
1602258
1602437
1602605
1602686
1602771
1603532
1603612
1605421
1605767
1605788
1605815
1605922
1606390
1606937
1607225
1607361
1607633
1607720
1607848
1608428
1608599
1608652
1608824
1608968
1609055
1609268
1609725
1609988
1610046
1610939
1611154
1611313
1611387
1611542
1612193
1612326
1612430
1612536
1612627
1613967
1614293
1614542
1615211
1615288
1616211
1616273
1616995
1617081
1617721
1617810
1618372
1618565
1619498
1619624
1619642
1620034
1620100
1620171
1620866
1621001
1621479
1622232
1622281
1622373
1622774
1623012
1623605
1623633
1623741
1623829
1623969
1624088
1624249
1624964
1625064
1625116
1625361
1625616
1625681
1626340
1626764
1626903
1627236
1627251
1627388
1627503
1628699
1628858
1629889
1630395
1630684
1630827
1632390
1632937
1633430
1633667
1633738
1633750
1633985
1634938
1636286
1636407
1636756
1637135
1637624
1637648
1638373
1638424
1638702
1638995
1639291
1639360
1639643
1639800
1640047
1640263
1640372
1640553
1640561
1640596
1640663
1640749
1640979
1641036
1641089
1641119
1641453
1641844
1642525
1642632
1642774
1642998
1643312
1643650
1643671
1643835
1643850
1644342
1645000
1645483
1645648
1645671
1645732
1646075
1646132
1646764
1646820
1647004
1647299
1647776
1647920
1647948
1648759
1648822
1648925
1649300
1649953
1650202
1650249
1650631
1650718
1650936
1651608
1651670
1651833
1652062
1652337
1652373
1652428
1652511
1653360
1653503
1653589
1653688
1653724
1653933
1653987
1654133
1654229
1654455
1654728
1654772
1655021
1655095
1655578
1655709
1656047
1656747
1656966
1657927
1658458
1658477
1658578
1658813
1660194
1660610
1660671
1660741
1660760
1660809
1661746
1661897
1662023
1662297
1662405
1662712
1662803
1663172
1663407
1663634
1663768
1663976
1664371
1665198
1665203
1665256
1665276
1665332
1665397
1665442
1665479
1665620
1666430
1666504
1666634
1666897
1667152
1667210
1667472
1667479
1667602
1667637
1667723
1667742
1667757
1667968
1667995
1668110
1668181
1668212
1668304
1668523
1668927
1668964
1669240
1669565
1669638
1669719
1669980
1670524
1671690
1672460
1672558
1672613
1672696
1672949
1672988
1673120
1673315
1673758
1674928
1675129
1675158
1675497
1675628
1676116
1676251
1676349
1677034
1677131
1677177
1677318
1677687
1677987
1678312
1678356
1678843
1679124
1679469
1680309
1680484
1680742
1681048
1681154
1681325
1681387
1682011
1682141
1682178
1682217
1682971
1683108
1683273
1683361
1683633
1683769
1683809
1683899
1683907
1684150
1684365
1684658
1684687
1684803
1684852
1685188
1685308
1685715
1685976
1686137
1686236
1686310
1686482
1686619
1686775
1686780
1686804
1687264
1687516
1687585
1688090
1688152
1688725
1688814
1688864
1689137
1689538
1689631
1689978
1690005
1690055
1690186
1690876
1691120
1691321
1691459
1691958
1692376
1692441
1692479
1692702
1692984
1693045
1693172
1693600
1693659
1693752
1693784
1694450
1694989
1695057
1695276
1695438
1695564
1695665
1696517
1696941
1697139
1697173
1697319
1697381
1697492
1697552
1697565
1697685
1697920
1697989
1698010
1698961
1698976
1699403
1699419
1699635
1699750
1700023
1700090
1700455
1700561
1701140
1701408
1701518
1702008
1702101
1702132
1702168
1702591
1703020
1703030
1703044
1703381
1703746
1703961
1704095
1704456
1704879
1706406
1706420
1706640
1706674
1706847
1707975
1708641
1709399
1709579
1709702
1709796
1709961
1710391
1710501
1710952
1711023
1711110
1711374
1711552
1711588
1712120
1712416
1712496
1713046
1713353
1713966
1714266
1714323
1714596
1714783
1715151
1715334
1715383
1715474
1715670
1715850
1716062
1716290
1716405
1716804
1716951
1717046
1717125
1717280
1717536
1717720
1717812
1718039
1718059
1718280
1718478
1718560
1719387
1719566
1720156
1720383
1720708
1720860
1721016
1721081
1721389
1721519
1722000
1722486
1723191
1723212
1723610
1723994
1724061
1724695
1724961
1725206
1725546
1726497
1726796
1726843
1726881
1727029
1727035
1727148
1727413
1727505
1727701
1728664
1728719
1729216
1729611
1730184
1730193
1730345
1730475
1730985
1732138
1732387
1732771
1732867
1732893
1733458
1734222
1734646
1735733
1736344
1736519
1736586
1736828
1737040
1737776
1738612
1739124
1739265
1739757
1740459
1740477
1740771
1740799
1741148
1741562
1741577
1741681
1742069
1742348
1742523
1743394
1743796
1743934
1743947
1743949
1744005
1744065
1744360
1745333
1745679
1746061
1746096
1746124
1747631
1747825
1747861
1748065
1748295
1748322
1748583
1748680
1748845
1748862
1749116
1749307
1749401
1749548
1749705
1749738
1749852
1749887
1750025
1750043
1750162
1750463
1750615
1751039
1751158
1751211
1751532
1751923
1752842
1753204
1753234
1753645
1753698
1754159
1754872
1755297
1755883
1756039
1756171
1756633
1756840
1756919
1757106
1757263
1757342
1757819
1758077
1758086
1758465
1758849
1758867
1758874
1758920
1758944
1759181
1759230
1759603
1759653
1760199
1760795
1761140
1761420
1761594
1761621
1761707
1761727
1761779
1762182
1762393
1762421
1762582
1762706
1762853
1762869
1762958
1763384
1763511
1763563
1763623
1763873
1763885
1764014
1764206
1764327
1764382
1764742
1765063
1765172
1765282
1765488
1765519
1766053
1766178
1766335
1766490
1766492
1766840
1767320
1767809
1767963
1768249
1769096
1769186
1769697
1769827
1770229
1770417
1770490
1771613
1771686
1771761
1771835
1771934
1772399
1772558
1773046
1773368
1773400
1773639
1773886
1773917
1773982
1774707
1774811
1774867
1775187
1775761
1775890
1776222
1776986
1777078
1777395
1777560
1777917
1778012
1778102
1778449
1778754
1778846
1779188
1779292
1779385
1779487
1779665
1779784
1780132
1780148
1780161
1780554
1780751
1780755
1781011
1781179
1781468
1781574
1781675
1781840
1782065
1782178
1782673
1782900
1782915
1783623
1783854
1783923
1784142
1784943
1785057
1785107
1785620
1785808
1786268
1786387
1786479
1786709
1786849
1787018
1787155
1787286
1787741
1787783
1787927
1787944
1788028
1788080
1788574
1788784
1788964
1789092
1789275
1789820
1789839
1789933
1790018
1790731
1791167
1791192
1791218
1791401
1791720
1791800
1791942
1792371
1792730
1793393
1793461
1793540
1793855
1794437
1794595
1794785
1795560
1795809
1795811
1795997
1796460
1796612
1796681
1796904
1797379
1797484
1798721
1798736
1799696
1799724
1799800
1800409
1800777
1800791
1800835
1800986
1801098
1801221
1801257
1801634
1801725
1801832
1802221
1802323
1802618
1802760
1802949
1803368
1803805
1804269
1804459
1804543
1805131
1805268
1805359
1805595
1806266
1806541
1806748
1806996
1807066
1807283
1807551
1808205
1808399
1808460
1808500
1808544
1808682
1808968
1809163
1809731
1809819
1810398
1810506
1810799
1811104
1811159
1811242
1811374
1811651
1812295
1812349
1812484
1812637
1812795
1813017
1813433
1813573
1813849
1814241
1815112
1815204
1815356
1815578
1816502
1816550
1816746
1816851
1816856
1817135
1817516
1817958
1818015
1818157
1819016
1819434
1820208
1820525
1820599
1820701
1820772
1821070
1821110
1821647
1821657
1821751
1822508
1822764
1823508
1823564
1823740
1823861
1824104
1824266
1824514
1824577
1824617
1824630
1825462
1825557
1827119
1827495
1827523
1827619
1827733
1827912
1828060
1828315
1828759
1829056
1829393
1830531
1830578
1831085
1831464
1831820
1831912
1832003
1832252
1832631
1832678
1832787
1832857
1833270
1833896
1833988
1834035
1834287
1834948
1835004
1835051
1835993
1836468
1836961
1836973
1838597
1838844
1839053
1839070
1839536
1839748
1840088
1840476
1840596
1840839
1840872
1840944
1841013
1841167
1841346
1841811
1841822
1841892
1842432
1842509
1843115
1844046
1844260
1844300
1845531
1845754
1845789
1846126
1846808
1847068
1847222
1847278
1847562
1847616
1847723
1848533
1848928
1849180
1849209
1849435
1850022
1850047
1850416
1851224
1851264
1851447
1851746
1852039
1852435
1853160
1853317
1853353
1854905
1855120
1855262
1855582
1855716
1856042
1856138
1856307
1856842
1857186
1857525
1857554
1857591
1857796
1858039
1858419
1858459
1858522
1858633
1859006
1859082
1859282
1859742
1859862
1860013
1860078
1860333
1860778
1861032
1861312
1861329
1861370
1861431
1861768
1861920
1862008
1862181
1862463
1862518
1862750
1862888
1862934
1863008
1863928
1864095
1864122
1864503
1865051
1865164
1865362
1865424
1865600
1865642
1865745
1866035
1866886
1867037
1867100
1867443
1867700
1868022
1868684
1869612
1870066
1870292
1870554
1871557
1871673
1872371
1872539
1872778
1873029
1873208
1873749
1874130
1874189
1874689
1875144
1875287
1875307
1875367
1875469
1875546
1876133
1876162
1876364
1876809
1877881
1878332
1878719
1879111
1879189
1879269
1879439
1879524
1879794
1880133
1880209
1880228
1880475
1880506
1880550
1880574
1880787
1880853
1880868
1881278
1882092
1882229
1882251
1882304
1882625
1882685
1882903
1883627
1883680
1883766
1884540
1884769
1884993
1885331
1885591
1886379
1886557
1886825
1887068
1887266
1887417
1887543
1887743
1887763
1887787
1888086
1888096
1888203
1888521
1888543
1888713
1889705
1891323
1891483
1891736
1892401
1892484
1892727
1893288
1893945
1893973
1894195
1894541
1894733
1894816
1895191
1895681
1895802
1896384
1896483
1896530
1896639
1897352
1897388
1898491
1898571
1898848
1898958
1899262
1899306
1899324
1899440
1900042
1900608
1900728
1901024
1901170
1901539
1901615
1901757
1902245
1902440
1902450
1902794
1903668
1904009
1904434
1904766
1904958
1905023
1905221
1905292
1905480
1905575
1905584
1906223
1906280
1906426
1906435
1906539
1906563
1906665
1907152
1907452
1907515
1908255
1908548
1909554
1909566
1909813
1910144
1910439
1910486
1911338
1911433
1911808
1911854
1911859
1911942
1912199
1912394
1912466
1912889
1913116
1913301
1913788
1914037
1914212
1914309
1914317
1914350
1914358
1914475
1914513
1914777
1915146
1915345
1915737
1915848
1915852
1916173
1916377
1916613
1916673
1916788
1917235
1917259
1917886
1917914
1918145
1918160
1918168
1918240
1918243
1918260
1918706
1918813
1918951
1919014
1919354
1919584
1919593
1919818
1919890
1920286
1920371
1920427
1920613
1920624
1921043
1921166
1921176
1921180
1921337
1921728
1921819
1921908
1922338
1922494
1922507
1923048
1923839
1923866
1924000
1924056
1924543
1924644
1924650
1924792
1925081
1925126
1925398
1925449
1926331
1926382
1926564
1928039
1928362
1928400
1929870
1930025
1930118
1930129
1930510
1931023
1931060
1931246
1931481
1931976
1932074
1932383
1932436
1932484
1932631
1932834
1932951
1933147
1933375
1933859
1933988
1934648
1934963
1935054
1935117
1935258
1935717
1935931
1936327
1936576
1937003
1937050
1938259
1938449
1939144
1939181
1939614
1940186
1940378
1941807
1941827
1942328
1942377
1942558
1942793
1942811
1943106
1943431
1943714
1943737
1943772
1944023
1945594
1945924
1945938
1946045
1946124
1946238
1946540
1946567
1947411
1947702
1948036
1948282
1948596
1948649
1949604
1949827
1950175
1950259
1950307
1950498
1950623
1950644
1950846
1950891
1951052
1951225
1951464
1951825
1952263
1952364
1952422
1952724
1952773
1953040
1953205
1953517
1953641
1954246
1954734
1955140
1955343
1955788
1955950
1956053
1956240
1956339
1956510
1956771
1956966
1956999
1957127
1957390
1957822
1958062
1958150
1958819
1958853
1958894
1959626
1959670
1959786
1960156
1960167
1960677
1960834
1961133
1961166
1961209
1961293
1961496
1961518
1961781
1961873
1962146
1962154
1962267
1962324
1962426
1962448
1963180
1963376
1963487
1963636
1963656
1963765
1964022
1964259
1964285
1964921
1964934
1966027
1966029
1966092
1966601
1966718
1967028
1967138
1967737
1967791
1968603
1968644
1969128
1969266
1969910
1969973
1970097
1970138
1970169
1970386
1970721
1970848
1971344
1971376
1971554
1971617
1971726
1972108
1972221
1972352
1972569
1972693
1973080
1973744
1973757
1973967
1974287
1974372
1974807
1975497
1976689
1976826
1977028
1977163
1977223
1977284
1977693
1978430
1978499
1978985
1979069
1979347
1979992
1980078
1980720
1980977
1980994
1981079
1981300
1981325
1981494
1981511
1981641
1982028
1983340
1983426
1984405
1984864
1984911
1985376
1985473
1985846
1986248
1986312
1986652
1987796
1987953
1988286
1988760
1988898
1989281
1989339
1989520
1989588
1989973
1989998
1990029
1990061
1990256
1990461
1990720
1991531
1991614
1991786
1992128
1992197
1992621
1992775
1993420
1993627
1993683
1993702
1994001
1994755
1995010
1995335
