56
452
554
589
1333
1485
1689
1840
1982
2752
3971
4122
4389
4667
4951
4971
5037
5616
5665
5911
6036
6540
7055
7826
8443
9031
9624
9670
9980
10562
10710
10814
11081
11277
11889
12019
12219
12785
13017
13133
13997
14341
14416
15378
15615
16210
16294
16383
16562
16645
16655
16773
17108
17330
17475
18123
18369
18472
18994
19000
19155
19323
19445
19563
19664
19972
20248
20577
20854
20977
21047
21566
22308
22330
22708
22736
23192
23338
23483
23890
23910
24047
24099
24333
24344
24447
24945
25000
25154
25939
26065
26143
27433
27476
29365
29707
29778
30554
30602
31199
31753
31817
31827
31919
32020
32644
33862
34275
34478
34656
35240
35403
35546
36396
36624
36810
36933
37055
38465
38706
39092
39288
39425
39591
40194
40322
40596
40814
41443
41760
41914
42074
42648
42698
44210
45266
46122
46246
46463
46502
46548
46877
46940
47249
47305
47596
47675
48260
49598
49913
50541
50814
51353
51392
51563
51961
52290
52478
52871
53417
53779
54514
54595
54915
55108
55274
55667
55736
56375
56573
56895
57439
57484
57563
58381
58914
58994
59401
59513
59714
59822
60123
60141
60393
60929
61002
61084
61252
61343
62127
62158
62349
62636
63292
63581
65466
65834
65843
66015
66387
67158
67653
67682
67783
68348
68735
69084
69522
69844
70324
70827
71687
71834
72041
72167
72211
72349
73223
73292
73409
73510
73551
73921
73961
74057
74533
74612
74697
75522
75571
75720
76108
76227
76914
77243
77438
77725
77765
78308
78348
78573
78945
79259
80118
80139
80710
80793
81338
81403
82458
82656
82942
83469
84706
85112
85643
85867
86379
87202
87461
87689
87861
88288
90846
90938
91044
91200
91797
91867
91933
92387
92622
92638
92796
92820
93020
93045
94499
94563
95462
95816
96024
96078
96130
96304
96763
96871
97229
97313
98006
98044
99449
99579
99932
100000
100144
100417
100446
100488
100980
101767
102501
103172
104229
104978
105132
105181
105226
105419
105765
106044
106166
107004
107985
108131
108188
108218
108423
108739
109660
109713
109830
110091
110130
110440
110598
110921
111159
111251
111503
112844
113334
113791
113794
114346
114726
115265
115478
115723
115864
115879
116290
116853
117178
117324
117332
117472
117977
118353
118357
118486
118828
118878
118946
119130
119466
119505
120326
120499
120711
121521
121763
122129
122518
122862
123631
124009
125701
125763
125921
126101
126190
126612
126853
126887
127142
127605
127792
128331
128370
129136
129363
129613
129644
129670
129827
129998
130380
131143
131369
131928
131963
132684
132755
132858
133101
133315
133542
133987
134464
134823
137371
137434
137496
137596
138003
138256
138396
138931
139202
139962
140397
140523
140937
141421
141671
141968
143048
143235
143516
144051
144216
144517
144821
144973
145141
146538
147124
147331
147398
147563
148104
148500
148608
148839
150125
150859
150923
151296
151599
151642
152007
152026
152501
152872
153412
153707
153977
153990
154374
154911
155409
155426
155763
156638
157078
157367
157590
157600
157971
158201
158377
158403
158890
159132
159904
159974
160548
161363
161523
162000
162483
163037
163289
163327
163637
163692
163975
164043
164553
164604
164957
164987
165332
165826
166005
167626
168063
168176
168475
168494
168675
169039
169511
169542
169606
169816
170044
170069
170207
170349
172025
172070
172510
172737
172834
173290
173313
173937
174200
174876
175463
175631
175912
176069
177051
177309
177613
177861
178129
178143
178387
178444
178463
178716
178779
179709
181243
181367
181714
182234
183046
183323
183803
184192
184231
184311
184875
184890
185225
185308
186107
186235
186500
186789
186808
187058
187445
187480
187575
187586
187882
188105
188204
188304
188414
188628
188957
189159
189367
190037
190189
190351
190394
190561
191323
191453
191995
192447
193058
193874
194768
195518
195599
195906
196114
196342
196428
196534
197126
198621
198942
199623
200121
200850
200901
201097
201107
201870
202070
202162
202207
202801
202833
203217
203536
203698
203937
204038
204126
204425
204667
205591
205978
206165
206178
206889
207142
207235
207372
208073
208461
208600
208960
208999
209190
209939
210123
210151
210196
210630
210768
211073
211109
211155
211902
213066
213349
213365
213368
213902
214745
214814
215290
215336
215977
216240
216457
216501
216847
217131
217211
218226
218815
219125
219203
219546
220144
220529
220936
220959
221097
221338
221896
222176
222257
222263
222274
222568
222655
222932
223488
224254
225244
225339
225640
225717
225758
225809
225993
226132
226778
227416
227834
227848
228079
228523
228788
230043
230046
230214
230577
230836
230995
231029
231080
231224
231344
231484
231683
232237
232355
232707
232854
233056
233409
233530
233710
233870
234208
234887
234943
235019
235419
236018
236206
236479
236760
236779
236808
237132
237338
237405
237939
238984
239041
239232
239606
239732
239813
240317
240436
240514
240928
241030
241823
242181
242803
243053
243586
243647
243668
243892
244114
244464
245124
245399
246220
247032
247083
248495
248534
248710
248899
249262
249559
249916
250069
250526
250597
250917
251074
251334
251693
251949
252087
252145
252191
252224
252553
252739
252850
252985
253025
253307
253317
253430
253802
254527
254686
254710
254876
255347
255514
255758
255825
255942
256172
256282
256315
257761
258061
258216
258306
258816
258999
259888
260195
260307
260531
260590
260743
260757
260887
260915
261144
261504
261908
261945
261966
262643
262773
263030
263106
263256
263456
263521
263702
264036
264272
265281
265529
265637
265751
266289
266436
266872
268067
268495
268843
269512
270353
270755
271015
271129
271396
271576
271644
271905
272147
272298
272299
272609
272670
272869
273146
273645
275751
275846
275940
276258
276771
276791
276969
277432
277528
277991
278163
278175
278331
278352
278584
278803
279199
279244
279409
279413
280257
280323
280664
280842
280879
281158
281203
281517
281590
281779
281884
282234
282509
282614
283000
283160
283549
283986
284013
284354
284538
284612
284728
285624
285741
285839
286044
286405
286517
286541
286921
286927
287014
287245
287255
287404
287545
287649
287899
288108
288561
289258
289639
289937
289965
290282
290344
290573
290772
290906
291121
291237
291264
292004
292031
292497
292856
293007
293014
293023
293120
293415
293447
293530
293643
293904
294027
294297
294949
294975
295007
295062
295121
295163
295345
295763
295916
295946
296693
296966
297009
297311
297398
297649
297662
297800
298265
299051
299341
299441
300104
300595
300898
300930
301014
301200
301463
302147
302176
302550
302586
302772
303166
303441
303591
303614
303721
304213
304387
304402
304603
305515
305700
305838
306157
306254
306324
306791
307445
307516
307517
308248
308384
308414
308536
308607
308640
309014
309073
309129
309425
309440
309515
309665
309857
310225
310484
310702
310887
311133
312118
312164
312177
312546
313007
313628
313701
314169
314245
314398
314469
314954
315015
315035
315051
315134
315169
315288
315297
315409
315588
315763
315788
315894
316018
316093
316249
316416
316688
317135
317934
318447
318655
318863
319296
319347
319500
320062
320133
320139
320436
320954
321280
321315
321448
321641
322028
322337
322376
322390
322520
322894
323019
323334
323384
323758
324039
324406
324516
324621
324646
324939
325004
325210
325236
325451
325613
325714
326030
326045
326271
326312
326470
326675
326818
326983
327386
327819
328055
328174
328585
328889
329193
329578
329749
329899
330656
330990
331368
331607
332421
332646
333139
333190
333499
333683
333775
333848
333973
334320
334718
334922
335259
335625
335772
336414
336665
336804
336821
337085
337508
337608
337799
338137
338263
338474
338525
339023
339342
339637
339941
340164
340839
341273
341590
341824
341917
342603
343123
343280
344401
344463
344520
344683
345445
345489
345924
346494
346582
346637
346704
346736
346966
347433
347550
347749
347839
348035
348140
348301
348492
348797
348981
349624
350016
350657
350720
350928
351311
351605
351955
351968
352047
352218
352245
352427
352797
353226
353450
353661
354091
354131
354277
354355
354375
354516
355682
355749
356031
356393
356675
356815
357602
357830
357857
357927
358220
358379
358596
358784
358949
359001
359483
359724
359927
360250
360389
360469
360756
361082
361241
361267
361715
361929
361931
362066
362089
362311
362323
363083
363219
363223
363324
363403
363485
363700
363767
364458
364581
364696
365390
365670
365701
365899
365957
366319
366388
366395
367251
367484
367509
367672
368361
368764
368845
369145
369197
369219
369253
369322
369423
369615
369732
370021
370189
370592
370606
370654
370770
370801
371451
371670
371736
372348
372602
372855
373366
373973
374359
375075
375219
375255
375980
376419
376559
376819
377467
377501
377548
377704
378171
378439
378571
378881
379136
379191
379476
380292
380391
380853
381595
381955
382039
382172
382353
382553
382581
383050
383240
383284
383545
383723
383852
383898
384481
384664
384973
385000
385248
385360
385367
385543
385962
386070
386441
386597
386698
386728
387346
388320
388788
388909
389255
389567
391008
391113
391157
391259
392320
392343
392506
392558
392677
392765
393344
393445
393477
393752
394440
394559
394898
395170
395387
395502
395526
395896
396429
396674
396684
396932
397171
397612
397701
397844
397966
398118
398450
398490
398578
398808
399034
399269
399274
399654
400005
400204
400357
400743
401044
401142
401317
401425
401530
401982
402061
402364
402478
402560
403310
403372
403579
403814
404196
404637
404665
404761
404960
405520
405588
405719
406139
406494
406507
406782
407280
407615
408249
408305
408459
408581
408853
409134
409997
410014
410181
411028
411371
411551
412018
412123
412174
412196
412260
412290
412370
412723
412900
413032
413097
413246
413426
413668
414859
414919
415164
415212
416586
416983
417109
417410
417834
417846
417944
418079
418421
418674
418804
418951
419183
419562
419737
420264
421160
421226
421275
421289
421502
421519
421768
422199
422233
422572
423330
423858
424284
424497
424598
424608
424839
425446
425485
425494
425731
426057
426659
427270
428344
428606
428619
428912
429584
429680
429713
429822
429905
429962
430237
430727
431098
431543
432161
432351
432622
432654
432668
432952
433263
433356
433803
434813
436563
436837
437431
437551
437669
437706
438121
438354
438400
439307
439318
439468
439639
439847
439993
440190
440224
440405
440797
440954
441328
441613
441767
441964
442827
443002
443255
443380
443854
444310
444411
444495
444566
445809
446146
446502
446823
446852
447065
447255
447510
447629
447684
447845
448299
448510
449116
449325
449386
449434
449537
449797
450065
450107
450695
450740
450819
450934
451435
452224
452460
453178
453439
453541
453582
453655
453750
453888
454342
454637
454956
454973
455445
455669
455892
456191
456387
456567
456726
456794
456991
457170
457316
457420
457498
457581
457669
458063
458065
458238
458352
459227
459526
460161
460305
460477
460582
461257
461551
461604
461652
462406
462521
462642
462736
462796
463399
464113
464128
464553
464918
465185
465270
465385
465441
465519
465818
466399
466728
467033
467355
467508
467755
467838
467915
467944
467994
468012
468208
468311
468478
468519
469576
469715
469824
469916
470315
470897
470964
471247
471274
471354
471535
471887
472300
472409
472606
472931
472974
473024
473297
474166
474613
474870
475100
475722
476677
476819
477232
477258
477386
477465
477713
477898
478465
478680
479029
479197
479607
479660
480469
480625
480743
481070
481299
481393
481778
481807
481965
481972
482020
482301
482306
482460
482815
483310
483468
483585
483782
484602
484605
484811
484913
484983
485382
485811
486308
486479
486526
487129
487289
487355
487362
488012
488099
488229
488270
488366
488524
488577
489095
489331
489632
489729
489953
490675
490746
490844
491035
491182
491218
491330
491565
491587
492406
492508
492728
492839
492848
493036
493167
493216
493269
493391
493747
494296
494497
494851
494908
495112
495144
495196
495742
495817
495869
495978
496575
497094
497419
497462
497918
498293
498765
498805
499006
499201
499513
499888
499933
499957
500142
500443
500626
500731
500939
500983
501033
501814
502366
502774
503014
503177
503194
503354
503510
503598
504162
504365
504524
504628
504673
505316
505650
505693
505844
506212
506552
506669
506754
506838
506872
507008
507015
507035
507094
507203
507281
507622
507931
508287
508452
508598
508639
509020
509083
509331
509621
509631
509712
509790
509846
510140
510235
510428
510659
510696
510865
510881
512634
513076
513109
513234
514357
514607
514626
514691
515024
515045
515209
516013
516176
516647
516762
517266
517520
517554
517606
517650
517749
517900
517955
518981
519261
519326
519859
520061
520269
520636
521867
522152
522406
522815
522912
523435
523780
523907
524423
525143
526521
526687
527018
527618
527926
528033
528278
529042
529106
529252
529278
529476
530024
530127
530293
530387
530511
530572
531493
531522
531544
531799
531886
531995
532221
532238
533035
533318
533343
533392
533472
533804
533882
534000
534851
535641
535888
535955
536198
536205
536871
536962
537116
537248
537273
537278
537351
537571
538217
538528
538725
538761
538945
539036
540222
540438
540720
540773
541176
541458
541513
541563
541588
541878
542119
542227
542582
542752
542827
543467
543773
543953
544089
544353
544360
544673
544677
544831
544986
545394
545501
545618
545880
546619
546673
546703
547562
547578
547615
548474
548518
548559
548585
548593
548781
548922
548943
549041
549104
549165
549399
549718
549913
550196
550238
550318
550553
550857
551125
551177
551524
551693
551874
552209
552297
552591
552899
552953
553176
553325
553439
553541
554507
554930
555140
555681
556424
557011
557169
557371
557440
557626
557923
557937
558260
558739
558790
558965
558996
559411
559925
560419
560672
560792
561455
562326
562339
562426
562441
562479
562508
562819
562969
562982
563013
563435
563555
563702
563783
564063
565045
565469
565526
565676
565729
566289
566522
566731
566887
567363
567368
567454
567554
567735
567866
568027
568492
568638
568738
568810
568914
569291
569369
569644
569772
569828
570698
570871
571282
571399
571497
571741
571775
572019
572050
572157
572279
572497
572969
573110
573613
574955
575976
576117
576159
576233
576435
576831
576944
577007
577146
577526
577710
577775
578022
578264
578380
578511
578871
579207
579747
579847
579861
580044
580500
580717
580812
580881
581053
581055
581448
581960
582375
582409
582623
582704
582882
582975
582981
583265
583384
583482
583504
584165
584384
585269
585607
586223
586656
586776
586966
587098
587332
587841
587934
588011
588108
588212
588356
588697
589448
589693
590042
590301
590595
590624
590988
591147
591201
591605
591961
591982
592303
592331
592471
592750
593034
593229
593452
593964
594351
594423
595265
595507
595519
595535
595575
595636
596146
596596
596697
596870
596887
596921
597084
597513
597617
597728
597952
598126
598142
598413
598491
598601
598672
598871
599115
599305
600010
600089
600300
600722
600740
601230
601325
601884
602055
602083
602161
602767
603035
603454
604147
605353
605527
605715
605742
606044
606462
606601
606974
607340
607631
607713
608068
608082
608482
608780
608812
609103
609358
610005
611265
611697
611777
611916
612190
612432
612651
612975
613155
613578
613593
613685
614033
614252
614341
614782
614936
614975
614988
614996
615229
615410
615422
615556
615626
615920
616181
616958
617204
617262
618294
618901
618927
619988
620522
620598
620953
621129
621205
621493
621798
622739
622803
623386
623409
623464
623474
623682
623875
624106
624931
625042
625109
625332
626099
626313
626799
627082
627123
627138
627503
627543
627588
628132
628203
628436
628722
628975
629322
629474
629974
630123
630236
630253
630259
630291
630354
630460
630798
631170
631284
631636
631806
632128
632339
632654
632829
633100
633263
633634
633852
634098
634239
634952
635206
635575
635675
636197
636827
637421
637537
637606
638614
639019
639071
639574
640299
640312
640493
640602
640777
641843
641910
641961
642095
642403
642669
642836
643086
643773
643820
644055
644281
644675
645320
645358
645403
645533
645952
645965
646561
646773
646795
647205
647781
648163
648294
648641
648678
648718
648730
648757
649317
649447
649462
649686
649776
650244
650391
650501
650699
650988
651376
651504
651602
652221
652440
652800
653117
653203
653217
653426
653674
653741
653800
654344
654396
654463
654528
654846
655252
655732
655748
656803
657288
657583
657857
657914
658192
658451
658491
658898
659379
659521
659623
659775
659917
660084
660111
660648
660914
660938
660972
661239
661760
662018
662977
663008
663472
663530
664665
664724
664804
664971
665415
666646
666923
667351
667405
667760
667945
668438
668546
668584
668624
668752
669044
669189
670172
670680
671414
672111
672141
672157
672482
673211
673612
674322
674581
674908
674980
675391
675491
675849
675947
676137
676379
676646
676656
676990
677566
677646
677789
678153
678277
678554
678565
678927
678945
679062
679155
679540
679896
680538
680549
680729
680859
681024
681135
681192
681478
681783
681809
682485
682632
682858
683062
683261
683303
683365
683764
683777
683817
683831
684253
684403
684704
685284
685549
685723
685749
685858
686146
686299
686681
687061
687462
687761
687785
688140
688548
688664
689126
689866
689986
690289
690303
690808
691184
691318
691367
691702
692174
692563
692990
693313
693420
693511
693600
693712
693932
693959
694118
694392
694975
694980
695541
696427
696703
696787
696857
697007
697170
698446
698911
699106
699381
699524
699736
699779
700522
700629
700688
700806
701379
701648
701923
702151
702240
702272
702916
703102
703227
703621
703691
703735
704328
704711
704950
704965
705142
705248
705488
705748
705798
706360
706879
707382
707463
707469
707655
707889
708009
708170
708389
708391
708836
709074
709416
709651
709940
710066
710170
710218
710337
710451
711030
711048
711189
711447
711460
711744
711859
711915
712047
712552
712806
712854
713140
713305
713402
713433
713654
713687
713850
714253
714894
715052
715507
715514
716034
716396
716982
717050
717495
717579
717993
718762
719281
719326
719451
720065
721271
721283
721465
721579
721868
721921
721941
722189
722282
722513
722585
722868
723118
723559
724516
724719
724943
724983
724986
725149
725416
725699
725866
726064
726196
726899
728313
728435
728755
729174
729358
730220
730465
731002
731050
731065
731087
731285
731353
732028
732104
732579
732726
733002
733412
733454
733662
733727
733745
733789
734747
735057
735188
735228
735284
735832
735888
735920
736105
736132
736228
736645
737001
738861
738987
739161
739469
739505
739708
739799
740051
740148
740158
740190
740340
740581
740674
740715
740802
740989
741187
741800
741850
742219
742239
742346
742538
742564
742715
742835
743002
743499
743578
743868
744163
744615
745129
745336
745352
745631
745792
746453
746888
746906
746935
747286
747419
747446
747987
748375
748584
749228
749658
749676
749746
749759
750148
750344
750356
750826
751041
751158
751304
751425
751621
751877
752061
752363
752609
752622
752816
753082
753206
753287
753607
753664
754014
754061
754137
754169
754314
754482
754954
756274
756355
756976
757292
757470
757649
757969
758385
758833
758871
759446
759857
759908
759931
760085
760262
760308
760451
760522
760635
760865
761508
762003
762295
762384
762470
762591
762831
762837
763258
763539
763668
764439
765270
765328
765350
765499
765692
765710
765728
766118
766675
767010
767076
767334
767495
767554
767780
767825
768217
768303
768602
768650
768780
768870
768967
769006
769078
769231
769567
769616
769645
769917
770045
770324
770393
770484
770861
770992
771179
771213
771319
771753
771783
772088
772133
772159
772417
772436
772681
773050
773264
773656
774709
774717
774742
774746
775075
775190
775663
775876
776018
776099
776425
776947
777153
777347
777769
778024
778111
778324
778458
778620
778688
779749
779903
780575
780624
780855
780939
780967
780994
781369
781463
781785
781985
783427
783552
783966
783972
784655
785086
785346
785803
786070
787245
787441
787518
788177
788210
788469
788477
788960
789055
789128
789166
789532
789703
789876
790178
790311
790461
790524
790608
790901
790912
791246
791651
792019
792189
792223
792229
792732
792948
793269
793385
793745
793852
794538
795426
795595
795634
795887
796022
796071
796267
796828
798464
798719
800003
800132
800161
800193
800330
800576
800739
801064
801595
801726
802221
802357
802590
802846
803564
803833
804103
805052
805255
805690
806004
806058
806219
806279
806367
806472
806928
807052
807174
807390
807657
808052
808422
808492
808677
809031
809077
809107
809244
809510
809593
809691
809714
810072
810422
810433
810575
810866
810978
811506
811529
812033
812135
812541
812637
812768
812851
812989
813023
813168
813349
813363
813419
814938
815242
815408
815552
816086
816302
816326
816828
817219
817515
817544
817606
817876
818107
818663
819133
819516
819598
819645
819939
820015
820913
821292
821734
821784
821814
821867
822802
822979
823292
823779
824033
824189
824629
824826
824892
824992
825072
825180
825292
825373
825907
825963
826026
826481
826514
826546
826603
826995
827384
827585
827882
828475
828631
828929
829887
830055
830167
830414
830652
830820
830885
831095
831300
831498
831623
831730
831767
832775
832861
833452
833833
833915
834614
834646
834861
835145
835470
835827
836139
836330
836621
836699
836811
836824
837173
837566
837848
838627
838955
839738
839772
839894
840482
840946
840977
841255
841457
841569
841658
841793
842214
842240
842725
843182
843195
843347
843369
843473
843664
843681
843697
843768
844059
844241
844687
844731
845026
845062
845454
845957
846136
846735
846894
847138
847407
847497
847500
847643
847714
847782
847868
847882
847933
848198
848364
848454
848739
848888
849114
849462
849530
850455
850553
850569
850684
851096
851460
851591
851612
851815
852383
852468
852578
852615
852832
852913
853356
853404
853522
853608
853943
854103
854373
854653
854850
854991
855080
855187
855377
855589
856104
856121
856144
856203
856240
856322
856458
856646
856977
857036
857171
857367
857575
857612
858106
858357
858413
858434
858703
858766
858808
858860
858998
859349
859371
859622
860014
860264
860313
860611
860692
860808
861337
861584
861747
861790
862160
862417
863221
863422
863692
863960
864037
864206
864323
864621
865088
865384
865399
865505
865679
866133
866360
866398
866715
867091
867097
868899
869144
869162
869241
869394
869509
869720
870240
870908
871044
871428
871721
872151
873338
873500
873676
873921
874734
874912
875107
875290
875410
876350
876701
876722
876783
876827
877790
877839
878055
878141
878221
878339
878554
878580
878791
879713
880509
880928
881020
881095
881392
881580
881585
881839
881846
882523
882714
883005
883392
883413
883547
883762
883870
884551
884696
884828
884906
885374
885668
885860
886707
887012
887388
887566
887845
888091
888357
888424
888899
889073
889583
889719
889900
890111
890177
890396
890508
890666
890748
890760
890806
890924
891852
891986
892011
892541
892855
892895
892912
892960
892983
893004
893333
893557
893836
894359
894733
895481
895612
895925
895961
896193
896240
896403
896900
897522
897548
897798
897965
899900
899977
900008
900030
900180
900266
900369
901294
901450
901479
901588
901630
901881
902097
902163
902545
902623
903068
903697
903999
904120
904148
904241
904320
904323
904450
905173
905586
905708
905767
905824
906054
906596
906617
906636
907119
907174
907404
907712
907864
907979
908145
908406
908426
908589
908647
908831
909543
909704
909839
909883
910571
910801
911382
911544
911785
911998
912259
912730
912742
912764
913635
913793
913892
914365
914807
914827
914918
914961
915433
915543
916128
916621
916881
917002
917728
918209
918219
918532
918548
918640
919289
919972
920704
920803
921186
921227
921388
921416
921574
921999
922088
922414
922523
922561
922764
923853
923951
924105
924152
924699
924713
924832
924846
924954
925159
925225
925735
925868
925887
926109
926370
926490
927074
927187
927838
927844
928046
928059
929069
929118
929128
929395
929405
929549
930188
930926
931024
931201
931218
931517
931529
932495
932564
932657
932881
933050
933100
933393
933621
934255
934423
935114
935200
935377
935612
935711
936068
936281
936572
936927
937027
937077
937647
937769
937797
938617
938733
938754
938775
938975
939112
939304
939577
940057
940950
941181
941410
941847
942115
942556
942683
942845
943080
943428
943720
943836
943897
944425
944860
945158
945440
945861
945874
945888
946270
946978
947199
947245
947403
948172
949080
949115
949378
949472
949522
949948
950119
950248
950315
950500
950793
950864
951044
951463
952037
952055
952711
953151
953161
953563
953976
954252
954369
954550
954687
955157
955345
955428
955669
955766
956502
956927
957303
957841
958013
958898
959229
959536
959556
959847
959918
960064
960518
960587
960699
960982
961035
961377
961612
961646
962630
962724
962840
962936
963276
963406
963741
963920
964332
964396
964402
964968
965052
965108
965187
965307
965333
965537
966191
966257
966342
967089
967427
968540
968663
968855
969027
969116
969175
969242
969883
970195
970477
970621
970872
970935
971005
971019
971027
971552
972036
972444
972751
972988
973065
973069
973450
973512
974054
974393
974455
974504
974755
974777
974850
975189
975488
975536
975854
976222
976966
977097
977231
977374
977563
977646
978036
978421
978562
978959
979121
979439
979661
979844
979909
980155
980220
980263
980487
980782
980846
980896
981594
981635
981904
981933
981976
981997
982079
982187
982426
982680
982739
982756
982959
983262
983451
983511
983960
984139
984369
984456
984458
984613
984678
985089
985526
986035
986503
986512
987751
988245
988259
988282
989049
989115
989271
989403
989605
989711
989900
990364
990461
990519
990655
990731
991105
991285
991378
991629
991685
991780
991892
992057
992467
993054
993515
993591
994311
994755
995312
995886
996300
996338
996366
996583
996645
996931
997575
