10
21
131
167
175
179
321
477
508
535
569
578
598
722
835
854
860
911
1009
1040
1152
1264
1398
1430
1477
1549
1603
1628
1706
1730
1761
1793
1827
1906
2125
2152
2159
2243
2283
2376
2378
2391
2472
2486
2612
2697
2755
2810
2901
2925
2963
2972
3086
3148
3171
3208
3313
3320
3345
3402
3404
3475
3684
3716
3802
3956
3996
4204
4214
4226
4236
4293
4376
4434
4614
4628
4720
4787
4796
4821
4831
4858
4953
5108
5110
5194
5272
5275
5405
5448
5579
5587
5591
5636
5677
5744
5835
5926
5934
5937
5944
5974
5985
6102
6109
6232
6259
6270
6461
6483
6503
6533
6553
6568
6673
6730
6829
6851
6977
7156
7177
7243
7493
7516
7546
7554
7587
7593
7733
7742
7785
7882
7941
8072
8119
8254
8262
8293
8403
8409
8430
8437
8455
8469
8496
8522
8583
8585
8592
8611
8629
8707
8817
8852
8872
8890
8929
8941
8984
9049
9050
9069
9138
9158
9201
9216
9290
9343
9351
9359
9456
9512
9603
9639
9710
9769
9793
9895
9969
9994
10029
10064
10129
10240
10267
10271
10319
10328
10445
10494
10532
10679
10696
10723
10729
10828
10844
10854
10898
10948
11154
11211
11248
11293
11480
11504
11631
11753
11941
11975
11985
11999
12012
12034
12062
12080
12097
12119
12188
12207
12315
12374
12419
12477
12498
12506
12531
12533
12608
12632
12655
12835
12839
12924
12946
12969
12975
13045
13216
13364
13402
13427
13500
13540
13563
13613
13676
13839
13927
13951
13962
14068
14086
14231
14316
14321
14327
14403
14672
14780
14792
14851
14928
14980
15133
15299
15353
15422
15427
15440
15563
15601
15796
15971
16069
16084
16095
16175
16421
16467
16484
16512
16579
16644
16658
16664
16693
16782
16840
16914
17030
17084
17095
17102
17129
17162
17210
17322
17352
17406
17430
17485
17518
17591
17620
17635
17681
17765
17777
17789
17797
18019
18059
18333
18538
18561
18625
18710
18761
18877
18886
19085
19111
19238
19304
19417
19528
19555
19749
19904
19917
19985
20092
20138
20185
20199
20264
20355
20412
20449
20585
20692
20819
20871
20905
20921
21034
21306
21609
21650
21679
21711
21765
21894
21956
21984
22130
22424
22477
22480
22497
22717
22852
22873
22877
22964
23404
23437
23460
23482
23508
23612
23662
23728
23786
23864
23932
23981
24009
24016
24250
24265
24426
24507
24642
24812
24945
24950
25057
25146
25163
25179
25222
25306
25479
25664
25917
25932
25944
25945
26016
26084
26264
26277
26408
26460
26483
26580
26692
26862
27009
27015
27043
27116
27140
27240
27276
27298
27340
27405
27406
27521
27527
27622
27675
27806
27874
27929
28095
28300
28329
28374
28401
28450
28807
28865
28993
28996
29109
29132
29283
29320
29473
29893
29988
30041
30133
30255
30304
30315
30446
30510
30527
30799
30915
31001
31029
31045
31291
31296
31356
31571
31611
32006
32050
32115
32191
32351
32403
32586
32650
32737
32816
32840
32885
32896
33008
33257
33513
33520
33528
33708
33864
33946
34065
34166
34190
34199
34232
34259
34371
34434
34680
34880
34884
34888
34927
35118
35132
35348
35438
35582
35682
35747
35795
36212
36261
36288
36330
36404
36434
36494
36511
36515
36565
36593
36613
36676
36707
36744
36785
36968
36973
36998
37054
37216
37269
37337
37579
37613
37804
38032
38151
38241
38254
38390
38583
38597
38660
38740
38907
39027
39115
39217
39302
39440
39461
39466
39918
39924
40028
40037
40126
40182
40277
40377
40389
40689
40862
41004
41027
41059
41340
41369
41381
41667
41898
41960
41971
42121
42289
42391
42399
42784
42850
43009
43024
43067
43125
43186
43242
43285
43364
43513
43549
43967
44049
44085
44285
44394
44443
44538
44587
44635
44636
44658
44675
44803
44877
44898
44901
45072
45231
45422
45500
45524
45564
45807
45871
45902
45904
46017
46048
46070
46193
46343
46348
46389
46431
46447
46708
46760
46811
46867
47106
47201
47307
47405
47477
47622
47821
47830
47864
48025
48037
48171
48366
48370
48451
48521
48624
48765
48778
48870
49268
49500
49761
49853
50003
50019
50255
50326
50332
50455
50460
50612
50722
50734
50882
50891
50928
51043
51094
51102
51113
51214
51243
51399
51521
51573
51696
51771
52304
52560
52629
52647
52672
52805
53026
53029
53173
53199
53438
53528
53648
53661
53750
54010
54158
54168
54198
54336
54401
54451
54639
54734
54820
54885
54946
55073
55109
55231
55264
55289
55434
55453
55455
55514
55533
55537
55562
55586
55814
55950
56015
56112
56303
56521
56800
57052
57129
57165
57249
57735
57873
57894
57948
58106
58112
58151
58348
58425
58572
58657
58664
58764
58828
58892
58901
58945
59022
59139
59179
59191
59208
59265
59338
59419
59475
59664
59747
59943
60026
60109
60173
60315
60382
60592
60635
60643
60665
60999
61178
61422
61545
61596
61623
61646
61666
61700
62147
62250
62315
62452
62500
62690
62755
62871
62875
63350
63377
63416
63476
63725
63782
63845
64031
64128
64173
64214
64353
64599
64618
64758
64886
64912
64984
65251
65294
65611
65626
66019
66288
66342
66377
66460
66586
66618
66840
66967
67020
67051
67063
67096
67141
67266
67408
67485
67618
67708
67932
67990
68153
68406
68527
68770
68778
68958
68984
69089
69134
69368
69445
69554
69696
69708
69872
69904
69990
70014
70028
70282
70419
70495
70619
70648
70718
70738
70771
70775
70993
71026
71105
71118
71161
71323
71396
71472
71771
71968
72460
72546
72890
73303
73373
73377
73591
73606
74083
74154
74317
74390
74679
74841
74874
74898
74922
74961
74992
75064
75111
75464
75494
75540
75667
75720
75790
75930
76091
76103
76310
76351
76364
76549
76565
76584
76646
76910
77010
77155
77288
77621
77626
77853
77880
77924
77941
78014
78118
78143
78168
78285
78614
78881
78906
78913
79274
79286
79339
79377
79401
79666
79684
79869
79998
80054
80281
80335
80605
80846
80888
80903
81072
81107
81357
81390
81432
81738
81838
81919
82154
82235
82251
82806
82845
82914
82992
83011
83139
83145
83400
83441
83469
83518
83601
83602
83787
83925
83949
83966
84221
84479
84960
85045
85536
85556
85704
85711
86036
86087
86176
86182
86297
86378
86424
86548
86668
86687
86940
86982
87267
87307
87350
87535
87674
87826
87892
87897
88108
88271
88308
88447
88670
88707
88718
88925
88966
88992
89011
89040
89070
89112
89124
89130
89817
89925
90219
90299
90575
90608
90726
90745
91020
91116
91147
91166
91228
91293
91377
91571
91630
91973
92269
92507
92578
92634
92668
92723
92865
93028
93051
93104
93399
93623
93695
93715
93751
93899
94019
94195
94430
94522
94886
94916
94920
95302
95373
95419
95670
95698
95753
95874
96084
96195
96290
96316
96460
96498
96509
96709
97479
97489
97667
97790
97793
97876
98010
98080
98358
98695
98833
98921
99085
99098
99267
99456
99464
99509
99636
99720
99806
99866
99869
99895
99958
100045
100089
100264
100395
100449
100499
100552
100648
100676
100693
100746
101167
101259
101356
101392
101448
101607
101726
102202
102340
102834
102888
102901
103026
103232
103268
103394
103775
103832
103943
104475
104593
104712
104806
104925
105227
105463
105630
105873
105876
105965
106120
106153
106162
106331
106368
106522
106683
106821
106976
107050
107237
107386
107398
107446
107568
107823
107968
108106
108167
108223
108503
108657
108788
108817
108867
108901
109094
109232
109309
109323
109805
109818
109951
109979
110189
110209
110222
110266
110313
110567
110774
110791
111107
111204
111301
111705
111755
111826
111939
111944
112084
112164
112166
112223
112230
112272
112334
112449
112478
112509
112564
112580
112583
112954
113108
113153
113163
113167
113355
113406
113512
113544
113560
113653
113665
113688
113789
113903
113983
114004
114019
114154
114168
114457
114585
114630
114652
114736
114838
115063
115339
115352
115381
115385
115406
115794
115810
115995
116179
116180
116567
116723
116875
117333
117336
117720
117740
117997
118150
118167
118503
118531
118665
118753
118785
118937
118975
119118
119146
119188
119244
119370
119380
119498
119665
119692
119774
120260
120321
120480
120539
120676
120911
120960
121025
121053
121192
121250
121483
121544
121566
121624
121765
121768
121779
121791
121794
121823
121943
122095
122325
122404
122457
122534
122690
122750
122790
122826
123073
123713
123835
124365
124553
124708
124719
124814
124927
125115
125230
125254
125371
125411
125486
125652
125690
125703
125901
125908
126017
126018
126076
126088
126106
126271
126343
126410
126430
126541
126781
126797
126864
127003
127084
127150
127238
127653
127761
127786
127922
128280
128418
128546
128593
128650
128658
128985
129059
129158
129317
129351
129786
129796
129849
129892
130028
130279
130495
130527
130630
130641
131035
131141
131422
131508
131545
131596
131615
131641
131645
131667
131747
131991
132111
132136
132341
132360
132565
132666
133011
133101
133203
133218
133338
133441
133470
133523
133627
133769
133928
134334
134546
134559
134626
134732
134853
134993
135028
135033
135131
135227
135252
135298
135395
135480
135840
135995
136119
136180
136216
136347
136373
136460
136463
136620
136841
137145
137189
137280
137291
137397
137418
137442
137474
137507
137949
138056
138221
138347
138703
138752
138782
138835
138934
139177
139400
139497
139654
139699
139879
139978
139987
140152
140173
140575
140893
140955
141008
141098
141318
141356
141382
141534
141599
141676
142249
142340
142571
142633
142674
142745
142776
142817
142823
142831
142937
143109
143131
143177
143225
143372
143419
143586
143604
143631
143807
143837
143887
143975
144447
144469
144643
144828
145186
145304
145356
145411
145594
145917
145946
145988
146077
146115
146889
147055
147063
147205
147399
147532
147564
147718
147943
148081
148098
148115
148135
148194
148433
148576
148835
149094
149178
149655
149847
149905
149927
150104
150112
150145
150249
150278
150286
150384
150450
150596
150742
150783
150866
150990
151065
151100
151157
151348
151502
151539
151723
151998
152059
152134
152448
152551
152563
152737
152808
152864
153031
153116
153327
153427
153543
153684
153769
153799
154051
154074
154160
154182
154358
154605
154770
154775
154849
154928
154957
154982
155145
155210
155259
155570
155646
155830
155841
155861
156007
156054
156148
156208
156252
156391
156581
156620
156729
156735
156781
156799
156827
156884
157692
157704
157797
157856
157928
157956
158056
158116
158123
158229
158285
158336
158706
158749
158764
158892
158999
159091
159100
159195
159247
159252
159294
159315
159330
159394
159586
159590
159831
160041
160122
160148
160242
160569
160590
160698
160888
160901
161101
161109
161129
161145
161237
161304
161379
161452
161489
161643
161807
161866
161869
161970
162037
162086
162473
162632
162796
162800
162868
162980
163182
163259
163364
163484
163628
163851
163871
164624
164790
164896
164996
165213
165544
165574
165606
166116
166123
166132
166258
166342
166352
167164
167167
167225
167485
167541
167619
167624
167788
167820
167926
168054
168080
168217
168254
168354
168360
168441
168570
168839
168902
168906
168966
168985
169273
169292
169344
169446
169474
169530
169699
169787
169838
170003
170179
170235
170545
170551
170754
171015
171467
171534
171570
171686
171841
172018
172074
172201
172230
172348
172364
172392
172500
172597
172632
172787
172951
173038
173065
173114
173454
173466
173597
173750
173787
173799
173898
173921
173938
174530
174658
174681
174768
174769
174873
175049
175069
175280
175311
175661
175726
175736
175773
175794
175804
175924
175978
176043
176312
176339
176434
176655
176739
176866
176870
176901
176994
177244
177414
177526
177541
177571
177608
177624
177773
177805
177861
177914
178034
178039
178044
178240
178472
178705
178719
178862
178883
178925
179022
179054
179133
179194
179250
179409
179458
179485
180060
180259
180386
180587
180723
181069
181273
181296
181346
181606
181675
181886
182023
182062
182112
182132
182156
182201
182217
182231
182409
182525
182801
182821
182999
183202
183279
183550
183587
183620
183807
184303
184454
184546
184583
184764
185159
185229
185304
185365
185418
185420
185491
185686
185938
185950
185962
185979
186004
186064
186263
186527
186714
186833
187069
187423
187446
187513
187535
188093
188449
188629
188774
188892
188938
188941
189018
189114
189138
189179
189555
189602
189689
189788
189878
189927
189956
189979
190134
190296
190387
190607
190632
190735
190753
190771
190775
190908
190913
190920
191096
191191
191257
191276
191443
191676
191825
191876
191999
192107
192324
192451
192630
192703
192851
192876
192889
193055
193341
193358
193363
193417
193795
193810
193835
193861
193909
194033
194390
194929
194988
195056
195125
195299
195354
195442
195531
195616
195692
196094
196377
196630
196686
196721
196892
197253
197571
197601
197677
197883
197909
197973
198040
198054
198479
198553
198674
198690
198753
198757
198795
198877
198964
199188
199276
199344
199360
199374
199419
199636
199667
199738
199818
200003
200112
200154
200167
200227
200608
200797
201091
201268
201283
201733
201762
201792
201859
201903
201952
201967
202011
202102
202167
202202
202222
202410
202545
202576
202635
202708
202716
202745
202751
202852
202904
203205
203392
203479
203523
203636
203711
203744
203777
203822
203864
204022
204064
204321
204410
204427
204842
204849
204869
204886
204955
205067
205094
205404
205529
205603
205843
205939
205955
206023
206180
206255
206321
206388
206540
206879
206890
207045
207131
207197
207261
207345
207531
207804
207856
207935
208033
208296
208306
208542
209149
209243
209303
209360
209454
209559
209589
209780
210090
210138
210170
210271
210450
210793
210888
210996
211075
211117
211405
211554
211582
211905
211912
212020
212144
212155
212163
212215
212288
213039
213096
213119
213132
213387
213432
213536
213626
213627
214114
214168
214237
214393
214668
215005
215013
215064
215104
215172
215190
215226
215266
215321
215401
215460
215514
215815
215970
216023
216217
216239
216248
216285
216296
216320
216409
216565
216863
216881
216903
216967
217226
217305
217353
217387
217594
217636
217750
217814
217848
218060
218256
218315
218364
218431
218504
218574
218615
218656
218803
218822
218834
219167
219518
219607
219802
219827
219848
219901
220165
220399
220417
220967
220995
221136
221214
221465
221555
221737
221957
222269
222547
222756
222790
222855
223114
223267
223288
223304
223352
223499
223577
223698
223713
223782
224442
224466
224494
224546
224640
224737
224925
225285
225786
225831
225884
225897
226253
226303
226383
226543
226548
226579
226697
226947
227457
227479
227533
227550
227567
227714
227887
228184
228214
228223
228318
228323
228360
228413
228417
228724
228745
228815
228820
228847
229158
229199
229236
229290
229767
230167
230221
230347
230376
231027
231048
231079
231081
231208
231246
231526
231798
231845
231935
232100
232207
232230
232258
232579
232590
232608
232675
232686
232876
233021
233083
233138
233200
233221
233646
233696
233701
233871
233884
233917
233937
233947
234046
234130
234219
234242
234819
234873
234886
234977
234986
235095
235192
235276
235576
235875
236132
236148
236163
236314
236336
236367
236464
236692
236939
236997
237304
237367
237397
237493
238079
238099
238292
238817
238878
238943
239027
239062
239299
239324
239388
239468
239502
239553
239595
239686
239803
239813
239838
239939
239982
240059
240399
240406
240463
240802
240960
241200
241267
241458
241539
241616
241672
241705
241846
241955
242029
242420
242444
242445
242531
242746
242760
242916
243267
243348
243403
243546
243918
244006
244014
244028
244091
244182
244232
244420
244489
244528
244589
244843
244988
245041
245085
245419
245429
245731
245775
245799
245838
245843
245861
246064
246147
246292
246408
246427
246485
246521
246639
246808
246893
247075
247094
247457
247604
247619
247851
247941
248052
248086
248193
248949
248971
249176
249182
249189
249347
249785
249878
250035
250091
250185
250378
250389
250490
250850
250891
251174
251701
251723
251762
251783
251790
251804
251851
252139
252178
252219
252266
252347
252389
252413
252474
253008
253212
253258
253478
253607
253947
254464
254483
254573
254888
255057
255400
255422
255455
255491
255636
255656
255822
255905
256128
256288
256375
256473
256582
256697
256903
257228
257330
257334
257499
257727
257866
258069
258226
258257
258455
258470
258533
258731
258740
258747
258997
259090
259151
259199
259219
259260
259296
259314
259431
259487
259510
259537
259578
259579
259712
259937
260023
260141
260222
260400
260475
260557
260566
260697
260777
260837
260945
261407
261603
261633
261669
261853
262000
262136
262247
262275
262739
262965
263159
263222
263313
263370
263408
263671
264090
264223
264348
264517
264651
264787
265043
265264
265455
265487
265522
265543
265924
266046
266048
266257
266297
266374
266738
266904
266910
267185
267251
267390
267535
267593
267623
267634
267976
268175
268358
268462
268738
268832
269083
269304
269654
269673
269873
269928
269953
269972
270042
270200
270396
270489
270536
270559
270609
270676
270686
270696
270744
270947
271035
271049
271206
271532
271560
271612
271666
272470
272488
272561
272578
272608
272651
272774
273070
273098
273252
273268
273428
273548
273823
274212
274271
274296
274417
274530
274539
274573
274630
274632
274922
274938
274961
275066
275100
275331
275723
275750
275843
275856
275870
275889
275911
276019
276151
276217
276225
276431
276585
276592
277037
277100
277125
277242
277260
277294
277367
277439
277485
277528
277580
277601
277897
278015
278035
278136
278146
278228
278368
278414
278478
278649
278749
278871
279029
279140
279266
279430
279476
279848
279863
279964
280054
280087
280168
280287
280303
280322
280340
280418
280533
280705
280726
280740
280825
280959
281085
281173
281202
281399
281464
281552
281579
281618
281799
281995
282141
282274
282279
282316
282384
282393
282473
282623
282746
282878
282907
282951
283062
283154
283283
283424
283522
283574
283620
283638
283656
283659
283795
283798
283906
284202
284245
284261
284330
284501
284636
284689
284798
284800
284988
284998
285039
285252
285275
285333
285345
285467
285604
285694
285704
285836
286006
286397
286500
287053
287353
287420
287452
287453
287480
287511
287599
287834
287836
287845
288039
288072
288133
288146
288288
288313
288348
288803
288842
288930
289263
289360
289432
289617
289665
289694
289862
290052
290128
290156
290273
290753
290818
290835
290887
291038
291090
291130
291164
291167
291497
291849
292104
292239
292276
292467
292499
292623
292634
292732
292790
292833
293084
293151
293223
293368
293586
293667
293676
294280
294328
294421
294428
294500
294594
294876
295367
295533
295724
295751
295814
296101
296333
296657
296701
296790
297268
297363
297415
297500
297983
298280
298307
298349
298361
298466
298586
298632
298991
299130
299238
299746
299770
299778
299864
299883
300207
300226
300334
300344
300372
300435
300622
300760
300792
300798
300861
300921
300953
301008
301088
301105
301117
301348
301589
301860
302026
302100
302175
302329
302849
303075
303224
303410
303481
304078
304184
304274
304677
304762
305040
305223
305236
305341
305352
305390
305439
305451
305572
305676
305773
305777
305930
305972
306383
306570
306666
306696
306990
307074
307144
307184
307500
307592
307630
307753
307803
307855
308128
308309
308346
308454
308501
308584
308587
308777
308869
308900
309079
309204
309229
309310
309326
309417
309449
309534
309541
309554
309566
309747
309885
309942
310277
310626
310646
310701
310870
311054
311126
311243
311426
311755
311831
311883
311976
312001
312108
312164
312487
312780
312941
313339
313408
313565
313591
313765
313872
314127
314231
314344
314441
314542
314696
314703
314803
314845
314865
314945
315048
315069
315102
315239
315319
315395
315397
315463
315763
315788
316087
316224
316262
316351
316473
316486
316530
316830
316972
317120
317143
318113
318550
318640
318797
318815
318825
318859
318910
318958
319258
319473
319521
319631
319799
319826
319895
319903
319910
319957
320081
320190
320291
320344
320433
320553
320599
320669
320822
320943
321268
321280
321451
321489
321513
321639
321693
321715
321838
322015
322045
322076
322102
322169
322438
322534
322672
322766
322877
322926
322987
323100
323203
323214
323223
323284
323291
323343
323430
323449
323562
323593
323625
323946
324177
324320
324350
324429
324740
324748
324766
324873
324932
325211
325407
325470
325494
325608
325851
325928
326267
326284
326564
326586
326622
326646
326764
326845
326871
327017
327091
327261
327307
327386
327392
327521
327866
327913
327936
328238
328355
328646
328754
328801
328998
329159
329547
329860
329905
329978
330232
330463
330661
330755
331061
331163
331175
331250
331571
331626
331638
332222
332355
332561
332618
332717
332735
332799
332895
332900
332941
333003
333243
333449
333599
334154
334158
334211
334227
334244
334295
334469
334926
335023
335114
335149
335169
335222
335258
335278
335399
335644
335854
336176
336325
336364
336603
336645
336893
337154
337296
337336
337373
337438
337463
337486
337564
337626
337750
337795
337808
337995
338058
338270
338285
338327
338629
338668
338683
338700
338738
338975
339075
339360
339372
339450
339644
339847
339981
340051
340152
340267
340411
340616
340623
340624
340656
340675
340770
340891
340967
341037
341055
341114
341166
341299
341316
341350
341354
341715
341766
341896
341907
341952
342234
342266
342666
342715
342810
342829
342932
343159
343673
343976
344153
344278
344283
344599
344967
345134
345199
345270
345325
345468
345578
345601
345636
345690
345709
346127
346258
346364
346376
346733
346814
347000
347043
347128
347265
347609
347649
347758
347801
347912
348023
348032
348042
348197
348238
348258
348562
348575
348614
348682
348687
348761
348765
348828
349135
349222
349375
349398
349459
349520
349544
349665
349722
349735
349887
349906
349924
350073
350236
350444
350501
350628
350670
350882
350914
351045
351063
351122
351142
351189
351218
351286
351432
351496
351556
351570
351638
351849
351998
352052
352113
352128
352231
352603
352636
352678
352724
352769
352822
353133
353166
353197
353235
353264
353273
353433
353439
353804
353929
354011
354013
354337
354344
354407
354827
354948
355045
355171
355204
355395
355461
355537
355684
355724
355754
355980
355985
356015
356104
356265
356296
356333
356557
356791
356823
356861
356983
357021
357173
357298
357413
357423
357580
357615
357621
357770
357784
357821
358012
358059
358202
358520
358535
358910
359082
359236
359396
359501
359536
359650
359795
360336
360368
360610
360675
360863
360918
361043
361275
361453
361596
361808
361847
361944
362002
362063
362225
362500
362509
362789
362876
362906
363025
363101
363115
363208
363262
363380
363618
363763
363966
364478
364551
364647
364651
364684
364738
364887
364908
365067
365194
365477
365569
365575
366318
366394
366490
366648
366711
366945
366973
367087
367135
367196
367285
367754
367843
367921
367963
368012
368298
368598
368632
368804
368883
368971
369058
369540
369762
369908
369942
370075
370180
370204
370474
370496
370530
370563
370758
370982
371241
371312
371318
371707
371770
371885
371975
372776
372809
373326
373392
373577
373637
373697
373713
373796
373907
374046
374078
374320
374412
374467
374493
374537
374559
374624
374662
374826
375082
375237
375334
375801
376347
376579
376581
376606
376678
376785
376924
376947
377053
377075
377197
377288
377316
377423
377481
377493
377626
377677
377932
378064
378325
378436
378496
378722
378787
378924
379528
379610
379666
379687
379765
379902
379931
380180
380300
380441
380469
380521
380699
381342
381386
381483
381521
381567
381586
381856
381964
382041
382486
382504
382529
382618
382764
383123
383305
383375
383418
383677
383701
383774
383780
383928
383933
383982
384142
384176
384277
384308
384522
384583
384761
385034
385062
385115
385139
385159
385313
385348
385553
385773
385859
385871
385980
386116
386277
386280
386377
386507
386665
386848
387042
387071
387220
387253
387288
387406
387489
387706
388011
388062
388206
388308
388415
388646
388685
388797
388809
389075
389106
389128
389497
389563
389826
389889
389912
390125
390187
390430
390495
390731
390752
390903
390973
390993
391093
391104
391146
391231
391336
391398
391653
391659
391784
391980
392011
392093
392557
392682
392955
393126
393470
394146
394274
394421
394436
394503
394561
394580
394611
394618
394956
395193
395367
395501
395514
395539
396072
396097
396139
396347
396625
396679
396818
396894
396927
396948
397019
397169
397205
397379
397392
397411
398020
398259
398560
398632
398646
398753
398787
398832
398850
398907
399019
399177
399328
399392
399484
399580
399608
399839
400199
400313
400408
400454
400571
400899
400961
400970
401183
401268
401344
401347
401419
401536
401680
401755
402081
402390
402393
402495
402669
402723
402861
402941
402945
403006
403068
403213
403560
403808
403842
403931
403935
403937
404226
404245
404330
404335
404346
404480
404494
404554
404575
404618
404619
404642
404954
404958
405020
405037
405120
405179
405316
405625
406043
406110
406206
406282
406343
406377
406399
406511
406571
406632
406649
406740
406755
406888
406940
407206
407521
407593
407818
408074
408159
408177
408247
408258
408340
408351
408476
408523
408536
408704
408745
408945
409341
409437
409502
409828
409911
409918
410130
410176
410373
410659
410716
410734
410968
411108
411266
411272
411454
411634
411660
411768
411974
412244
412332
412621
412799
413274
413326
413407
413533
413846
413878
414305
414340
414463
414506
414530
414606
414885
415062
415336
415383
415584
415771
415785
415906
416129
416256
416271
416330
416358
416476
416632
416715
416756
417019
417378
417457
417483
417545
417572
417717
417777
417899
417954
418222
418296
418380
418532
418601
418624
418691
418732
418907
418988
419029
419177
419222
419381
419410
419553
419695
419755
419790
419983
420008
420044
420059
420290
420341
420439
420543
420637
420728
420772
420996
421231
421319
421335
421352
421486
421553
421671
421775
421782
421902
421950
422005
422074
422099
422102
422236
422240
422254
422356
422399
422524
422665
423060
423165
423289
423366
423789
423961
424186
424199
424405
424444
424627
424632
424749
424806
424827
424976
425024
425162
425291
425307
425312
425386
425616
425848
425905
425917
425986
426018
426032
426083
426085
426091
426168
426362
426495
426601
426650
426652
426695
426838
426851
426986
427031
427088
427119
427135
427446
427499
427567
427601
427684
427739
427975
428042
428074
428228
428512
428595
428749
428953
429252
429490
429689
429908
430053
430077
430116
430535
430662
430669
430776
431010
431304
431356
431373
431833
431986
432039
432075
432303
432383
432425
432444
432471
432595
432763
432884
432901
432955
433109
433126
433156
433379
433434
433507
433549
433560
433572
433634
433640
433736
433974
433982
434324
434368
434611
434747
434774
434971
435058
435118
435353
435407
435552
435658
435677
435825
435927
436083
436297
436627
436943
436945
436986
437116
437144
437219
437320
437404
437428
437444
437833
438113
438292
438355
438504
439051
439368
439502
439668
439726
439805
439850
439864
440487
440531
440743
440744
440862
441021
441115
441280
441296
441327
441367
441455
441747
441837
441970
442054
442522
442529
442860
442998
443291
443322
443826
444113
444157
444426
444440
444508
444737
444754
444944
445376
445556
445781
445804
445938
446486
446539
446634
446688
446857
446859
447063
447069
447184
447427
447435
447666
447867
447958
447993
448005
448096
448102
448159
448190
448226
448450
448510
448527
448552
448558
448596
448830
448931
448970
449032
449410
449534
449670
449807
449859
449868
449890
449935
450263
450395
450472
450591
450604
450625
450670
450698
450702
450757
450820
451187
451294
451317
451591
451761
451834
451889
452074
452103
452341
452383
452428
452488
452732
452942
453082
453157
453592
453778
453803
453899
453940
454034
454224
454260
454323
454354
454413
454481
454487
454556
454592
454726
454792
454882
455166
455177
455313
455343
455536
455548
455877
456149
456239
456308
456398
456434
456505
456759
456866
456997
457078
457099
457239
457499
457551
457833
457994
458045
458108
458169
458236
458364
458403
458408
458600
458637
458717
458735
458758
459090
459304
459416
459592
459716
459778
459861
459878
459956
460053
460130
460281
460545
460639
460939
461278
461358
461459
462151
462192
462275
462455
462557
462632
462756
462909
463058
463111
463219
463305
463467
463628
463726
463799
463899
464291
464366
464410
464441
464608
464633
464692
464821
464970
465194
465205
465208
465288
465346
465468
465713
465891
466085
466132
466191
466306
466530
466547
466821
466921
467392
467670
467713
467793
467818
467840
467985
468006
468129
468145
468397
468621
468898
468920
468972
469456
469542
469575
469709
469806
469832
469943
469988
470112
470344
470383
470459
470474
470563
470658
470857
470881
470998
471074
471102
471773
471981
472098
472421
472480
472858
472886
472898
473086
473174
473633
473832
473961
473995
474025
474221
474242
474284
474361
474481
474508
474632
474791
475099
475135
475214
475244
475282
475388
475425
475496
475838
475951
476041
476113
476177
476224
476361
476582
476872
476887
476980
477080
477127
477338
477420
477869
477901
478075
478171
478436
478512
478622
478773
478839
478952
478972
479037
479105
479304
479744
480080
480414
480552
480560
480686
480735
480769
480876
481019
481044
481191
481345
481447
481607
481626
481727
481921
482137
482186
482469
482566
482585
482659
482757
482861
483042
483322
483372
483591
483639
483843
483986
484082
484283
484443
484506
484928
484970
485520
485563
485567
485571
485723
485796
486092
486116
486155
486482
486547
486787
486824
486878
486910
486935
487080
487098
487133
487726
487744
487783
487874
488262
488331
488401
488499
488659
489433
489618
489856
490033
490477
490764
490815
490887
490965
491068
491142
491332
491344
491463
491502
491522
491528
491580
491969
491972
492384
492632
492649
492661
492737
492794
492875
492913
493138
493272
493334
493348
493395
493475
493479
493506
493609
493625
493749
493771
493777
493860
493898
494060
494151
494551
494653
494686
494805
494862
494887
495057
495452
495513
495660
495942
496077
496238
496342
496437
496660
496742
496773
496852
497148
497244
497337
497914
498098
498228
498561
498972
499404
499405
499481
499491
499989
500148
500157
500211
500283
500302
500450
500729
500841
501210
501426
501441
501706
501878
502026
502440
502504
502833
502950
503464
503502
503822
503847
504209
504219
504283
504319
504610
504739
505364
505371
505468
505473
505548
505744
505902
505957
506134
506821
506836
506838
507022
507052
507216
507418
507507
507621
507702
507880
507969
508040
508092
508202
508309
508580
508700
509605
509713
509804
509923
510107
510204
510540
510557
510562
510586
510622
510643
510651
510668
510717
510720
510732
510828
510896
510977
511063
511181
511437
511575
511780
511880
511942
511951
512057
512274
512370
512531
512580
512703
512741
512794
512856
512858
513284
513735
514350
514367
514450
514677
514857
515181
515199
515359
515639
515734
515879
515999
516020
516206
516337
516516
516582
516979
517154
517264
517294
517694
517759
517896
518223
518237
518422
518533
518658
518860
518961
519289
519427
519708
519801
519994
520139
520335
520367
520460
521249
521251
521404
521411
521441
521516
521603
521605
521770
521895
521989
522057
522226
522471
522513
522563
522568
522597
522686
522801
522865
523123
523161
523209
523257
523288
523359
523473
523745
523840
524115
524212
524428
524559
524670
524722
524788
524951
525100
525105
525239
525384
525434
525492
525618
525652
525898
525977
526018
526022
526122
526172
526293
526468
526571
526580
526625
526828
526854
526950
527420
527522
527687
528144
528150
528275
528370
528578
528689
528789
528842
528910
529686
529719
529880
529885
529986
530120
530276
530305
530333
530352
530427
530449
530455
531022
531313
531362
531644
531913
532035
532099
532425
532535
532551
532878
533122
533201
533661
533733
533962
534223
534545
534768
534818
535033
535116
535169
535327
535376
535462
535512
535522
535603
535766
535935
535974
536001
536029
536032
536188
536194
536206
536576
536687
536757
536767
536769
536966
536971
537012
537290
537455
537507
537658
537787
537811
537984
538078
538085
538113
538287
538325
538379
538426
538530
538544
538561
538775
538988
539116
539138
539195
539258
539839
539846
539962
540268
540455
540829
541252
541351
541554
541568
541712
541943
541951
541973
542071
542155
542432
542438
542673
542812
542971
542983
542998
543045
543425
543479
543518
543575
543602
543709
543712
543827
543983
544033
544138
544184
544323
544370
544618
544855
545155
545186
545253
545298
545323
545372
545532
545534
545620
545623
545628
545763
545771
545793
546050
546109
546197
546226
546284
546350
546354
546374
546555
547282
547650
547712
547800
547879
548125
548284
548397
548527
548814
548862
548999
549051
549861
549884
549932
550005
550204
550225
550239
550261
550353
550451
550745
550828
550834
550949
550964
550992
551142
551477
551528
551603
551783
552552
552672
552718
552725
553134
553332
553394
553481
553590
553596
553795
553845
554032
554119
554127
554769
555220
555526
555692
555713
555954
556022
556073
556186
556266
556306
556347
556363
556489
556548
556588
556888
556928
557412
557467
557626
557648
557711
557949
557969
558033
558063
558143
558208
558225
558235
558314
558710
558809
559091
559275
559331
559335
559339
559395
559397
559441
559492
559513
559947
559986
559992
560033
560047
560192
560252
560305
560394
560657
560669
560832
561003
561243
561352
561517
561534
561650
561656
561792
561949
561966
562192
562416
562451
562470
562868
563071
563297
563381
563804
563849
564001
564004
564235
564269
564364
564367
564368
564630
564663
564672
564690
564757
565503
565532
565539
565647
565678
565887
566034
566296
566553
566558
566605
566824
566859
566997
567084
567111
567155
567292
567718
567781
567901
568067
568098
568140
568440
568516
568581
568588
568592
568761
568897
568910
569004
569034
569120
569314
569397
569487
569544
569586
569650
569724
569732
569827
570237
570301
570347
570524
570978
571012
571029
571454
571512
571564
571894
571917
571963
571965
572242
572344
572362
572504
572815
572956
573046
573119
573304
573324
573426
573560
573621
573885
573887
574160
574293
574890
574933
574974
575032
575195
575422
575475
575646
575734
575830
576097
576265
576565
576809
577217
577231
577391
577437
577794
578021
578050
578289
578376
578478
578493
578904
579004
579020
579194
579269
579684
579758
579831
579944
579994
580009
580124
580313
580360
580421
580504
581011
581058
581554
581729
581859
581867
581924
582001
582082
582322
582336
582376
582405
583002
583072
583193
583641
583924
583943
583992
584043
584269
584459
584730
584914
585156
585179
585197
585205
585338
585396
585421
585504
585570
585659
585666
585669
585677
585751
586254
586405
586688
587036
587141
587145
587242
587302
587426
587511
587536
587654
587716
587973
588026
588123
588265
588316
588535
588608
588612
588625
588679
588744
588771
588847
588863
589064
589229
589282
589401
589465
589626
589664
589822
590164
590603
590891
590924
590967
591052
591116
591499
591557
591872
591896
592043
592079
592401
592413
592486
592528
592565
592627
592860
592866
593046
593169
593409
593433
593648
594025
594168
594387
594430
594550
594626
594742
594816
595111
595242
595244
595263
595446
595455
595538
595785
595953
596006
596033
596061
596538
597271
597276
597306
597411
597415
597570
597632
597722
597752
597925
598405
598418
598734
598833
598972
599064
599110
599194
599240
599242
599246
599377
599405
599421
599736
599921
600066
600127
600371
600385
600534
600646
600890
601004
601013
601061
601129
601163
601331
601541
601794
602212
602304
602348
602406
602570
603066
603230
603718
603806
603870
603900
603916
604040
604200
604406
604473
604516
604661
604706
604763
604856
604879
604897
604908
605054
605173
605303
605917
606032
606088
606089
606185
606293
606378
606496
606724
606778
606786
606851
606967
607048
607164
607185
607437
607482
607534
607766
607779
607950
608062
608129
608396
608471
608763
608957
609006
609189
609219
609498
609536
609539
609607
609739
609930
609989
610342
610410
610482
610555
610583
610774
610779
610785
610921
611008
611385
611548
611586
611631
611694
611834
611847
612022
612134
612144
612598
612644
612873
612875
612907
612948
613214
613367
613762
614039
614505
614667
614750
614759
614890
615012
615067
615233
615439
615721
615898
616037
616060
616221
616243
616408
616598
616644
616678
616792
616862
616896
617004
617083
617220
617326
617346
617453
617700
617772
617813
618026
618275
618453
618476
618508
618954
619007
619158
619193
619294
619527
619556
619679
619703
619752
619814
620251
620328
620435
620460
620498
620588
620627
620670
620697
620703
620743
620788
620923
621003
621015
621109
621158
621259
621691
621699
621795
621904
621974
621995
622063
622099
622204
622262
622562
622685
623142
623179
623281
623326
623342
623577
624137
624150
624189
624237
624406
624483
625030
625209
625315
625390
625486
625535
625602
625739
625758
625933
626277
626445
626623
626653
626854
627060
627149
627159
627299
627402
627514
627526
627553
627716
628142
628175
628194
628446
628575
628581
628673
628753
628862
629049
629060
629125
629194
629302
629573
629866
629924
630062
630154
630416
630427
630622
630938
631005
631150
631221
631373
631539
631558
631601
631699
631841
632284
632293
632426
632454
632551
632643
632771
632850
632894
632936
632942
633000
633222
633273
633421
633533
633622
633895
634010
634033
634150
634325
634377
634381
634478
634599
634648
634749
634781
635238
635301
635361
635683
635845
635989
636118
636515
636695
636914
637020
637169
637209
637311
637325
637410
637473
637709
637958
638090
638206
638695
638924
638993
639015
639026
639437
639526
639863
639965
640073
640285
640559
640572
640654
640758
640935
641041
641060
641101
641188
641346
641357
641362
641424
641712
641943
642002
642011
642113
642275
642511
642609
643260
643285
643766
644080
644187
645029
645054
645198
645372
645625
645710
646275
646325
646332
646427
646473
646522
646567
646704
646751
646844
647021
647037
647072
647513
647736
647789
648056
648080
648092
648182
648311
648484
648636
648742
649214
649274
649671
649790
649829
650002
650033
650228
650244
650277
650280
650477
650559
650722
651020
651433
651500
651515
651782
651989
652007
652034
652058
652148
652173
652436
652527
652739
652912
652941
652966
653183
653314
653353
653394
653431
653491
653566
653652
653683
654084
654138
654257
654408
654620
654621
654645
654652
654699
654909
654969
654982
654997
655316
655463
655469
655592
655708
655719
655771
655800
655864
656004
656057
656340
656460
656542
657010
657226
657265
657454
657524
657548
657653
657742
657762
657889
657941
658026
658046
658176
658223
658335
658429
658446
658526
658657
658777
658860
659014
659044
659162
659253
659270
659430
659521
659588
659613
659645
659663
659722
659759
659855
659871
659903
659914
660015
660049
660156
660163
660210
660334
660353
660621
661069
661218
661251
661438
661565
661756
661800
661811
661833
661835
662141
662189
662379
662390
662394
662462
662598
662817
662840
662843
662998
663040
663061
663259
663272
663325
663371
663432
663615
663683
663703
663732
663817
664068
664090
664296
664328
664462
664629
664813
664829
664941
665007
665081
665179
665230
665255
665271
665327
665339
665534
665535
665630
665808
665851
665915
665999
666026
666088
666127
666210
666255
666364
666554
666814
666899
666906
666999
667106
667127
667175
667716
667818
667930
667947
667971
667990
668096
668228
668486
668528
668583
668813
668828
668863
668882
668916
669095
669180
669441
669464
669473
669740
669775
669792
669968
670005
670275
670423
670439
670515
670795
670836
671147
671176
671338
671391
671460
671481
671648
671660
671738
671741
671776
671841
672055
672076
672254
672291
672374
672387
672406
672485
672544
672666
672709
672748
673036
673157
673168
673340
673351
673630
673744
674134
674137
674187
674199
674215
674225
674253
674268
674309
674349
674396
674675
674685
674794
674903
674913
675008
675121
675151
675167
675199
675255
675315
675383
675601
675761
675908
676407
676438
676771
676834
676878
676894
677068
677186
677245
677311
677552
677678
677803
677854
677875
677909
678133
678324
678444
678447
678768
678844
679154
679512
679576
679582
679591
679749
679834
679911
679970
680067
680105
680402
680481
680616
680632
680784
680790
680849
681228
681248
681300
681333
681670
681732
681824
681834
681873
681939
681994
682094
682214
682344
682473
682481
682634
682646
682903
682988
683116
683179
683312
683341
683563
683651
683721
683783
683951
683971
684012
684179
684362
684519
684627
684699
684720
684848
684864
684881
685056
685083
685233
685284
685297
685336
685351
685372
685683
685910
686120
686171
686561
686702
686710
686766
686822
686883
687072
687426
687635
687647
687760
687822
688024
688103
688125
688386
688502
688784
688801
688805
688874
688928
688988
689131
689169
690167
690304
690415
690437
690474
690511
690583
690599
690682
690730
690778
690821
691088
691188
