0.4166666666666667	0.0	30.775892705579025	0.011473284148564808	7.146561277121274	0.015252830466670118
1.25	3.0	30.775892705579025	0.011473284148564808	7.146561277121274	0.015252830466670118
2.0833333333333335	2.0	30.775892705579025	0.011473284148564808	7.146561277121274	0.015252830466670118
2.916666666666667	3.0	30.775892705579025	0.011473284148564808	7.146561277121274	0.015252830466670118
3.75	5.0	30.775892705579025	0.011473284148564808	7.146561277121274	0.015252830466670118
4.583333333333334	17.0	30.775892705579025	0.011473284148564808	7.146561277121274	0.015252830466670118
5.416666666666667	21.0	30.775892705579025	0.011473284148564808	7.146561277121274	0.015252830466670118
6.25	37.0	30.775892705579025	0.011473284148564808	7.146561277121274	0.015252830466670118
7.083333333333334	82.0	30.775892705579025	0.011473284148564808	7.146561277121274	0.015252830466670118
7.916666666666667	141.0	30.775892705579025	0.011473284148564808	7.146561277121274	0.015252830466670118
8.75	202.0	30.775892705579025	0.011473284148564808	7.146561277121274	0.015252830466670118
9.583333333333334	309.0	30.775892705579025	0.011473284148564808	7.146561277121274	0.015252830466670118
10.416666666666668	435.0	30.775892705579025	0.011473284148564808	7.146561277121274	0.015252830466670118
11.25	705.0	30.775892705579025	0.011473284148564808	7.146561277121274	0.015252830466670118
12.083333333333334	980.0	30.775892705579025	0.011473284148564808	7.146561277121274	0.015252830466670118
12.916666666666668	1470.0	30.775892705579025	0.011473284148564808	7.146561277121274	0.015252830466670118
13.75	2029.0	30.775892705579025	0.011473284148564808	7.146561277121274	0.015252830466670118
14.583333333333334	2809.0	30.775892705579025	0.011473284148564808	7.146561277121274	0.015252830466670118
15.416666666666668	3737.0	30.775892705579025	0.011473284148564808	7.146561277121274	0.015252830466670118
16.25	4885.0	30.775892705579025	0.011473284148564808	7.146561277121274	0.015252830466670118
17.083333333333336	6394.0	30.775892705579025	0.011473284148564808	7.146561277121274	0.015252830466670118
17.916666666666668	8120.0	30.775892705579025	0.011473284148564808	7.146561277121274	0.015252830466670118
18.75	10188.0	30.775892705579025	0.011473284148564808	7.146561277121274	0.015252830466670118
19.583333333333336	12691.0	30.775892705579025	0.011473284148564808	7.146561277121274	0.015252830466670118
20.416666666666668	15399.0	30.775892705579025	0.011473284148564808	7.146561277121274	0.015252830466670118	15937.393129998618	-4.264723377311019	24	48
21.25	18457.0	30.775892705579025	0.011473284148564808	7.146561277121274	0.015252830466670118	18744.398391302486	-2.099174682321669	24	48
22.083333333333336	21485.0	30.775892705579025	0.011473284148564808	7.146561277121274	0.015252830466670118	21748.065000646402	-1.7838271114723352	24	48
22.916666666666668	25166.0	30.775892705579025	0.011473284148564808	7.146561277121274	0.015252830466670118	24892.27752090087	1.7349147830456773	24	48
23.75	28284.0	30.775892705579025	0.011473284148564808	7.146561277121274	0.015252830466670118	28106.2912163098	1.0600030710531698	24	48
24.583333333333336	31411.0	30.775892705579025	0.011473284148564808	7.146561277121274	0.015252830466670118	31306.703849332236	0.5894535768983562	24	48
25.416666666666668	34937.0	30.775892705579025	0.011473284148564808	7.146561277121274	0.015252830466670118	34400.6020956125	2.89203836928675	24	48
26.25	37922.0	30.775892705579025	0.011473284148564808	7.146561277121274	0.015252830466670118	37289.76430932129	3.274041572303967	24	48
27.083333333333336	40085.0	30.775892705579025	0.011473284148564808	7.146561277121274	0.015252830466670118	39875.68242876883	1.048218022740067	24	48
27.916666666666668	42378.0	30.775892705579025	0.011473284148564808	7.146561277121274	0.015252830466670118	42065.060170151635	1.5258086929402106	24	48
28.75	44263.0	30.775892705579025	0.011473284148564808	7.146561277121274	0.015252830466670118	43775.36702306538	2.3306559597085714	24	48
29.583333333333336	44808.0	30.775892705579025	0.011473284148564808	7.146561277121274	0.015252830466670118	44939.99018077028	-0.622622967557781	24	48
30.416666666666668	45394.0	30.775892705579025	0.011473284148564808	7.146561277121274	0.015252830466670118	45512.5371090049	-0.5556339936993844	24	48
31.25	45170.0	30.775892705579025	0.011473284148564808	7.146561277121274	0.015252830466670118	45469.90162141955	-1.4064257411722583	24	48
32.083333333333336	44589.0	30.775892705579025	0.011473284148564808	7.146561277121274	0.015252830466670118	44813.81105573684	-1.061968722033628	24	48
32.91666666666667	43166.0	30.775892705579025	0.011473284148564808	7.146561277121274	0.015252830466670118	43570.710162953124	-1.938861518563108	24	48
33.75	41369.0	30.775892705579025	0.011473284148564808	7.146561277121274	0.015252830466670118	41789.99258740147	-2.0593885891683854	24	48
34.583333333333336	39288.0	30.775892705579025	0.011473284148564808	7.146561277121274	0.015252830466670118	39540.74477661645	-1.2710416043052146	24	48
35.41666666666667	36470.0	30.775892705579025	0.011473284148564808	7.146561277121274	0.015252830466670118	36907.301455299385	-2.276275251349762	24	48
36.25	33555.0	30.775892705579025	0.011473284148564808	7.146561277121274	0.015252830466670118	33984.01092069383	-2.3271856495821095	24	48
37.083333333333336	31074.0	30.775892705579025	0.011473284148564808	7.146561277121274	0.015252830466670118	30869.661892428576	1.1630099506746276	24	48
37.91666666666667	27859.0	30.775892705579025	0.011473284148564808	7.146561277121274	0.015252830466670118	27662.02736515495	1.1843058951064043	24	48
38.75	24645.0	30.775892705579025	0.011473284148564808	7.146561277121274	0.015252830466670118	24452.937403239725	1.2282231485135664	24	48
39.583333333333336	21908.0	30.775892705579025	0.011473284148564808	7.146561277121274	0.015252830466670118	21324.210514645925	3.9977882572839105	24	48
40.41666666666667	19506.0	30.775892705579025	0.011473284148564808	7.146561277121274	0.015252830466670118
41.25	16604.0	30.775892705579025	0.011473284148564808	7.146561277121274	0.015252830466670118
42.083333333333336	14464.0	30.775892705579025	0.011473284148564808	7.146561277121274	0.015252830466670118
42.91666666666667	11959.0	30.775892705579025	0.011473284148564808	7.146561277121274	0.015252830466670118
43.75	10380.0	30.775892705579025	0.011473284148564808	7.146561277121274	0.015252830466670118
44.583333333333336	8483.0	30.775892705579025	0.011473284148564808	7.146561277121274	0.015252830466670118
45.41666666666667	7152.0	30.775892705579025	0.011473284148564808	7.146561277121274	0.015252830466670118
46.25	5967.0	30.775892705579025	0.011473284148564808	7.146561277121274	0.015252830466670118
47.083333333333336	4968.0	30.775892705579025	0.011473284148564808	7.146561277121274	0.015252830466670118
47.91666666666667	4000.0	30.775892705579025	0.011473284148564808	7.146561277121274	0.015252830466670118
48.75	3300.0	30.775892705579025	0.011473284148564808	7.146561277121274	0.015252830466670118
49.583333333333336	2740.0	30.775892705579025	0.011473284148564808	7.146561277121274	0.015252830466670118
50.41666666666667	2335.0	30.775892705579025	0.011473284148564808	7.146561277121274	0.015252830466670118
51.25	1834.0	30.775892705579025	0.011473284148564808	7.146561277121274	0.015252830466670118
52.083333333333336	1455.0	30.775892705579025	0.011473284148564808	7.146561277121274	0.015252830466670118
52.91666666666667	1182.0	30.775892705579025	0.011473284148564808	7.146561277121274	0.015252830466670118
53.75	1019.0	30.775892705579025	0.011473284148564808	7.146561277121274	0.015252830466670118
54.583333333333336	856.0	30.775892705579025	0.011473284148564808	7.146561277121274	0.015252830466670118
55.41666666666667	685.0	30.775892705579025	0.011473284148564808	7.146561277121274	0.015252830466670118
56.25	530.0	30.775892705579025	0.011473284148564808	7.146561277121274	0.015252830466670118
57.083333333333336	462.0	30.775892705579025	0.011473284148564808	7.146561277121274	0.015252830466670118
57.91666666666667	422.0	30.775892705579025	0.011473284148564808	7.146561277121274	0.015252830466670118
58.75	332.0	30.775892705579025	0.011473284148564808	7.146561277121274	0.015252830466670118
59.583333333333336	277.0	30.775892705579025	0.011473284148564808	7.146561277121274	0.015252830466670118
60.41666666666667	257.0	30.775892705579025	0.011473284148564808	7.146561277121274	0.015252830466670118
61.25	187.0	30.775892705579025	0.011473284148564808	7.146561277121274	0.015252830466670118
62.083333333333336	180.0	30.775892705579025	0.011473284148564808	7.146561277121274	0.015252830466670118
62.91666666666667	124.0	30.775892705579025	0.011473284148564808	7.146561277121274	0.015252830466670118
63.75	134.0	30.775892705579025	0.011473284148564808	7.146561277121274	0.015252830466670118
64.58333333333334	104.0	30.775892705579025	0.011473284148564808	7.146561277121274	0.015252830466670118
65.41666666666667	98.0	30.775892705579025	0.011473284148564808	7.146561277121274	0.015252830466670118
66.25	86.0	30.775892705579025	0.011473284148564808	7.146561277121274	0.015252830466670118
67.08333333333334	68.0	30.775892705579025	0.011473284148564808	7.146561277121274	0.015252830466670118
67.91666666666667	50.0	30.775892705579025	0.011473284148564808	7.146561277121274	0.015252830466670118
68.75	48.0	30.775892705579025	0.011473284148564808	7.146561277121274	0.015252830466670118
69.58333333333334	35.0	30.775892705579025	0.011473284148564808	7.146561277121274	0.015252830466670118
70.41666666666667	34.0	30.775892705579025	0.011473284148564808	7.146561277121274	0.015252830466670118
71.25	33.0	30.775892705579025	0.011473284148564808	7.146561277121274	0.015252830466670118
72.08333333333334	33.0	30.775892705579025	0.011473284148564808	7.146561277121274	0.015252830466670118
72.91666666666667	23.0	30.775892705579025	0.011473284148564808	7.146561277121274	0.015252830466670118
73.75	27.0	30.775892705579025	0.011473284148564808	7.146561277121274	0.015252830466670118
74.58333333333334	19.0	30.775892705579025	0.011473284148564808	7.146561277121274	0.015252830466670118
75.41666666666667	19.0	30.775892705579025	0.011473284148564808	7.146561277121274	0.015252830466670118
76.25	15.0	30.775892705579025	0.011473284148564808	7.146561277121274	0.015252830466670118
77.08333333333334	16.0	30.775892705579025	0.011473284148564808	7.146561277121274	0.015252830466670118
77.91666666666667	17.0	30.775892705579025	0.011473284148564808	7.146561277121274	0.015252830466670118
78.75	7.0	30.775892705579025	0.011473284148564808	7.146561277121274	0.015252830466670118
79.58333333333334	9.0	30.775892705579025	0.011473284148564808	7.146561277121274	0.015252830466670118
80.41666666666667	16.0	30.775892705579025	0.011473284148564808	7.146561277121274	0.015252830466670118
81.25	3.0	30.775892705579025	0.011473284148564808	7.146561277121274	0.015252830466670118
82.08333333333334	11.0	30.775892705579025	0.011473284148564808	7.146561277121274	0.015252830466670118
82.91666666666667	7.0	30.775892705579025	0.011473284148564808	7.146561277121274	0.015252830466670118
83.75	9.0	30.775892705579025	0.011473284148564808	7.146561277121274	0.015252830466670118
84.58333333333334	10.0	30.775892705579025	0.011473284148564808	7.146561277121274	0.015252830466670118
85.41666666666667	17.0	30.775892705579025	0.011473284148564808	7.146561277121274	0.015252830466670118
86.25	10.0	30.775892705579025	0.011473284148564808	7.146561277121274	0.015252830466670118
87.08333333333334	3.0	30.775892705579025	0.011473284148564808	7.146561277121274	0.015252830466670118
87.91666666666667	7.0	30.775892705579025	0.011473284148564808	7.146561277121274	0.015252830466670118
88.75	5.0	30.775892705579025	0.011473284148564808	7.146561277121274	0.015252830466670118
89.58333333333334	5.0	30.775892705579025	0.011473284148564808	7.146561277121274	0.015252830466670118
90.41666666666667	2.0	30.775892705579025	0.011473284148564808	7.146561277121274	0.015252830466670118
91.25	5.0	30.775892705579025	0.011473284148564808	7.146561277121274	0.015252830466670118
92.08333333333334	4.0	30.775892705579025	0.011473284148564808	7.146561277121274	0.015252830466670118
92.91666666666667	2.0	30.775892705579025	0.011473284148564808	7.146561277121274	0.015252830466670118
93.75	8.0	30.775892705579025	0.011473284148564808	7.146561277121274	0.015252830466670118
94.58333333333334	4.0	30.775892705579025	0.011473284148564808	7.146561277121274	0.015252830466670118
95.41666666666667	6.0	30.775892705579025	0.011473284148564808	7.146561277121274	0.015252830466670118
96.25	0.0	30.775892705579025	0.011473284148564808	7.146561277121274	0.015252830466670118
97.08333333333334	9.0	30.775892705579025	0.011473284148564808	7.146561277121274	0.015252830466670118
97.91666666666667	6.0	30.775892705579025	0.011473284148564808	7.146561277121274	0.015252830466670118
98.75	4.0	30.775892705579025	0.011473284148564808	7.146561277121274	0.015252830466670118
99.58333333333334	4.0	30.775892705579025	0.011473284148564808	7.146561277121274	0.015252830466670118
100.41666666666667	5.0	30.775892705579025	0.011473284148564808	7.146561277121274	0.015252830466670118
101.25	3.0	30.775892705579025	0.011473284148564808	7.146561277121274	0.015252830466670118
102.08333333333334	3.0	30.775892705579025	0.011473284148564808	7.146561277121274	0.015252830466670118
102.91666666666667	3.0	30.775892705579025	0.011473284148564808	7.146561277121274	0.015252830466670118
103.75	6.0	30.775892705579025	0.011473284148564808	7.146561277121274	0.015252830466670118
104.58333333333334	3.0	30.775892705579025	0.011473284148564808	7.146561277121274	0.015252830466670118
105.41666666666667	2.0	30.775892705579025	0.011473284148564808	7.146561277121274	0.015252830466670118
106.25	3.0	30.775892705579025	0.011473284148564808	7.146561277121274	0.015252830466670118
107.08333333333334	3.0	30.775892705579025	0.011473284148564808	7.146561277121274	0.015252830466670118
107.91666666666667	3.0	30.775892705579025	0.011473284148564808	7.146561277121274	0.015252830466670118
108.75	4.0	30.775892705579025	0.011473284148564808	7.146561277121274	0.015252830466670118
109.58333333333334	7.0	30.775892705579025	0.011473284148564808	7.146561277121274	0.015252830466670118
110.41666666666667	3.0	30.775892705579025	0.011473284148564808	7.146561277121274	0.015252830466670118
111.25	3.0	30.775892705579025	0.011473284148564808	7.146561277121274	0.015252830466670118
112.08333333333334	3.0	30.775892705579025	0.011473284148564808	7.146561277121274	0.015252830466670118
112.91666666666667	2.0	30.775892705579025	0.011473284148564808	7.146561277121274	0.015252830466670118
113.75	5.0	30.775892705579025	0.011473284148564808	7.146561277121274	0.015252830466670118
114.58333333333334	7.0	30.775892705579025	0.011473284148564808	7.146561277121274	0.015252830466670118
115.41666666666667	2.0	30.775892705579025	0.011473284148564808	7.146561277121274	0.015252830466670118
116.25	3.0	30.775892705579025	0.011473284148564808	7.146561277121274	0.015252830466670118
117.08333333333334	4.0	30.775892705579025	0.011473284148564808	7.146561277121274	0.015252830466670118
117.91666666666667	4.0	30.775892705579025	0.011473284148564808	7.146561277121274	0.015252830466670118
118.75	3.0	30.775892705579025	0.011473284148564808	7.146561277121274	0.015252830466670118
119.58333333333334	5.0	30.775892705579025	0.011473284148564808	7.146561277121274	0.015252830466670118
120.41666666666667	2.0	30.775892705579025	0.011473284148564808	7.146561277121274	0.015252830466670118
121.25	3.0	30.775892705579025	0.011473284148564808	7.146561277121274	0.015252830466670118
122.08333333333334	2.0	30.775892705579025	0.011473284148564808	7.146561277121274	0.015252830466670118
122.91666666666667	3.0	30.775892705579025	0.011473284148564808	7.146561277121274	0.015252830466670118
123.75	2.0	30.775892705579025	0.011473284148564808	7.146561277121274	0.015252830466670118
124.58333333333334	0.0	30.775892705579025	0.011473284148564808	7.146561277121274	0.015252830466670118
125.41666666666667	2.0	30.775892705579025	0.011473284148564808	7.146561277121274	0.015252830466670118
126.25	3.0	30.775892705579025	0.011473284148564808	7.146561277121274	0.015252830466670118
127.08333333333334	2.0	30.775892705579025	0.011473284148564808	7.146561277121274	0.015252830466670118
127.91666666666667	0.0	30.775892705579025	0.011473284148564808	7.146561277121274	0.015252830466670118
128.75	1.0	30.775892705579025	0.011473284148564808	7.146561277121274	0.015252830466670118
129.58333333333334	1.0	30.775892705579025	0.011473284148564808	7.146561277121274	0.015252830466670118
130.41666666666669	1.0	30.775892705579025	0.011473284148564808	7.146561277121274	0.015252830466670118
131.25	0.0	30.775892705579025	0.011473284148564808	7.146561277121274	0.015252830466670118
132.08333333333334	2.0	30.775892705579025	0.011473284148564808	7.146561277121274	0.015252830466670118
132.91666666666669	1.0	30.775892705579025	0.011473284148564808	7.146561277121274	0.015252830466670118
133.75	0.0	30.775892705579025	0.011473284148564808	7.146561277121274	0.015252830466670118
134.58333333333334	3.0	30.775892705579025	0.011473284148564808	7.146561277121274	0.015252830466670118
135.41666666666669	3.0	30.775892705579025	0.011473284148564808	7.146561277121274	0.015252830466670118
136.25	3.0	30.775892705579025	0.011473284148564808	7.146561277121274	0.015252830466670118
137.08333333333334	1.0	30.775892705579025	0.011473284148564808	7.146561277121274	0.015252830466670118
137.91666666666669	5.0	30.775892705579025	0.011473284148564808	7.146561277121274	0.015252830466670118
138.75	3.0	30.775892705579025	0.011473284148564808	7.146561277121274	0.015252830466670118
139.58333333333334	1.0	30.775892705579025	0.011473284148564808	7.146561277121274	0.015252830466670118
140.41666666666669	3.0	30.775892705579025	0.011473284148564808	7.146561277121274	0.015252830466670118
141.25	2.0	30.775892705579025	0.011473284148564808	7.146561277121274	0.015252830466670118
142.08333333333334	0.0	30.775892705579025	0.011473284148564808	7.146561277121274	0.015252830466670118
142.91666666666669	1.0	30.775892705579025	0.011473284148564808	7.146561277121274	0.015252830466670118
143.75	2.0	30.775892705579025	0.011473284148564808	7.146561277121274	0.015252830466670118
144.58333333333334	1.0	30.775892705579025	0.011473284148564808	7.146561277121274	0.015252830466670118
145.41666666666669	1.0	30.775892705579025	0.011473284148564808	7.146561277121274	0.015252830466670118
146.25	0.0	30.775892705579025	0.011473284148564808	7.146561277121274	0.015252830466670118
147.08333333333334	1.0	30.775892705579025	0.011473284148564808	7.146561277121274	0.015252830466670118
147.91666666666669	3.0	30.775892705579025	0.011473284148564808	7.146561277121274	0.015252830466670118
148.75	2.0	30.775892705579025	0.011473284148564808	7.146561277121274	0.015252830466670118
149.58333333333334	0.0	30.775892705579025	0.011473284148564808	7.146561277121274	0.015252830466670118
