0.4166666666666667	1.0	30.79232595866056	0.011542036800861782	7.164448489810742	0.015361189565020016
1.25	1.0	30.79232595866056	0.011542036800861782	7.164448489810742	0.015361189565020016
2.0833333333333335	3.0	30.79232595866056	0.011542036800861782	7.164448489810742	0.015361189565020016
2.916666666666667	3.0	30.79232595866056	0.011542036800861782	7.164448489810742	0.015361189565020016
3.75	14.0	30.79232595866056	0.011542036800861782	7.164448489810742	0.015361189565020016
4.583333333333334	14.0	30.79232595866056	0.011542036800861782	7.164448489810742	0.015361189565020016
5.416666666666667	16.0	30.79232595866056	0.011542036800861782	7.164448489810742	0.015361189565020016
6.25	37.0	30.79232595866056	0.011542036800861782	7.164448489810742	0.015361189565020016
7.083333333333334	72.0	30.79232595866056	0.011542036800861782	7.164448489810742	0.015361189565020016
7.916666666666667	121.0	30.79232595866056	0.011542036800861782	7.164448489810742	0.015361189565020016
8.75	210.0	30.79232595866056	0.011542036800861782	7.164448489810742	0.015361189565020016
9.583333333333334	338.0	30.79232595866056	0.011542036800861782	7.164448489810742	0.015361189565020016
10.416666666666668	435.0	30.79232595866056	0.011542036800861782	7.164448489810742	0.015361189565020016
11.25	696.0	30.79232595866056	0.011542036800861782	7.164448489810742	0.015361189565020016
12.083333333333334	982.0	30.79232595866056	0.011542036800861782	7.164448489810742	0.015361189565020016
12.916666666666668	1392.0	30.79232595866056	0.011542036800861782	7.164448489810742	0.015361189565020016
13.75	2026.0	30.79232595866056	0.011542036800861782	7.164448489810742	0.015361189565020016
14.583333333333334	2688.0	30.79232595866056	0.011542036800861782	7.164448489810742	0.015361189565020016
15.416666666666668	3815.0	30.79232595866056	0.011542036800861782	7.164448489810742	0.015361189565020016
16.25	4900.0	30.79232595866056	0.011542036800861782	7.164448489810742	0.015361189565020016
17.083333333333336	6437.0	30.79232595866056	0.011542036800861782	7.164448489810742	0.015361189565020016
17.916666666666668	8109.0	30.79232595866056	0.011542036800861782	7.164448489810742	0.015361189565020016
18.75	10201.0	30.79232595866056	0.011542036800861782	7.164448489810742	0.015361189565020016
19.583333333333336	12592.0	30.79232595866056	0.011542036800861782	7.164448489810742	0.015361189565020016
20.416666666666668	15163.0	30.79232595866056	0.011542036800861782	7.164448489810742	0.015361189565020016	15956.431968169747	-6.281188143032876	24	48
21.25	18500.0	30.79232595866056	0.011542036800861782	7.164448489810742	0.015361189565020016	18756.61702805767	-1.8737351997031197	24	48
22.083333333333336	21742.0	30.79232595866056	0.011542036800861782	7.164448489810742	0.015361189565020016	21751.919245463097	-0.0672558160193135	24	48
22.916666666666668	24840.0	30.79232595866056	0.011542036800861782	7.164448489810742	0.015361189565020016	24886.567388706324	-0.29518846733397325	24	48
23.75	28253.0	30.79232595866056	0.011542036800861782	7.164448489810742	0.015361189565020016	28090.324710800807	0.9706065276160191	24	48
24.583333333333336	31863.0	30.79232595866056	0.011542036800861782	7.164448489810742	0.015361189565020016	31280.440877046054	3.293848158729497	24	48
25.416666666666668	35019.0	30.79232595866056	0.011542036800861782	7.164448489810742	0.015361189565020016	34364.7601073183	3.5292332622076437	24	48
26.25	37576.0	30.79232595866056	0.011542036800861782	7.164448489810742	0.015361189565020016	37245.869092739595	1.7105947277580003	24	48
27.083333333333336	39785.0	30.79232595866056	0.011542036800861782	7.164448489810742	0.015361189565020016	39826.05172683204	-0.20570639990411563	24	48
27.916666666666668	42780.0	30.79232595866056	0.011542036800861782	7.164448489810742	0.015361189565020016	42012.714168902225	3.7434049369740934	24	48
28.75	44302.0	30.79232595866056	0.011542036800861782	7.164448489810742	0.015361189565020016	43723.867572368516	2.764827526501297	24	48
29.583333333333336	44783.0	30.79232595866056	0.011542036800861782	7.164448489810742	0.015361189565020016	44893.21891469545	-0.5201945013588073	24	48
30.416666666666668	45235.0	30.79232595866056	0.011542036800861782	7.164448489810742	0.015361189565020016	45474.43029633829	-1.1227820723950972	24	48
31.25	45480.0	30.79232595866056	0.011542036800861782	7.164448489810742	0.015361189565020016	45444.16549002402	0.1680979447905027	24	48
32.083333333333336	44581.0	30.79232595866056	0.011542036800861782	7.164448489810742	0.015361189565020016	44803.64458586157	-1.0518540100095986	24	48
32.91666666666667	43230.0	30.79232595866056	0.011542036800861782	7.164448489810742	0.015361189565020016	43578.562381045915	-1.6697215949561326	24	48
33.75	41252.0	30.79232595866056	0.011542036800861782	7.164448489810742	0.015361189565020016	41817.37812235048	-2.7647801279035975	24	48
34.583333333333336	38909.0	30.79232595866056	0.011542036800861782	7.164448489810742	0.015361189565020016	39588.13526116156	-3.4132944704812105	24	48
35.41666666666667	36328.0	30.79232595866056	0.011542036800861782	7.164448489810742	0.015361189565020016	36974.102092292145	-3.360100980856712	24	48
36.25	33666.0	30.79232595866056	0.011542036800861782	7.164448489810742	0.015361189565020016	34068.622309211096	-2.181325867723911	24	48
37.083333333333336	30923.0	30.79232595866056	0.011542036800861782	7.164448489810742	0.015361189565020016	30969.618259422554	-0.264903763412263	24	48
37.91666666666667	27938.0	30.79232595866056	0.011542036800861782	7.164448489810742	0.015361189565020016	27774.194829011463	0.9828944178616106	24	48
38.75	25117.0	30.79232595866056	0.011542036800861782	7.164448489810742	0.015361189565020016	24573.750702778583	3.4654804175322544	24	48
39.583333333333336	22214.0	30.79232595866056	0.011542036800861782	7.164448489810742	0.015361189565020016	21449.924284994395	5.217032170050971	24	48
40.41666666666667	19417.0	30.79232595866056	0.011542036800861782	7.164448489810742	0.015361189565020016
41.25	16718.0	30.79232595866056	0.011542036800861782	7.164448489810742	0.015361189565020016
42.083333333333336	14339.0	30.79232595866056	0.011542036800861782	7.164448489810742	0.015361189565020016
42.91666666666667	12078.0	30.79232595866056	0.011542036800861782	7.164448489810742	0.015361189565020016
43.75	10244.0	30.79232595866056	0.011542036800861782	7.164448489810742	0.015361189565020016
44.583333333333336	8732.0	30.79232595866056	0.011542036800861782	7.164448489810742	0.015361189565020016
45.41666666666667	7209.0	30.79232595866056	0.011542036800861782	7.164448489810742	0.015361189565020016
46.25	6051.0	30.79232595866056	0.011542036800861782	7.164448489810742	0.015361189565020016
47.083333333333336	4912.0	30.79232595866056	0.011542036800861782	7.164448489810742	0.015361189565020016
47.91666666666667	4111.0	30.79232595866056	0.011542036800861782	7.164448489810742	0.015361189565020016
48.75	3323.0	30.79232595866056	0.011542036800861782	7.164448489810742	0.015361189565020016
49.583333333333336	2598.0	30.79232595866056	0.011542036800861782	7.164448489810742	0.015361189565020016
50.41666666666667	2207.0	30.79232595866056	0.011542036800861782	7.164448489810742	0.015361189565020016
51.25	1731.0	30.79232595866056	0.011542036800861782	7.164448489810742	0.015361189565020016
52.083333333333336	1434.0	30.79232595866056	0.011542036800861782	7.164448489810742	0.015361189565020016
52.91666666666667	1195.0	30.79232595866056	0.011542036800861782	7.164448489810742	0.015361189565020016
53.75	987.0	30.79232595866056	0.011542036800861782	7.164448489810742	0.015361189565020016
54.583333333333336	797.0	30.79232595866056	0.011542036800861782	7.164448489810742	0.015361189565020016
55.41666666666667	644.0	30.79232595866056	0.011542036800861782	7.164448489810742	0.015361189565020016
56.25	566.0	30.79232595866056	0.011542036800861782	7.164448489810742	0.015361189565020016
57.083333333333336	473.0	30.79232595866056	0.011542036800861782	7.164448489810742	0.015361189565020016
57.91666666666667	365.0	30.79232595866056	0.011542036800861782	7.164448489810742	0.015361189565020016
58.75	341.0	30.79232595866056	0.011542036800861782	7.164448489810742	0.015361189565020016
59.583333333333336	287.0	30.79232595866056	0.011542036800861782	7.164448489810742	0.015361189565020016
60.41666666666667	260.0	30.79232595866056	0.011542036800861782	7.164448489810742	0.015361189565020016
61.25	219.0	30.79232595866056	0.011542036800861782	7.164448489810742	0.015361189565020016
62.083333333333336	166.0	30.79232595866056	0.011542036800861782	7.164448489810742	0.015361189565020016
62.91666666666667	147.0	30.79232595866056	0.011542036800861782	7.164448489810742	0.015361189565020016
63.75	136.0	30.79232595866056	0.011542036800861782	7.164448489810742	0.015361189565020016
64.58333333333334	103.0	30.79232595866056	0.011542036800861782	7.164448489810742	0.015361189565020016
65.41666666666667	87.0	30.79232595866056	0.011542036800861782	7.164448489810742	0.015361189565020016
66.25	64.0	30.79232595866056	0.011542036800861782	7.164448489810742	0.015361189565020016
67.08333333333334	60.0	30.79232595866056	0.011542036800861782	7.164448489810742	0.015361189565020016
67.91666666666667	62.0	30.79232595866056	0.011542036800861782	7.164448489810742	0.015361189565020016
68.75	47.0	30.79232595866056	0.011542036800861782	7.164448489810742	0.015361189565020016
69.58333333333334	47.0	30.79232595866056	0.011542036800861782	7.164448489810742	0.015361189565020016
70.41666666666667	48.0	30.79232595866056	0.011542036800861782	7.164448489810742	0.015361189565020016
71.25	28.0	30.79232595866056	0.011542036800861782	7.164448489810742	0.015361189565020016
72.08333333333334	22.0	30.79232595866056	0.011542036800861782	7.164448489810742	0.015361189565020016
72.91666666666667	23.0	30.79232595866056	0.011542036800861782	7.164448489810742	0.015361189565020016
73.75	25.0	30.79232595866056	0.011542036800861782	7.164448489810742	0.015361189565020016
74.58333333333334	16.0	30.79232595866056	0.011542036800861782	7.164448489810742	0.015361189565020016
75.41666666666667	29.0	30.79232595866056	0.011542036800861782	7.164448489810742	0.015361189565020016
76.25	12.0	30.79232595866056	0.011542036800861782	7.164448489810742	0.015361189565020016
77.08333333333334	15.0	30.79232595866056	0.011542036800861782	7.164448489810742	0.015361189565020016
77.91666666666667	13.0	30.79232595866056	0.011542036800861782	7.164448489810742	0.015361189565020016
78.75	12.0	30.79232595866056	0.011542036800861782	7.164448489810742	0.015361189565020016
79.58333333333334	17.0	30.79232595866056	0.011542036800861782	7.164448489810742	0.015361189565020016
80.41666666666667	13.0	30.79232595866056	0.011542036800861782	7.164448489810742	0.015361189565020016
81.25	8.0	30.79232595866056	0.011542036800861782	7.164448489810742	0.015361189565020016
82.08333333333334	7.0	30.79232595866056	0.011542036800861782	7.164448489810742	0.015361189565020016
82.91666666666667	17.0	30.79232595866056	0.011542036800861782	7.164448489810742	0.015361189565020016
83.75	4.0	30.79232595866056	0.011542036800861782	7.164448489810742	0.015361189565020016
84.58333333333334	8.0	30.79232595866056	0.011542036800861782	7.164448489810742	0.015361189565020016
85.41666666666667	9.0	30.79232595866056	0.011542036800861782	7.164448489810742	0.015361189565020016
86.25	4.0	30.79232595866056	0.011542036800861782	7.164448489810742	0.015361189565020016
87.08333333333334	6.0	30.79232595866056	0.011542036800861782	7.164448489810742	0.015361189565020016
87.91666666666667	5.0	30.79232595866056	0.011542036800861782	7.164448489810742	0.015361189565020016
88.75	7.0	30.79232595866056	0.011542036800861782	7.164448489810742	0.015361189565020016
89.58333333333334	4.0	30.79232595866056	0.011542036800861782	7.164448489810742	0.015361189565020016
90.41666666666667	3.0	30.79232595866056	0.011542036800861782	7.164448489810742	0.015361189565020016
91.25	5.0	30.79232595866056	0.011542036800861782	7.164448489810742	0.015361189565020016
92.08333333333334	6.0	30.79232595866056	0.011542036800861782	7.164448489810742	0.015361189565020016
92.91666666666667	8.0	30.79232595866056	0.011542036800861782	7.164448489810742	0.015361189565020016
93.75	10.0	30.79232595866056	0.011542036800861782	7.164448489810742	0.015361189565020016
94.58333333333334	4.0	30.79232595866056	0.011542036800861782	7.164448489810742	0.015361189565020016
95.41666666666667	0.0	30.79232595866056	0.011542036800861782	7.164448489810742	0.015361189565020016
96.25	3.0	30.79232595866056	0.011542036800861782	7.164448489810742	0.015361189565020016
97.08333333333334	3.0	30.79232595866056	0.011542036800861782	7.164448489810742	0.015361189565020016
97.91666666666667	2.0	30.79232595866056	0.011542036800861782	7.164448489810742	0.015361189565020016
98.75	9.0	30.79232595866056	0.011542036800861782	7.164448489810742	0.015361189565020016
99.58333333333334	3.0	30.79232595866056	0.011542036800861782	7.164448489810742	0.015361189565020016
100.41666666666667	5.0	30.79232595866056	0.011542036800861782	7.164448489810742	0.015361189565020016
101.25	7.0	30.79232595866056	0.011542036800861782	7.164448489810742	0.015361189565020016
102.08333333333334	3.0	30.79232595866056	0.011542036800861782	7.164448489810742	0.015361189565020016
102.91666666666667	5.0	30.79232595866056	0.011542036800861782	7.164448489810742	0.015361189565020016
103.75	3.0	30.79232595866056	0.011542036800861782	7.164448489810742	0.015361189565020016
104.58333333333334	4.0	30.79232595866056	0.011542036800861782	7.164448489810742	0.015361189565020016
105.41666666666667	5.0	30.79232595866056	0.011542036800861782	7.164448489810742	0.015361189565020016
106.25	1.0	30.79232595866056	0.011542036800861782	7.164448489810742	0.015361189565020016
107.08333333333334	2.0	30.79232595866056	0.011542036800861782	7.164448489810742	0.015361189565020016
107.91666666666667	0.0	30.79232595866056	0.011542036800861782	7.164448489810742	0.015361189565020016
108.75	5.0	30.79232595866056	0.011542036800861782	7.164448489810742	0.015361189565020016
109.58333333333334	3.0	30.79232595866056	0.011542036800861782	7.164448489810742	0.015361189565020016
110.41666666666667	1.0	30.79232595866056	0.011542036800861782	7.164448489810742	0.015361189565020016
111.25	3.0	30.79232595866056	0.011542036800861782	7.164448489810742	0.015361189565020016
112.08333333333334	2.0	30.79232595866056	0.011542036800861782	7.164448489810742	0.015361189565020016
112.91666666666667	1.0	30.79232595866056	0.011542036800861782	7.164448489810742	0.015361189565020016
113.75	4.0	30.79232595866056	0.011542036800861782	7.164448489810742	0.015361189565020016
114.58333333333334	2.0	30.79232595866056	0.011542036800861782	7.164448489810742	0.015361189565020016
115.41666666666667	2.0	30.79232595866056	0.011542036800861782	7.164448489810742	0.015361189565020016
116.25	4.0	30.79232595866056	0.011542036800861782	7.164448489810742	0.015361189565020016
117.08333333333334	3.0	30.79232595866056	0.011542036800861782	7.164448489810742	0.015361189565020016
117.91666666666667	2.0	30.79232595866056	0.011542036800861782	7.164448489810742	0.015361189565020016
118.75	1.0	30.79232595866056	0.011542036800861782	7.164448489810742	0.015361189565020016
119.58333333333334	4.0	30.79232595866056	0.011542036800861782	7.164448489810742	0.015361189565020016
120.41666666666667	5.0	30.79232595866056	0.011542036800861782	7.164448489810742	0.015361189565020016
121.25	2.0	30.79232595866056	0.011542036800861782	7.164448489810742	0.015361189565020016
122.08333333333334	1.0	30.79232595866056	0.011542036800861782	7.164448489810742	0.015361189565020016
122.91666666666667	3.0	30.79232595866056	0.011542036800861782	7.164448489810742	0.015361189565020016
123.75	0.0	30.79232595866056	0.011542036800861782	7.164448489810742	0.015361189565020016
124.58333333333334	0.0	30.79232595866056	0.011542036800861782	7.164448489810742	0.015361189565020016
125.41666666666667	2.0	30.79232595866056	0.011542036800861782	7.164448489810742	0.015361189565020016
126.25	1.0	30.79232595866056	0.011542036800861782	7.164448489810742	0.015361189565020016
127.08333333333334	3.0	30.79232595866056	0.011542036800861782	7.164448489810742	0.015361189565020016
127.91666666666667	4.0	30.79232595866056	0.011542036800861782	7.164448489810742	0.015361189565020016
128.75	5.0	30.79232595866056	0.011542036800861782	7.164448489810742	0.015361189565020016
129.58333333333334	0.0	30.79232595866056	0.011542036800861782	7.164448489810742	0.015361189565020016
130.41666666666669	0.0	30.79232595866056	0.011542036800861782	7.164448489810742	0.015361189565020016
131.25	3.0	30.79232595866056	0.011542036800861782	7.164448489810742	0.015361189565020016
132.08333333333334	6.0	30.79232595866056	0.011542036800861782	7.164448489810742	0.015361189565020016
132.91666666666669	5.0	30.79232595866056	0.011542036800861782	7.164448489810742	0.015361189565020016
133.75	1.0	30.79232595866056	0.011542036800861782	7.164448489810742	0.015361189565020016
134.58333333333334	2.0	30.79232595866056	0.011542036800861782	7.164448489810742	0.015361189565020016
135.41666666666669	1.0	30.79232595866056	0.011542036800861782	7.164448489810742	0.015361189565020016
136.25	1.0	30.79232595866056	0.011542036800861782	7.164448489810742	0.015361189565020016
137.08333333333334	0.0	30.79232595866056	0.011542036800861782	7.164448489810742	0.015361189565020016
137.91666666666669	2.0	30.79232595866056	0.011542036800861782	7.164448489810742	0.015361189565020016
138.75	0.0	30.79232595866056	0.011542036800861782	7.164448489810742	0.015361189565020016
139.58333333333334	2.0	30.79232595866056	0.011542036800861782	7.164448489810742	0.015361189565020016
140.41666666666669	3.0	30.79232595866056	0.011542036800861782	7.164448489810742	0.015361189565020016
141.25	1.0	30.79232595866056	0.011542036800861782	7.164448489810742	0.015361189565020016
142.08333333333334	2.0	30.79232595866056	0.011542036800861782	7.164448489810742	0.015361189565020016
142.91666666666669	3.0	30.79232595866056	0.011542036800861782	7.164448489810742	0.015361189565020016
143.75	1.0	30.79232595866056	0.011542036800861782	7.164448489810742	0.015361189565020016
144.58333333333334	1.0	30.79232595866056	0.011542036800861782	7.164448489810742	0.015361189565020016
145.41666666666669	2.0	30.79232595866056	0.011542036800861782	7.164448489810742	0.015361189565020016
146.25	1.0	30.79232595866056	0.011542036800861782	7.164448489810742	0.015361189565020016
147.08333333333334	2.0	30.79232595866056	0.011542036800861782	7.164448489810742	0.015361189565020016
147.91666666666669	1.0	30.79232595866056	0.011542036800861782	7.164448489810742	0.015361189565020016
148.75	1.0	30.79232595866056	0.011542036800861782	7.164448489810742	0.015361189565020016
149.58333333333334	1.0	30.79232595866056	0.011542036800861782	7.164448489810742	0.015361189565020016
