0.4166666666666667	0.0	34.03555774131522	0.01331486806884198	7.690467701251995	0.01910048403577548
1.25	1.0	34.03555774131522	0.01331486806884198	7.690467701251995	0.01910048403577548
2.0833333333333335	2.0	34.03555774131522	0.01331486806884198	7.690467701251995	0.01910048403577548
2.916666666666667	2.0	34.03555774131522	0.01331486806884198	7.690467701251995	0.01910048403577548
3.75	3.0	34.03555774131522	0.01331486806884198	7.690467701251995	0.01910048403577548
4.583333333333334	1.0	34.03555774131522	0.01331486806884198	7.690467701251995	0.01910048403577548
5.416666666666667	8.0	34.03555774131522	0.01331486806884198	7.690467701251995	0.01910048403577548
6.25	7.0	34.03555774131522	0.01331486806884198	7.690467701251995	0.01910048403577548
7.083333333333334	17.0	34.03555774131522	0.01331486806884198	7.690467701251995	0.01910048403577548
7.916666666666667	40.0	34.03555774131522	0.01331486806884198	7.690467701251995	0.01910048403577548
8.75	58.0	34.03555774131522	0.01331486806884198	7.690467701251995	0.01910048403577548
9.583333333333334	94.0	34.03555774131522	0.01331486806884198	7.690467701251995	0.01910048403577548
10.416666666666668	148.0	34.03555774131522	0.01331486806884198	7.690467701251995	0.01910048403577548
11.25	238.0	34.03555774131522	0.01331486806884198	7.690467701251995	0.01910048403577548
12.083333333333334	386.0	34.03555774131522	0.01331486806884198	7.690467701251995	0.01910048403577548
12.916666666666668	497.0	34.03555774131522	0.01331486806884198	7.690467701251995	0.01910048403577548
13.75	759.0	34.03555774131522	0.01331486806884198	7.690467701251995	0.01910048403577548
14.583333333333334	1071.0	34.03555774131522	0.01331486806884198	7.690467701251995	0.01910048403577548
15.416666666666668	1526.0	34.03555774131522	0.01331486806884198	7.690467701251995	0.01910048403577548
16.25	2133.0	34.03555774131522	0.01331486806884198	7.690467701251995	0.01910048403577548
17.083333333333336	2738.0	34.03555774131522	0.01331486806884198	7.690467701251995	0.01910048403577548
17.916666666666668	3604.0	34.03555774131522	0.01331486806884198	7.690467701251995	0.01910048403577548
18.75	4931.0	34.03555774131522	0.01331486806884198	7.690467701251995	0.01910048403577548
19.583333333333336	6127.0	34.03555774131522	0.01331486806884198	7.690467701251995	0.01910048403577548
20.416666666666668	7742.0	34.03555774131522	0.01331486806884198	7.690467701251995	0.01910048403577548
21.25	9668.0	34.03555774131522	0.01331486806884198	7.690467701251995	0.01910048403577548
22.083333333333336	11887.0	34.03555774131522	0.01331486806884198	7.690467701251995	0.01910048403577548
22.916666666666668	14079.0	34.03555774131522	0.01331486806884198	7.690467701251995	0.01910048403577548
23.75	16606.0	34.03555774131522	0.01331486806884198	7.690467701251995	0.01910048403577548	17180.247102484827	-4.381109516270739	28	52
24.583333333333336	19391.0	34.03555774131522	0.01331486806884198	7.690467701251995	0.01910048403577548	19743.29020368521	-2.5072105241405187	28	52
25.416666666666668	22341.0	34.03555774131522	0.01331486806884198	7.690467701251995	0.01910048403577548	22423.855434841473	-0.5533066099846905	28	52
26.25	25207.0	34.03555774131522	0.01331486806884198	7.690467701251995	0.01910048403577548	25171.069747522663	0.22646934938105684	28	52
27.083333333333336	28146.0	34.03555774131522	0.01331486806884198	7.690467701251995	0.01910048403577548	27925.03291579443	1.322302253556934	28	52
27.916666666666668	31041.0	34.03555774131522	0.01331486806884198	7.690467701251995	0.01910048403577548	30618.671743282175	2.4135537016778543	28	52
28.75	33499.0	34.03555774131522	0.01331486806884198	7.690467701251995	0.01910048403577548	33180.24835403313	1.7498975369248095	28	52
29.583333333333336	35854.0	34.03555774131522	0.01331486806884198	7.690467701251995	0.01910048403577548	35536.40988197882	1.6847295966735196	28	52
30.416666666666668	37853.0	34.03555774131522	0.01331486806884198	7.690467701251995	0.01910048403577548	37615.60930274465	1.2239950051557063	28	52
31.25	39863.0	34.03555774131522	0.01331486806884198	7.690467701251995	0.01910048403577548	39351.68054375167	2.5775712345787283	28	52
32.083333333333336	41172.0	34.03555774131522	0.01331486806884198	7.690467701251995	0.01910048403577548	40687.32138978948	2.402836963422189	28	52
32.91666666666667	41784.0	34.03555774131522	0.01331486806884198	7.690467701251995	0.01910048403577548	41577.22956198709	1.0140530463171198	28	52
33.75	42119.0	34.03555774131522	0.01331486806884198	7.690467701251995	0.01910048403577548	41990.65293757351	0.6263392374202852	28	52
34.583333333333336	41510.0	34.03555774131522	0.01331486806884198	7.690467701251995	0.01910048403577548	41913.15376735719	-1.9692259590883587	28	52
35.41666666666667	41245.0	34.03555774131522	0.01331486806884198	7.690467701251995	0.01910048403577548	41347.445747940146	-0.5038132610042857	28	52
36.25	39695.0	34.03555774131522	0.01331486806884198	7.690467701251995	0.01910048403577548	40313.236267385524	-3.0791485852089755	28	52
37.083333333333336	38133.0	34.03555774131522	0.01331486806884198	7.690467701251995	0.01910048403577548	38846.086613448155	-3.618000700171786	28	52
37.91666666666667	36542.0	34.03555774131522	0.01331486806884198	7.690467701251995	0.01910048403577548	36995.38207599037	-2.357168280144751	28	52
38.75	34468.0	34.03555774131522	0.01331486806884198	7.690467701251995	0.01910048403577548	34821.57352112705	-1.8947658010152588	28	52
39.583333333333336	32187.0	34.03555774131522	0.01331486806884198	7.690467701251995	0.01910048403577548	32392.90518964979	-1.1440429859002246	28	52
40.41666666666667	29605.0	34.03555774131522	0.01331486806884198	7.690467701251995	0.01910048403577548	29781.875246100626	-1.024922523248421	28	52
41.25	27346.0	34.03555774131522	0.01331486806884198	7.690467701251995	0.01910048403577548	27061.683642351072	1.7283211334880741	28	52
42.083333333333336	24557.0	34.03555774131522	0.01331486806884198	7.690467701251995	0.01910048403577548	24302.906601482682	1.6299124348504157	28	52
42.91666666666667	22308.0	34.03555774131522	0.01331486806884198	7.690467701251995	0.01910048403577548	21570.601490502908	5.020779257576884	28	52
43.75	19799.0	34.03555774131522	0.01331486806884198	7.690467701251995	0.01910048403577548
44.583333333333336	17367.0	34.03555774131522	0.01331486806884198	7.690467701251995	0.01910048403577548
45.41666666666667	15299.0	34.03555774131522	0.01331486806884198	7.690467701251995	0.01910048403577548
46.25	13481.0	34.03555774131522	0.01331486806884198	7.690467701251995	0.01910048403577548
47.083333333333336	11558.0	34.03555774131522	0.01331486806884198	7.690467701251995	0.01910048403577548
47.91666666666667	10094.0	34.03555774131522	0.01331486806884198	7.690467701251995	0.01910048403577548
48.75	8773.0	34.03555774131522	0.01331486806884198	7.690467701251995	0.01910048403577548
49.583333333333336	7462.0	34.03555774131522	0.01331486806884198	7.690467701251995	0.01910048403577548
50.41666666666667	6237.0	34.03555774131522	0.01331486806884198	7.690467701251995	0.01910048403577548
51.25	5350.0	34.03555774131522	0.01331486806884198	7.690467701251995	0.01910048403577548
52.083333333333336	4483.0	34.03555774131522	0.01331486806884198	7.690467701251995	0.01910048403577548
52.91666666666667	3909.0	34.03555774131522	0.01331486806884198	7.690467701251995	0.01910048403577548
53.75	3275.0	34.03555774131522	0.01331486806884198	7.690467701251995	0.01910048403577548
54.583333333333336	2758.0	34.03555774131522	0.01331486806884198	7.690467701251995	0.01910048403577548
55.41666666666667	2376.0	34.03555774131522	0.01331486806884198	7.690467701251995	0.01910048403577548
56.25	1941.0	34.03555774131522	0.01331486806884198	7.690467701251995	0.01910048403577548
57.083333333333336	1728.0	34.03555774131522	0.01331486806884198	7.690467701251995	0.01910048403577548
57.91666666666667	1437.0	34.03555774131522	0.01331486806884198	7.690467701251995	0.01910048403577548
58.75	1299.0	34.03555774131522	0.01331486806884198	7.690467701251995	0.01910048403577548
59.583333333333336	1013.0	34.03555774131522	0.01331486806884198	7.690467701251995	0.01910048403577548
60.41666666666667	866.0	34.03555774131522	0.01331486806884198	7.690467701251995	0.01910048403577548
61.25	749.0	34.03555774131522	0.01331486806884198	7.690467701251995	0.01910048403577548
62.083333333333336	646.0	34.03555774131522	0.01331486806884198	7.690467701251995	0.01910048403577548
62.91666666666667	536.0	34.03555774131522	0.01331486806884198	7.690467701251995	0.01910048403577548
63.75	523.0	34.03555774131522	0.01331486806884198	7.690467701251995	0.01910048403577548
64.58333333333334	440.0	34.03555774131522	0.01331486806884198	7.690467701251995	0.01910048403577548
65.41666666666667	388.0	34.03555774131522	0.01331486806884198	7.690467701251995	0.01910048403577548
66.25	305.0	34.03555774131522	0.01331486806884198	7.690467701251995	0.01910048403577548
67.08333333333334	265.0	34.03555774131522	0.01331486806884198	7.690467701251995	0.01910048403577548
67.91666666666667	286.0	34.03555774131522	0.01331486806884198	7.690467701251995	0.01910048403577548
68.75	201.0	34.03555774131522	0.01331486806884198	7.690467701251995	0.01910048403577548
69.58333333333334	174.0	34.03555774131522	0.01331486806884198	7.690467701251995	0.01910048403577548
70.41666666666667	171.0	34.03555774131522	0.01331486806884198	7.690467701251995	0.01910048403577548
71.25	140.0	34.03555774131522	0.01331486806884198	7.690467701251995	0.01910048403577548
72.08333333333334	118.0	34.03555774131522	0.01331486806884198	7.690467701251995	0.01910048403577548
72.91666666666667	97.0	34.03555774131522	0.01331486806884198	7.690467701251995	0.01910048403577548
73.75	93.0	34.03555774131522	0.01331486806884198	7.690467701251995	0.01910048403577548
74.58333333333334	70.0	34.03555774131522	0.01331486806884198	7.690467701251995	0.01910048403577548
75.41666666666667	66.0	34.03555774131522	0.01331486806884198	7.690467701251995	0.01910048403577548
76.25	56.0	34.03555774131522	0.01331486806884198	7.690467701251995	0.01910048403577548
77.08333333333334	56.0	34.03555774131522	0.01331486806884198	7.690467701251995	0.01910048403577548
77.91666666666667	38.0	34.03555774131522	0.01331486806884198	7.690467701251995	0.01910048403577548
78.75	39.0	34.03555774131522	0.01331486806884198	7.690467701251995	0.01910048403577548
79.58333333333334	33.0	34.03555774131522	0.01331486806884198	7.690467701251995	0.01910048403577548
80.41666666666667	39.0	34.03555774131522	0.01331486806884198	7.690467701251995	0.01910048403577548
81.25	25.0	34.03555774131522	0.01331486806884198	7.690467701251995	0.01910048403577548
82.08333333333334	25.0	34.03555774131522	0.01331486806884198	7.690467701251995	0.01910048403577548
82.91666666666667	25.0	34.03555774131522	0.01331486806884198	7.690467701251995	0.01910048403577548
83.75	19.0	34.03555774131522	0.01331486806884198	7.690467701251995	0.01910048403577548
84.58333333333334	15.0	34.03555774131522	0.01331486806884198	7.690467701251995	0.01910048403577548
85.41666666666667	17.0	34.03555774131522	0.01331486806884198	7.690467701251995	0.01910048403577548
86.25	11.0	34.03555774131522	0.01331486806884198	7.690467701251995	0.01910048403577548
87.08333333333334	13.0	34.03555774131522	0.01331486806884198	7.690467701251995	0.01910048403577548
87.91666666666667	10.0	34.03555774131522	0.01331486806884198	7.690467701251995	0.01910048403577548
88.75	9.0	34.03555774131522	0.01331486806884198	7.690467701251995	0.01910048403577548
89.58333333333334	10.0	34.03555774131522	0.01331486806884198	7.690467701251995	0.01910048403577548
90.41666666666667	14.0	34.03555774131522	0.01331486806884198	7.690467701251995	0.01910048403577548
91.25	12.0	34.03555774131522	0.01331486806884198	7.690467701251995	0.01910048403577548
92.08333333333334	8.0	34.03555774131522	0.01331486806884198	7.690467701251995	0.01910048403577548
92.91666666666667	9.0	34.03555774131522	0.01331486806884198	7.690467701251995	0.01910048403577548
93.75	16.0	34.03555774131522	0.01331486806884198	7.690467701251995	0.01910048403577548
94.58333333333334	9.0	34.03555774131522	0.01331486806884198	7.690467701251995	0.01910048403577548
95.41666666666667	12.0	34.03555774131522	0.01331486806884198	7.690467701251995	0.01910048403577548
96.25	6.0	34.03555774131522	0.01331486806884198	7.690467701251995	0.01910048403577548
97.08333333333334	5.0	34.03555774131522	0.01331486806884198	7.690467701251995	0.01910048403577548
97.91666666666667	5.0	34.03555774131522	0.01331486806884198	7.690467701251995	0.01910048403577548
98.75	7.0	34.03555774131522	0.01331486806884198	7.690467701251995	0.01910048403577548
99.58333333333334	8.0	34.03555774131522	0.01331486806884198	7.690467701251995	0.01910048403577548
100.41666666666667	5.0	34.03555774131522	0.01331486806884198	7.690467701251995	0.01910048403577548
101.25	3.0	34.03555774131522	0.01331486806884198	7.690467701251995	0.01910048403577548
102.08333333333334	3.0	34.03555774131522	0.01331486806884198	7.690467701251995	0.01910048403577548
102.91666666666667	12.0	34.03555774131522	0.01331486806884198	7.690467701251995	0.01910048403577548
103.75	2.0	34.03555774131522	0.01331486806884198	7.690467701251995	0.01910048403577548
104.58333333333334	5.0	34.03555774131522	0.01331486806884198	7.690467701251995	0.01910048403577548
105.41666666666667	6.0	34.03555774131522	0.01331486806884198	7.690467701251995	0.01910048403577548
106.25	3.0	34.03555774131522	0.01331486806884198	7.690467701251995	0.01910048403577548
107.08333333333334	6.0	34.03555774131522	0.01331486806884198	7.690467701251995	0.01910048403577548
107.91666666666667	4.0	34.03555774131522	0.01331486806884198	7.690467701251995	0.01910048403577548
108.75	6.0	34.03555774131522	0.01331486806884198	7.690467701251995	0.01910048403577548
109.58333333333334	5.0	34.03555774131522	0.01331486806884198	7.690467701251995	0.01910048403577548
110.41666666666667	2.0	34.03555774131522	0.01331486806884198	7.690467701251995	0.01910048403577548
111.25	6.0	34.03555774131522	0.01331486806884198	7.690467701251995	0.01910048403577548
112.08333333333334	4.0	34.03555774131522	0.01331486806884198	7.690467701251995	0.01910048403577548
112.91666666666667	4.0	34.03555774131522	0.01331486806884198	7.690467701251995	0.01910048403577548
113.75	4.0	34.03555774131522	0.01331486806884198	7.690467701251995	0.01910048403577548
114.58333333333334	6.0	34.03555774131522	0.01331486806884198	7.690467701251995	0.01910048403577548
115.41666666666667	2.0	34.03555774131522	0.01331486806884198	7.690467701251995	0.01910048403577548
116.25	3.0	34.03555774131522	0.01331486806884198	7.690467701251995	0.01910048403577548
117.08333333333334	3.0	34.03555774131522	0.01331486806884198	7.690467701251995	0.01910048403577548
117.91666666666667	3.0	34.03555774131522	0.01331486806884198	7.690467701251995	0.01910048403577548
118.75	5.0	34.03555774131522	0.01331486806884198	7.690467701251995	0.01910048403577548
119.58333333333334	5.0	34.03555774131522	0.01331486806884198	7.690467701251995	0.01910048403577548
120.41666666666667	4.0	34.03555774131522	0.01331486806884198	7.690467701251995	0.01910048403577548
121.25	0.0	34.03555774131522	0.01331486806884198	7.690467701251995	0.01910048403577548
122.08333333333334	3.0	34.03555774131522	0.01331486806884198	7.690467701251995	0.01910048403577548
122.91666666666667	2.0	34.03555774131522	0.01331486806884198	7.690467701251995	0.01910048403577548
123.75	6.0	34.03555774131522	0.01331486806884198	7.690467701251995	0.01910048403577548
124.58333333333334	3.0	34.03555774131522	0.01331486806884198	7.690467701251995	0.01910048403577548
125.41666666666667	3.0	34.03555774131522	0.01331486806884198	7.690467701251995	0.01910048403577548
126.25	2.0	34.03555774131522	0.01331486806884198	7.690467701251995	0.01910048403577548
127.08333333333334	4.0	34.03555774131522	0.01331486806884198	7.690467701251995	0.01910048403577548
127.91666666666667	8.0	34.03555774131522	0.01331486806884198	7.690467701251995	0.01910048403577548
128.75	4.0	34.03555774131522	0.01331486806884198	7.690467701251995	0.01910048403577548
129.58333333333334	5.0	34.03555774131522	0.01331486806884198	7.690467701251995	0.01910048403577548
130.41666666666669	1.0	34.03555774131522	0.01331486806884198	7.690467701251995	0.01910048403577548
131.25	2.0	34.03555774131522	0.01331486806884198	7.690467701251995	0.01910048403577548
132.08333333333334	1.0	34.03555774131522	0.01331486806884198	7.690467701251995	0.01910048403577548
132.91666666666669	2.0	34.03555774131522	0.01331486806884198	7.690467701251995	0.01910048403577548
133.75	5.0	34.03555774131522	0.01331486806884198	7.690467701251995	0.01910048403577548
134.58333333333334	4.0	34.03555774131522	0.01331486806884198	7.690467701251995	0.01910048403577548
135.41666666666669	2.0	34.03555774131522	0.01331486806884198	7.690467701251995	0.01910048403577548
136.25	1.0	34.03555774131522	0.01331486806884198	7.690467701251995	0.01910048403577548
137.08333333333334	3.0	34.03555774131522	0.01331486806884198	7.690467701251995	0.01910048403577548
137.91666666666669	3.0	34.03555774131522	0.01331486806884198	7.690467701251995	0.01910048403577548
138.75	2.0	34.03555774131522	0.01331486806884198	7.690467701251995	0.01910048403577548
139.58333333333334	0.0	34.03555774131522	0.01331486806884198	7.690467701251995	0.01910048403577548
140.41666666666669	0.0	34.03555774131522	0.01331486806884198	7.690467701251995	0.01910048403577548
141.25	2.0	34.03555774131522	0.01331486806884198	7.690467701251995	0.01910048403577548
142.08333333333334	3.0	34.03555774131522	0.01331486806884198	7.690467701251995	0.01910048403577548
142.91666666666669	2.0	34.03555774131522	0.01331486806884198	7.690467701251995	0.01910048403577548
143.75	2.0	34.03555774131522	0.01331486806884198	7.690467701251995	0.01910048403577548
144.58333333333334	3.0	34.03555774131522	0.01331486806884198	7.690467701251995	0.01910048403577548
145.41666666666669	2.0	34.03555774131522	0.01331486806884198	7.690467701251995	0.01910048403577548
146.25	3.0	34.03555774131522	0.01331486806884198	7.690467701251995	0.01910048403577548
147.08333333333334	5.0	34.03555774131522	0.01331486806884198	7.690467701251995	0.01910048403577548
147.91666666666669	3.0	34.03555774131522	0.01331486806884198	7.690467701251995	0.01910048403577548
148.75	3.0	34.03555774131522	0.01331486806884198	7.690467701251995	0.01910048403577548
149.58333333333334	0.0	34.03555774131522	0.01331486806884198	7.690467701251995	0.01910048403577548
