0.2222222222222222	0.0	30.54210597554363	0.012038692766797065	7.073727207063345	0.0156142135565813
0.6666666666666666	0.0	30.54210597554363	0.012038692766797065	7.073727207063345	0.0156142135565813
1.1111111111111112	1.0	30.54210597554363	0.012038692766797065	7.073727207063345	0.0156142135565813
1.5555555555555554	2.0	30.54210597554363	0.012038692766797065	7.073727207063345	0.0156142135565813
2.0	1.0	30.54210597554363	0.012038692766797065	7.073727207063345	0.0156142135565813
2.4444444444444446	0.0	30.54210597554363	0.012038692766797065	7.073727207063345	0.0156142135565813
2.8888888888888884	1.0	30.54210597554363	0.012038692766797065	7.073727207063345	0.0156142135565813
3.333333333333333	4.0	30.54210597554363	0.012038692766797065	7.073727207063345	0.0156142135565813
3.7777777777777777	4.0	30.54210597554363	0.012038692766797065	7.073727207063345	0.0156142135565813
4.222222222222222	3.0	30.54210597554363	0.012038692766797065	7.073727207063345	0.0156142135565813
4.666666666666666	8.0	30.54210597554363	0.012038692766797065	7.073727207063345	0.0156142135565813
5.111111111111111	13.0	30.54210597554363	0.012038692766797065	7.073727207063345	0.0156142135565813
5.555555555555555	7.0	30.54210597554363	0.012038692766797065	7.073727207063345	0.0156142135565813
6.0	19.0	30.54210597554363	0.012038692766797065	7.073727207063345	0.0156142135565813
6.444444444444444	22.0	30.54210597554363	0.012038692766797065	7.073727207063345	0.0156142135565813
6.888888888888888	37.0	30.54210597554363	0.012038692766797065	7.073727207063345	0.0156142135565813
7.333333333333333	40.0	30.54210597554363	0.012038692766797065	7.073727207063345	0.0156142135565813
7.777777777777778	55.0	30.54210597554363	0.012038692766797065	7.073727207063345	0.0156142135565813
8.222222222222221	84.0	30.54210597554363	0.012038692766797065	7.073727207063345	0.0156142135565813
8.666666666666668	109.0	30.54210597554363	0.012038692766797065	7.073727207063345	0.0156142135565813
9.11111111111111	109.0	30.54210597554363	0.012038692766797065	7.073727207063345	0.0156142135565813
9.555555555555554	129.0	30.54210597554363	0.012038692766797065	7.073727207063345	0.0156142135565813
10.0	179.0	30.54210597554363	0.012038692766797065	7.073727207063345	0.0156142135565813
10.444444444444443	208.0	30.54210597554363	0.012038692766797065	7.073727207063345	0.0156142135565813
10.88888888888889	286.0	30.54210597554363	0.012038692766797065	7.073727207063345	0.0156142135565813
11.333333333333332	346.0	30.54210597554363	0.012038692766797065	7.073727207063345	0.0156142135565813
11.777777777777779	422.0	30.54210597554363	0.012038692766797065	7.073727207063345	0.0156142135565813
12.222222222222221	535.0	30.54210597554363	0.012038692766797065	7.073727207063345	0.0156142135565813
12.666666666666664	644.0	30.54210597554363	0.012038692766797065	7.073727207063345	0.0156142135565813
13.11111111111111	776.0	30.54210597554363	0.012038692766797065	7.073727207063345	0.0156142135565813
13.555555555555554	932.0	30.54210597554363	0.012038692766797065	7.073727207063345	0.0156142135565813
14.0	1057.0	30.54210597554363	0.012038692766797065	7.073727207063345	0.0156142135565813
14.444444444444443	1287.0	30.54210597554363	0.012038692766797065	7.073727207063345	0.0156142135565813
14.88888888888889	1613.0	30.54210597554363	0.012038692766797065	7.073727207063345	0.0156142135565813
15.333333333333332	1773.0	30.54210597554363	0.012038692766797065	7.073727207063345	0.0156142135565813
15.777777777777779	2159.0	30.54210597554363	0.012038692766797065	7.073727207063345	0.0156142135565813
16.22222222222222	2414.0	30.54210597554363	0.012038692766797065	7.073727207063345	0.0156142135565813
16.666666666666664	2818.0	30.54210597554363	0.012038692766797065	7.073727207063345	0.0156142135565813
17.11111111111111	3243.0	30.54210597554363	0.012038692766797065	7.073727207063345	0.0156142135565813
17.555555555555557	3632.0	30.54210597554363	0.012038692766797065	7.073727207063345	0.0156142135565813
18.0	4105.0	30.54210597554363	0.012038692766797065	7.073727207063345	0.0156142135565813
18.444444444444443	4677.0	30.54210597554363	0.012038692766797065	7.073727207063345	0.0156142135565813
18.888888888888886	5252.0	30.54210597554363	0.012038692766797065	7.073727207063345	0.0156142135565813
19.333333333333332	5917.0	30.54210597554363	0.012038692766797065	7.073727207063345	0.0156142135565813
19.77777777777778	6708.0	30.54210597554363	0.012038692766797065	7.073727207063345	0.0156142135565813
20.22222222222222	7459.0	30.54210597554363	0.012038692766797065	7.073727207063345	0.0156142135565813
20.666666666666664	8228.0	30.54210597554363	0.012038692766797065	7.073727207063345	0.0156142135565813	8340.286468877428	-1.2295238023484338	46	91
21.11111111111111	8751.0	30.54210597554363	0.012038692766797065	7.073727207063345	0.0156142135565813	9086.95103580144	-3.5242514775164118	46	91
21.555555555555554	9801.0	30.54210597554363	0.012038692766797065	7.073727207063345	0.0156142135565813	9861.454300620358	-0.6087748720179271	46	91
22.0	10500.0	30.54210597554363	0.012038692766797065	7.073727207063345	0.0156142135565813	10659.806065026072	-1.5478134136380297	46	91
22.444444444444443	11407.0	30.54210597554363	0.012038692766797065	7.073727207063345	0.0156142135565813	11477.391588430397	-0.6570511289064774	46	91
22.888888888888886	12298.0	30.54210597554363	0.012038692766797065	7.073727207063345	0.0156142135565813	12308.996649216071	-0.0991172045471294	46	91
23.333333333333332	13411.0	30.54210597554363	0.012038692766797065	7.073727207063345	0.0156142135565813	13148.84682610357	2.286184558025252	46	91
23.77777777777778	14218.0	30.54210597554363	0.012038692766797065	7.073727207063345	0.0156142135565813	13990.661126588919	1.9220053169529758	46	91
24.22222222222222	15125.0	30.54210597554363	0.012038692766797065	7.073727207063345	0.0156142135565813	14827.71968984126	2.441343906312538	46	91
24.666666666666664	15867.0	30.54210597554363	0.012038692766797065	7.073727207063345	0.0156142135565813	15652.944871878106	1.710911749727607	46	91
25.111111111111107	16788.0	30.54210597554363	0.012038692766797065	7.073727207063345	0.0156142135565813	16458.994595184668	2.5644921922932618	46	91
25.555555555555554	17341.0	30.54210597554363	0.012038692766797065	7.073727207063345	0.0156142135565813	17238.366428330617	0.7817022979895449	46	91
26.0	18068.0	30.54210597554363	0.012038692766797065	7.073727207063345	0.0156142135565813	17983.510469279372	0.6300364298573453	46	91
26.444444444444443	18830.0	30.54210597554363	0.012038692766797065	7.073727207063345	0.0156142135565813	18686.948754637247	1.0464595499270777	46	91
26.888888888888886	19529.0	30.54210597554363	0.012038692766797065	7.073727207063345	0.0156142135565813	19341.39862094792	1.3489383094609688	46	91
27.333333333333332	20296.0	30.54210597554363	0.012038692766797065	7.073727207063345	0.0156142135565813	19939.897216738776	2.521818987995878	46	91
27.77777777777778	20594.0	30.54210597554363	0.012038692766797065	7.073727207063345	0.0156142135565813	20475.92421668184	0.825161731719898	46	91
28.22222222222222	21192.0	30.54210597554363	0.012038692766797065	7.073727207063345	0.0156142135565813	20943.519730538017	1.716987265993004	46	91
28.666666666666664	21279.0	30.54210597554363	0.012038692766797065	7.073727207063345	0.0156142135565813	21337.394434895425	-0.39976131701425344	46	91
29.111111111111107	21713.0	30.54210597554363	0.012038692766797065	7.073727207063345	0.0156142135565813	21653.02908691451	0.407550407375236	46	91
29.555555555555554	21977.0	30.54210597554363	0.012038692766797065	7.073727207063345	0.0156142135565813	21886.76080441879	0.6099643731042734	46	91
30.0	22121.0	30.54210597554363	0.012038692766797065	7.073727207063345	0.0156142135565813	22035.853810001223	0.5735882923746551	46	91
30.444444444444443	21984.0	30.54210597554363	0.012038692766797065	7.073727207063345	0.0156142135565813	22098.552729005747	-0.7705902751823696	46	91
30.888888888888886	21817.0	30.54210597554363	0.012038692766797065	7.073727207063345	0.0156142135565813	22074.116989649254	-1.7305697366883226	46	91
31.333333333333332	21852.0	30.54210597554363	0.012038692766797065	7.073727207063345	0.0156142135565813	21962.835382727306	-0.7478839654016787	46	91
31.77777777777778	21612.0	30.54210597554363	0.012038692766797065	7.073727207063345	0.0156142135565813	21766.020380686106	-1.043971581672616	46	91
32.22222222222222	21334.0	30.54210597554363	0.012038692766797065	7.073727207063345	0.0156142135565813	21485.982372308183	-1.0368492351191478	46	91
32.666666666666664	20999.0	30.54210597554363	0.012038692766797065	7.073727207063345	0.0156142135565813	21125.98452020627	-0.8736597012941167	46	91
33.11111111111111	20615.0	30.54210597554363	0.012038692766797065	7.073727207063345	0.0156142135565813	20690.179474343004	-0.5226574627429182	46	91
33.55555555555556	20016.0	30.54210597554363	0.012038692766797065	7.073727207063345	0.0156142135565813	20183.52965755911	-1.1792153999066237	46	91
34.0	19382.0	30.54210597554363	0.012038692766797065	7.073727207063345	0.0156142135565813	19611.713262118905	-1.6403189483980498	46	91
34.44444444444444	18723.0	30.54210597554363	0.012038692766797065	7.073727207063345	0.0156142135565813	18981.01844562473	-1.8727982677293302	46	91
34.888888888888886	17996.0	30.54210597554363	0.012038692766797065	7.073727207063345	0.0156142135565813	18298.228479466867	-2.2342453521101273	46	91
35.33333333333333	17225.0	30.54210597554363	0.012038692766797065	7.073727207063345	0.0156142135565813	17570.500775918154	-2.6064953669378634	46	91
35.77777777777778	16509.0	30.54210597554363	0.012038692766797065	7.073727207063345	0.0156142135565813	16805.24279744785	-2.2852062566150178	46	91
36.22222222222222	15935.0	30.54210597554363	0.012038692766797065	7.073727207063345	0.0156142135565813	16009.987834002557	-0.5926459329476491	46	91
36.666666666666664	15038.0	30.54210597554363	0.012038692766797065	7.073727207063345	0.0156142135565813	15192.273524738725	-1.2516416794480256	46	91
37.11111111111111	14545.0	30.54210597554363	0.012038692766797065	7.073727207063345	0.0156142135565813	14359.525807229567	1.5477950034702417	46	91
37.55555555555556	13679.0	30.54210597554363	0.012038692766797065	7.073727207063345	0.0156142135565813	13518.95070969389	1.3765191588476775	46	91
38.0	12687.0	30.54210597554363	0.012038692766797065	7.073727207063345	0.0156142135565813	12677.436072888044	0.08494162067358868	46	91
38.44444444444444	12161.0	30.54210597554363	0.012038692766797065	7.073727207063345	0.0156142135565813	11841.464912303623	2.936404210613363	46	91
38.888888888888886	11416.0	30.54210597554363	0.012038692766797065	7.073727207063345	0.0156142135565813	11017.041723631952	3.800974725866801	46	91
39.33333333333333	10496.0	30.54210597554363	0.012038692766797065	7.073727207063345	0.0156142135565813	10209.63261086463	2.834121748310414	46	91
39.77777777777777	9567.0	30.54210597554363	0.012038692766797065	7.073727207063345	0.0156142135565813	9424.119692358163	1.4718107816478427	46	91
40.22222222222222	9083.0	30.54210597554363	0.012038692766797065	7.073727207063345	0.0156142135565813	8664.76983021592	4.493004389597276	46	91
40.666666666666664	8461.0	30.54210597554363	0.012038692766797065	7.073727207063345	0.0156142135565813
41.11111111111111	7819.0	30.54210597554363	0.012038692766797065	7.073727207063345	0.0156142135565813
41.55555555555556	7278.0	30.54210597554363	0.012038692766797065	7.073727207063345	0.0156142135565813
42.0	6446.0	30.54210597554363	0.012038692766797065	7.073727207063345	0.0156142135565813
42.44444444444444	6009.0	30.54210597554363	0.012038692766797065	7.073727207063345	0.0156142135565813
42.888888888888886	5620.0	30.54210597554363	0.012038692766797065	7.073727207063345	0.0156142135565813
43.33333333333333	5128.0	30.54210597554363	0.012038692766797065	7.073727207063345	0.0156142135565813
43.77777777777777	4617.0	30.54210597554363	0.012038692766797065	7.073727207063345	0.0156142135565813
44.22222222222222	4259.0	30.54210597554363	0.012038692766797065	7.073727207063345	0.0156142135565813
44.666666666666664	3728.0	30.54210597554363	0.012038692766797065	7.073727207063345	0.0156142135565813
45.11111111111111	3454.0	30.54210597554363	0.012038692766797065	7.073727207063345	0.0156142135565813
45.55555555555556	3116.0	30.54210597554363	0.012038692766797065	7.073727207063345	0.0156142135565813
46.0	2770.0	30.54210597554363	0.012038692766797065	7.073727207063345	0.0156142135565813
46.44444444444444	2596.0	30.54210597554363	0.012038692766797065	7.073727207063345	0.0156142135565813
46.888888888888886	2295.0	30.54210597554363	0.012038692766797065	7.073727207063345	0.0156142135565813
47.33333333333333	1982.0	30.54210597554363	0.012038692766797065	7.073727207063345	0.0156142135565813
47.77777777777777	1927.0	30.54210597554363	0.012038692766797065	7.073727207063345	0.0156142135565813
48.22222222222222	1639.0	30.54210597554363	0.012038692766797065	7.073727207063345	0.0156142135565813
48.666666666666664	1463.0	30.54210597554363	0.012038692766797065	7.073727207063345	0.0156142135565813
49.11111111111111	1348.0	30.54210597554363	0.012038692766797065	7.073727207063345	0.0156142135565813
49.55555555555555	1173.0	30.54210597554363	0.012038692766797065	7.073727207063345	0.0156142135565813
50.0	1073.0	30.54210597554363	0.012038692766797065	7.073727207063345	0.0156142135565813
50.44444444444444	974.0	30.54210597554363	0.012038692766797065	7.073727207063345	0.0156142135565813
50.888888888888886	872.0	30.54210597554363	0.012038692766797065	7.073727207063345	0.0156142135565813
51.33333333333333	759.0	30.54210597554363	0.012038692766797065	7.073727207063345	0.0156142135565813
51.77777777777777	695.0	30.54210597554363	0.012038692766797065	7.073727207063345	0.0156142135565813
52.22222222222222	632.0	30.54210597554363	0.012038692766797065	7.073727207063345	0.0156142135565813
52.666666666666664	529.0	30.54210597554363	0.012038692766797065	7.073727207063345	0.0156142135565813
53.11111111111111	491.0	30.54210597554363	0.012038692766797065	7.073727207063345	0.0156142135565813
53.55555555555555	430.0	30.54210597554363	0.012038692766797065	7.073727207063345	0.0156142135565813
54.0	418.0	30.54210597554363	0.012038692766797065	7.073727207063345	0.0156142135565813
54.44444444444444	357.0	30.54210597554363	0.012038692766797065	7.073727207063345	0.0156142135565813
54.888888888888886	351.0	30.54210597554363	0.012038692766797065	7.073727207063345	0.0156142135565813
55.33333333333333	260.0	30.54210597554363	0.012038692766797065	7.073727207063345	0.0156142135565813
55.77777777777777	254.0	30.54210597554363	0.012038692766797065	7.073727207063345	0.0156142135565813
56.22222222222222	266.0	30.54210597554363	0.012038692766797065	7.073727207063345	0.0156142135565813
56.666666666666664	224.0	30.54210597554363	0.012038692766797065	7.073727207063345	0.0156142135565813
57.11111111111111	192.0	30.54210597554363	0.012038692766797065	7.073727207063345	0.0156142135565813
57.55555555555555	192.0	30.54210597554363	0.012038692766797065	7.073727207063345	0.0156142135565813
58.0	157.0	30.54210597554363	0.012038692766797065	7.073727207063345	0.0156142135565813
58.44444444444444	156.0	30.54210597554363	0.012038692766797065	7.073727207063345	0.0156142135565813
58.888888888888886	138.0	30.54210597554363	0.012038692766797065	7.073727207063345	0.0156142135565813
59.33333333333333	110.0	30.54210597554363	0.012038692766797065	7.073727207063345	0.0156142135565813
59.77777777777777	112.0	30.54210597554363	0.012038692766797065	7.073727207063345	0.0156142135565813
60.22222222222222	105.0	30.54210597554363	0.012038692766797065	7.073727207063345	0.0156142135565813
60.666666666666664	98.0	30.54210597554363	0.012038692766797065	7.073727207063345	0.0156142135565813
61.11111111111111	82.0	30.54210597554363	0.012038692766797065	7.073727207063345	0.0156142135565813
61.55555555555555	80.0	30.54210597554363	0.012038692766797065	7.073727207063345	0.0156142135565813
62.0	72.0	30.54210597554363	0.012038692766797065	7.073727207063345	0.0156142135565813
62.44444444444444	65.0	30.54210597554363	0.012038692766797065	7.073727207063345	0.0156142135565813
62.888888888888886	53.0	30.54210597554363	0.012038692766797065	7.073727207063345	0.0156142135565813
63.33333333333333	48.0	30.54210597554363	0.012038692766797065	7.073727207063345	0.0156142135565813
63.77777777777777	48.0	30.54210597554363	0.012038692766797065	7.073727207063345	0.0156142135565813
64.22222222222223	50.0	30.54210597554363	0.012038692766797065	7.073727207063345	0.0156142135565813
64.66666666666666	37.0	30.54210597554363	0.012038692766797065	7.073727207063345	0.0156142135565813
65.11111111111111	33.0	30.54210597554363	0.012038692766797065	7.073727207063345	0.0156142135565813
65.55555555555554	30.0	30.54210597554363	0.012038692766797065	7.073727207063345	0.0156142135565813
66.0	32.0	30.54210597554363	0.012038692766797065	7.073727207063345	0.0156142135565813
66.44444444444443	31.0	30.54210597554363	0.012038692766797065	7.073727207063345	0.0156142135565813
66.88888888888889	42.0	30.54210597554363	0.012038692766797065	7.073727207063345	0.0156142135565813
67.33333333333334	28.0	30.54210597554363	0.012038692766797065	7.073727207063345	0.0156142135565813
67.77777777777777	24.0	30.54210597554363	0.012038692766797065	7.073727207063345	0.0156142135565813
68.22222222222223	29.0	30.54210597554363	0.012038692766797065	7.073727207063345	0.0156142135565813
68.66666666666666	21.0	30.54210597554363	0.012038692766797065	7.073727207063345	0.0156142135565813
69.11111111111111	28.0	30.54210597554363	0.012038692766797065	7.073727207063345	0.0156142135565813
69.55555555555554	20.0	30.54210597554363	0.012038692766797065	7.073727207063345	0.0156142135565813
70.0	21.0	30.54210597554363	0.012038692766797065	7.073727207063345	0.0156142135565813
70.44444444444443	15.0	30.54210597554363	0.012038692766797065	7.073727207063345	0.0156142135565813
70.88888888888889	18.0	30.54210597554363	0.012038692766797065	7.073727207063345	0.0156142135565813
71.33333333333334	7.0	30.54210597554363	0.012038692766797065	7.073727207063345	0.0156142135565813
71.77777777777777	12.0	30.54210597554363	0.012038692766797065	7.073727207063345	0.0156142135565813
72.22222222222223	18.0	30.54210597554363	0.012038692766797065	7.073727207063345	0.0156142135565813
72.66666666666666	8.0	30.54210597554363	0.012038692766797065	7.073727207063345	0.0156142135565813
73.11111111111111	11.0	30.54210597554363	0.012038692766797065	7.073727207063345	0.0156142135565813
73.55555555555554	10.0	30.54210597554363	0.012038692766797065	7.073727207063345	0.0156142135565813
74.0	9.0	30.54210597554363	0.012038692766797065	7.073727207063345	0.0156142135565813
74.44444444444443	12.0	30.54210597554363	0.012038692766797065	7.073727207063345	0.0156142135565813
74.88888888888889	2.0	30.54210597554363	0.012038692766797065	7.073727207063345	0.0156142135565813
75.33333333333333	4.0	30.54210597554363	0.012038692766797065	7.073727207063345	0.0156142135565813
75.77777777777777	3.0	30.54210597554363	0.012038692766797065	7.073727207063345	0.0156142135565813
76.22222222222223	10.0	30.54210597554363	0.012038692766797065	7.073727207063345	0.0156142135565813
76.66666666666666	9.0	30.54210597554363	0.012038692766797065	7.073727207063345	0.0156142135565813
77.11111111111111	7.0	30.54210597554363	0.012038692766797065	7.073727207063345	0.0156142135565813
77.55555555555554	7.0	30.54210597554363	0.012038692766797065	7.073727207063345	0.0156142135565813
78.0	7.0	30.54210597554363	0.012038692766797065	7.073727207063345	0.0156142135565813
78.44444444444443	1.0	30.54210597554363	0.012038692766797065	7.073727207063345	0.0156142135565813
78.88888888888889	6.0	30.54210597554363	0.012038692766797065	7.073727207063345	0.0156142135565813
79.33333333333333	10.0	30.54210597554363	0.012038692766797065	7.073727207063345	0.0156142135565813
79.77777777777777	5.0	30.54210597554363	0.012038692766797065	7.073727207063345	0.0156142135565813
