41
355
461
574
579
729
780
1024
1050
1186
1287
1428
1524
1623
1651
1993
1997
2216
2501
2591
2662
2705
2711
2880
2917
3031
3055
3064
3086
3218
3298
3381
3538
3561
3708
3719
3799
3807
3809
3989
4010
4223
4389
4406
4506
4764
5034
5194
5229
5322
5512
5575
5679
5780
5899
6171
6659
6731
6888
6998
7072
7283
7298
7454
7546
7649
7924
7928
8261
8346
8428
8674
8749
9112
9152
9240
9378
9449
9507
9510
9713
9717
9879
10058
10128
10133
10478
10584
10820
10850
10857
10974
11013
11341
11353
11361
11586
11673
11710
11748
11755
11815
11837
12055
12254
12411
12551
12676
12807
12880
12908
13128
13228
13271
13399
13435
13563
13758
13937
13949
14071
14315
14360
14564
14574
14638
14989
15107
15394
15595
15612
15880
15995
16016
16093
16333
16460
16648
16797
17179
17230
17262
17287
17375
17463
17574
17666
17681
17949
18010
18297
18355
18465
18755
19225
19256
19425
19440
19453
19639
19755
19800
20111
20124
20214
20245
20277
20444
20819
20917
20945
21131
21261
21319
21489
21522
21554
21776
21831
21850
21907
21922
21967
21997
22239
22374
22430
22490
22642
22842
23047
23122
23163
23298
23419
23468
23619
23630
23695
23747
23808
23832
24010
24063
24205
24294
24377
24424
24479
24557
24576
24728
25068
25107
25136
25174
25236
25704
25829
25970
26067
26114
26131
26298
26508
26710
27052
27056
27154
27319
27410
27891
27949
27968
27982
28064
28236
28301
28318
28334
28443
28747
28891
28912
28970
28976
29047
29105
29128
29592
29621
29731
29739
29753
29974
30067
30132
30242
30382
30407
30445
30489
30583
30593
30600
30637
30685
30709
30747
30801
30821
30845
30911
30956
31028
31206
31658
31677
31903
32082
32212
32233
32239
32247
32376
32650
32801
32815
32932
32966
32994
33108
33119
33396
33419
33690
33694
33820
34090
34125
34349
34399
34657
34842
34864
35023
35310
35334
35355
35431
35713
35733
35927
36047
36101
36172
36216
36415
36455
36499
36574
36744
36783
36785
36818
37109
37116
37124
37630
37644
37858
37961
38127
38634
38702
38796
39068
39272
39385
39721
40658
40671
40799
40813
40927
41175
41190
41364
41553
41574
41719
41976
42101
42270
42283
42459
42505
42640
42848
43006
43022
43064
43068
43192
43243
43290
43390
43494
43538
43565
43572
43584
43591
43615
43919
44110
44253
44368
44380
44387
44407
44452
44512
44655
44711
44790
45125
45241
45259
45305
45311
45382
45383
45397
45431
45514
45519
45570
45714
45863
46050
46071
46359
46521
46726
46825
46884
46947
47016
47089
47118
47164
47263
47272
47283
47289
47808
47842
48052
48155
48166
48519
48531
48634
49045
49085
49091
49287
49457
49504
49551
49785
50116
50162
50197
50352
50575
50596
50641
50760
50896
51131
51247
51486
52160
52232
52324
52575
52638
52641
52754
52889
52927
52975
52983
53001
53138
53353
53358
53483
53490
53513
53643
53705
53770
53792
54002
54102
54343
54446
54563
54771
55062
55259
55562
55572
55607
55616
55677
55789
55791
55856
55864
55975
55986
56034
56078
56082
56339
56437
56448
56555
56617
56655
56716
56772
56865
56890
57135
57270
57408
57500
57545
57563
57633
57690
57715
57850
57911
58156
58170
58260
58482
58727
58841
59164
59178
59318
59327
59569
59678
59687
59734
59900
59911
59992
60375
60402
60473
60613
60615
60691
61038
61115
61226
61599
61647
61700
61822
61894
62048
62055
62339
62343
62852
63054
63084
63112
63263
63392
63422
63479
63524
63625
63753
63800
63938
64018
64143
64152
64337
64340
64595
64662
64790
64863
64931
65028
65379
65779
65963
65973
66046
66054
66151
66184
66281
66399
66482
66631
66729
66782
66867
66906
67098
67405
67558
67561
67570
67602
67845
67960
67969
68044
68090
68249
68284
68290
68499
68699
68728
68743
68780
68936
69040
69158
69243
69302
69313
69384
69450
69517
69572
69655
69746
69785
69867
70012
70020
70265
70318
70392
70455
70483
70643
70718
70844
70879
71140
71256
71315
71336
71382
71535
71709
71744
71965
72389
72397
72470
72484
72624
72853
72916
72917
72957
73140
73178
73391
73502
73519
73605
73617
73911
73961
74368
74491
74519
74712
74748
74825
74972
75170
75174
75227
75268
75353
75444
75456
75464
75506
75621
75771
75892
76033
76082
76199
76296
76342
76370
76483
76691
76851
76861
77015
77091
77142
77182
77366
77413
77478
77493
77514
77777
77788
78005
78064
78083
78113
78210
78242
78521
78625
78852
79073
79163
79391
79467
79535
79561
79741
79797
79912
79957
80064
80130
80283
80444
80750
80759
80790
81144
81229
81341
81583
81696
81781
81804
81830
82082
82272
82277
82338
82516
82573
82669
82785
82832
82871
82877
83015
83043
83048
83514
83906
83914
83933
84119
84167
84371
84576
84698
84789
84896
85078
85453
85481
85500
85788
85796
85943
85956
86037
86043
86218
86242
86305
86351
86619
86638
87113
87404
87564
87675
87702
87787
87856
87857
87968
88002
88029
88101
88156
88830
88870
89081
89232
89247
89408
89447
89511
89577
89614
89716
89820
90251
90259
90348
90406
90490
90530
90598
90616
90637
90792
90816
90852
91046
91256
91462
91537
91741
91781
91986
92082
92092
92097
92307
92328
92356
92390
92581
92642
92717
92815
92924
93079
93168
93226
93343
93438
93563
93615
93715
93922
94114
94194
94260
94284
94317
94377
94557
94743
95046
95133
95331
95458
95551
95557
95587
95635
95817
95837
95880
95999
96009
96160
96401
96496
96606
96985
97230
97253
97330
97682
97727
97995
98106
98357
98646
98757
98873
98930
98944
99089
99197
99485
99517
99551
99676
99706
99747
99899
99935
100009
100135
100230
100255
100465
100539
100736
100807
101005
101096
101257
101284
101432
101601
101702
101833
101941
102045
102149
102504
102924
102962
103114
103221
103457
103496
103699
103718
103771
103825
104085
104352
104504
104606
104666
104678
104987
104999
105014
105049
105550
105593
105598
105876
106032
106155
106162
106171
106274
106415
106443
106638
107164
107338
107354
107580
107631
107920
107950
108129
108265
108319
108472
108562
108570
108620
108671
108716
108903
109001
109275
109352
109383
109393
109515
109592
110127
110482
110558
110736
110762
110923
111004
111132
111348
111372
111483
111583
111615
111655
111879
111889
112332
112655
112673
112696
112753
113071
113252
113284
113437
113613
113617
113750
113839
113853
113932
114026
114124
114154
114216
114290
114335
114434
114438
114528
114550
114707
114784
114882
114946
115171
115236
115280
115329
115835
115876
115941
115973
116742
116771
116944
116975
117071
117213
117270
117389
117394
117550
117558
117568
117618
117632
117660
117689
117712
117730
117758
117762
117772
117847
117856
117861
118110
118266
118300
118368
118681
118826
118970
119194
119217
119318
119448
119450
119730
119789
120014
120168
120285
120332
120565
120687
120907
121026
121069
121217
121331
121352
121523
121539
121563
121678
121845
121872
122043
122055
122058
122062
122171
122310
122417
122438
122640
122714
122728
122735
122739
122763
122770
122776
123067
123081
123208
123214
123526
123554
123726
123762
123859
123949
124286
124438
124512
124645
124949
125022
125083
125176
125283
125405
125414
125438
125446
125496
125528
125926
126106
126184
126225
126241
126563
126812
126893
127067
127279
127286
127399
127457
127474
127956
128119
128259
128312
128345
128470
128474
128563
128651
128721
128971
129028
129217
129341
129626
129884
129989
130085
130224
130281
130310
130441
130451
130476
130677
130750
130826
130953
131073
131505
131533
131569
131660
131736
132235
132286
132494
132504
132550
132662
132780
132787
132814
132848
132894
132940
133104
133168
133227
133258
133267
133519
133579
133666
133723
133744
133808
133861
133919
134073
134224
134341
134366
134617
134647
134650
134911
134962
135099
135289
135381
135403
135420
135716
135920
135931
136009
136048
136135
136342
136468
136716
136762
136818
136921
136987
137022
137117
137421
137522
137548
137555
137607
137756
137771
137899
137925
137948
138044
138116
138275
138463
138679
138704
138838
138867
138953
139062
139173
139376
139438
139657
140045
140178
140374
140405
140502
140520
140703
141033
141181
141635
141849
141989
142012
142026
142232
142279
142310
142329
142430
142447
142505
142522
142660
142702
142825
142877
143027
143079
143289
143432
143458
143682
143834
143989
144033
144129
144350
144445
144909
144992
145209
145247
145628
145668
146000
146262
146283
146331
146345
146358
146523
146531
146566
146657
146669
146803
146816
147238
147333
147420
147528
147868
147916
148077
148099
148309
148331
148339
148944
149035
149172
149229
149488
149568
149716
149783
149802
149892
149895
150343
150394
150508
150605
150684
150831
150869
150891
151105
151170
151226
151351
151450
151539
151640
151843
151852
151971
151985
152041
152171
152189
152272
152377
153015
153098
153536
153695
153721
153729
153773
154049
154128
154436
154467
154647
154962
155149
155186
155301
155350
155863
155954
156032
156051
156099
156208
156241
156274
156385
156430
156448
156552
156714
156835
157004
157082
157145
157200
157214
157266
157451
157469
157947
158027
158080
158088
158112
158192
158276
158409
158453
158494
158729
158747
158818
158981
159256
159391
159396
159418
159484
159789
160172
160182
160302
160401
160967
161106
161299
161319
161335
161381
161637
161641
161779
161811
161868
161907
161934
161958
162126
162576
162846
162914
162924
163286
163314
163452
163507
163919
163998
164319
164677
164792
165093
165220
165472
165587
165848
165919
165966
166024
166041
166061
166108
166130
166172
166183
166240
166424
166552
166556
166642
166727
166780
167127
167146
167168
167171
167503
167714
167766
168019
168062
168110
168295
168353
168400
168442
168626
168643
168847
168869
169086
169091
169111
169276
169287
169371
169493
169997
170118
170176
170217
170246
170470
170559
170643
170690
170798
170816
170945
170994
171031
171106
171203
171248
171356
171432
171478
171885
171957
172412
172578
172625
172664
172696
172717
172911
172986
173108
173238
173308
173431
173488
173676
173771
173817
173895
174051
174110
174212
174296
174351
174357
174450
174474
174694
174792
174865
174949
175023
175181
175316
175366
175380
175389
175772
175781
175878
175934
176296
176469
176581
176612
176830
176888
177072
177164
177522
177828
177836
177939
178000
178094
178130
178205
178352
178378
178489
178494
178614
178931
178967
179105
179211
179249
179280
179293
179453
179727
179786
179885
179963
180086
180089
180108
180198
180281
180568
180721
180739
181002
181066
181195
181236
181252
181306
181397
181410
181413
181461
181481
181623
181934
181961
182018
182291
182368
182493
182616
182672
182726
182845
182866
183130
183180
183302
183496
183524
183655
183730
183846
183955
183993
184214
184244
184256
184312
184369
184574
184623
184768
184951
185014
185018
185060
185108
185136
185170
185387
185420
185499
185615
185780
185855
185888
186052
186121
186145
186174
186186
186296
186323
186531
186635
187038
187051
187125
187183
187193
187287
187329
187624
187660
187692
187697
187764
188013
188058
188577
188743
188759
188776
188959
188970
189254
189271
189459
189478
189491
189532
189662
189826
190050
190219
190269
190290
190384
190632
190695
190798
190852
190877
190998
191027
191172
191239
191299
191744
191894
191959
192031
192478
192716
192789
192800
192833
192926
192966
193032
193098
193157
193225
193313
193498
193608
193656
193736
193916
193946
193965
194065
194292
194447
194513
194743
194997
195126
195142
195206
195263
195287
195389
195392
195467
195572
195671
195952
196012
196426
196760
196964
196991
197081
197097
197164
197242
197480
197504
197650
197704
197936
197977
198023
198481
198498
198622
198624
198640
198664
198735
198793
198812
198833
198993
199121
199474
199987
200254
200475
200662
200807
200810
201201
201442
201532
201786
201795
201816
201965
201968
201998
202053
202095
202336
202612
202645
202703
202939
203000
203197
203322
203333
203496
203631
203873
203885
203901
204069
204241
204300
204359
204439
204630
204685
204725
204857
204976
205229
205236
205393
205528
205609
205716
205897
205922
205934
205977
205999
206051
206235
206392
206411
206658
206771
206869
206934
207089
207224
207319
207368
207423
207470
207534
207626
207702
207758
207791
207805
207944
207993
208041
208216
208366
208431
208580
208589
208607
208655
208664
208709
208800
208882
208932
209132
209163
209216
209223
209275
209331
209349
209351
209635
209862
209927
209961
210057
210239
210284
210363
210389
210717
210795
210898
210983
210990
211077
211350
211374
211508
211602
211782
211929
211983
212330
212514
212532
212743
212833
212899
213070
213122
213196
213390
213577
213661
213836
213927
214246
214281
214340
214443
214749
214810
214925
214946
214996
215026
215159
215605
215693
215885
216283
216553
216727
216875
216922
216937
217068
217104
217157
217420
217444
217506
217586
217702
217713
217888
218008
218129
218151
218208
218213
218321
218396
218508
218582
218799
218955
219098
219265
219307
219413
219469
219498
219591
219629
219753
219910
220005
220102
220158
220160
220238
220589
220613
220638
220707
220829
220878
220955
221306
221328
221384
221420
221463
221537
221574
221732
221894
221969
222024
222210
222378
222383
222717
222759
222786
222985
223170
223256
223323
223338
223520
223820
223834
224295
224345
224358
224480
224585
224746
224771
224944
225027
225049
225133
225245
225259
225290
225318
225450
225798
225920
225928
226138
226433
226481
226914
226972
227012
227229
227259
227320
227326
227357
227762
227772
227903
228045
228445
228516
228546
228575
228588
228628
228637
228785
228836
228962
229068
229080
229235
229263
229270
229420
229489
229727
229756
229795
229809
229906
229983
230057
230190
230213
230276
230315
230461
230646
230749
230855
230895
231013
231205
231307
231584
231627
231708
231744
231796
231996
232063
232098
232293
232499
232541
232546
232580
232584
232595
232611
232837
233006
233066
233246
233297
233418
233593
233607
233613
233625
233792
233815
233845
233861
233875
233961
234034
234062
234162
234177
234189
234239
234401
234428
234445
234727
234814
234823
234843
234964
235088
235190
235235
235265
235321
235393
235607
235614
235814
235883
235902
236167
236211
236233
236306
236332
236605
236818
236902
236919
236999
237120
237244
237527
237887
237998
238069
238074
238279
238324
238359
238484
238860
238944
238992
239268
239528
239668
239885
240053
240128
240168
240195
240543
240551
241026
241073
241295
241298
241320
241500
241518
241574
241678
241776
241828
241862
242020
242102
242161
242175
242239
242266
242270
242360
242444
242502
242507
242543
242600
242624
242636
242688
242885
243211
243380
243517
243567
243706
243782
243933
243983
243987
244064
244130
244312
244314
244358
244451
244706
244807
244869
245068
245070
245092
245173
245175
245361
245391
245496
245577
245599
245660
245882
245928
246001
246126
246187
246261
246285
246542
246611
246774
246865
246953
246964
247009
247051
247069
247081
247167
247192
247253
247283
247743
247778
247822
247889
248107
248396
248545
248619
248659
248822
248960
248971
249108
249171
249610
249611
249712
249855
249954
250085
250091
250117
250291
250510
250753
250774
250867
251327
251341
251530
251651
251792
251876
252103
252138
252210
252306
252334
252362
252473
252484
252518
252608
252631
252700
252738
252861
252864
252929
253198
253214
253461
253501
253647
253782
253883
254017
254325
254403
254418
254488
254512
254556
254641
254717
254844
255074
255120
255156
255342
255355
255576
255841
256193
256252
256396
256406
256524
256686
256749
256780
257124
257127
257284
257304
257343
257466
257616
257768
258147
258230
258285
258412
258420
258584
258747
258853
258860
258967
259014
259097
259203
259398
259538
259614
259881
260037
260122
260155
260526
260728
260769
260984
261175
261249
261290
261296
261476
261610
261615
261711
261767
261898
261971
261996
262079
262219
262342
262371
262834
263111
263146
263209
263240
263294
263317
263397
263527
263669
263763
263812
263960
264018
264066
264316
264369
264515
264780
264974
265014
265140
265266
265345
265374
265447
265609
265900
266025
266065
266223
266276
266302
266365
266435
266471
266628
266652
266927
266948
267052
267204
267268
267304
267507
267594
267861
267959
268201
268650
268698
268753
268877
269085
269226
269275
269354
269361
269468
269675
269759
269823
269826
269949
270114
270467
270709
271149
271266
271694
271783
271860
272009
272031
272393
272413
272482
272484
272487
272531
272704
272946
272952
273083
273276
273494
273536
273620
273706
273798
274041
274079
274140
274373
274656
274710
274844
274867
274926
275004
275073
275109
275393
275504
275578
275654
275797
276106
276177
276374
276401
276470
276572
276621
276686
276721
276757
276766
276909
276931
276971
276996
277121
277217
277219
277369
277505
277555
277741
277832
277915
278243
278320
278564
278583
278725
278858
279076
279105
279138
279227
279535
279674
279769
279805
279813
280047
280279
280384
280440
280464
280565
280940
281054
281121
281279
281412
281549
281661
281970
282258
282280
282564
282708
283131
283152
283500
283616
283714
283790
283831
283848
284002
284142
284224
284299
284642
284742
284763
285267
285334
285441
285445
285602
285738
285830
285893
286187
286320
286458
286479
286726
286855
286953
287509
287658
287783
287784
287966
288046
288078
288107
288441
288510
288752
288786
288883
289214
289223
289289
289365
289445
289619
289664
289695
289724
289814
289830
290181
290216
290254
290427
290782
291148
291184
291420
291484
291520
291522
291534
291617
291697
291729
291745
292038
292254
292270
292375
292529
292594
292600
292720
292723
292786
292966
293249
293290
293483
293986
294114
294148
294264
294378
294399
294418
294441
294519
294606
294758
294784
294895
294918
294981
295168
295327
295368
295471
295501
295850
296028
296046
296078
296174
296190
296285
296384
296398
296498
296569
296637
296938
296965
297055
297207
297326
297474
297520
297913
298043
298381
298468
298515
298567
298700
299013
299171
299406
299614
299668
299709
299773
300005
300152
300397
300914
300957
301132
301329
301336
301576
301637
301762
302002
302140
302264
302577
302724
302794
302857
302908
302977
302983
302987
303232
303393
303582
303720
303748
303777
303963
303971
304078
304157
304188
304332
304352
304498
304654
304723
305025
305104
305175
305256
305376
305423
305631
305673
305739
305795
305820
305930
305951
306247
306468
306873
307436
307459
307531
307561
307725
307844
308020
308048
308181
308265
308458
308629
308708
308881
308973
309001
309047
309141
309239
309288
309397
309409
309443
309549
309667
309917
309937
310010
310235
310518
310581
310720
311001
311244
311249
311305
311323
311563
311975
312181
312213
312259
312302
312311
312379
312425
312441
312460
312477
312694
312722
312802
312806
312809
312834
312891
313051
313192
313207
313268
313338
313505
313530
313563
313733
313877
313987
314089
314151
314484
314532
314557
315206
315371
315397
315464
315499
315562
315647
315807
315871
315986
316104
316133
316219
316296
316568
316773
316823
316852
316886
317106
317145
317223
317528
317622
317673
317925
318168
318218
318531
318670
318729
318868
319195
319233
319245
319390
319424
319461
319474
319512
319843
319910
319985
320013
320057
320082
320195
320367
320378
320651
320829
321411
321774
322198
322381
322432
322460
322466
322570
322862
322950
323048
323064
323113
323271
323498
323631
323793
323937
324016
324479
324524
324641
324727
324868
324964
325139
325316
325760
325793
325816
325879
326073
326249
326487
326839
326851
326875
327323
327355
327687
328142
328322
328398
328521
328737
328845
329276
329286
329288
329325
329458
329612
329803
329847
330019
330060
330064
330466
330477
330824
330866
330998
331079
331221
331674
331926
331941
332086
332152
332179
332310
332524
332745
332758
332817
332893
333181
333215
333243
333333
333362
333418
333684
333837
333930
333996
334162
334507
334675
334873
335006
335016
335237
335249
335332
335439
335913
336132
336264
336281
336300
336399
336446
336497
336536
336596
336857
336889
336909
337043
337095
337190
337203
337272
337351
337371
337475
337834
337964
338037
338048
338184
338226
338496
338640
338765
338952
339085
339227
339379
339781
339838
339880
339976
340067
340132
340278
340290
340429
340442
340483
340522
340617
340748
340843
341071
341083
341305
341329
341473
341490
341526
341705
341765
341769
341799
341821
341989
342089
342275
342438
342487
342528
342552
342564
342754
342894
342907
342962
342984
343144
343357
343447
343471
343626
344011
344055
344162
344299
344395
344401
344458
344550
344553
344715
344776
344816
344879
345100
345266
345362
345474
345564
345794
346035
346039
346178
346219
346234
346333
346641
346644
346772
346991
347007
347291
347299
347529
347542
347585
347680
347683
347927
348010
348209
348254
348267
348305
348388
348651
348790
348903
349069
349204
349237
349410
349420
349464
349543
349569
349643
349658
349829
349873
350068
350165
350213
350246
350280
350298
350487
350676
350729
350848
350924
351211
351236
351340
351353
351432
351455
351480
351606
351611
351929
352116
352138
352257
352273
352440
352641
352734
352763
352783
353037
353043
353095
353155
353250
353264
353285
353319
353336
353411
353484
353553
353737
353755
354019
354093
354169
354217
354251
354442
354553
354606
354642
354713
354736
354751
354883
354940
354987
355060
355214
355424
355429
355558
355641
355688
355722
355802
355898
356003
356207
356633
356889
357160
357336
357345
357350
357595
357689
357714
357728
357761
357895
358255
358276
358294
358670
358835
359159
359181
359287
359314
359512
359686
359789
359861
359915
360037
360290
360332
360391
360592
360800
361001
361136
361433
361444
361669
361896
362087
362107
362299
362466
362471
362485
362578
362892
363042
363069
363291
363297
363335
363409
363528
363676
363731
363814
363849
363901
363957
363976
364093
364132
364615
364657
364808
364883
365004
365036
365086
365263
365301
365382
365438
365514
365580
365608
365645
365654
365676
365716
365870
366156
366499
366600
366730
366776
366792
366888
366906
366931
367278
367439
367454
367570
367709
367993
368041
368047
368115
368190
368471
368682
368706
369001
369035
369089
369161
369483
369727
369781
369799
369996
370377
370426
370534
370663
370710
370743
371128
371183
371188
371268
371275
371330
371453
371542
371697
371719
371848
371891
371972
372063
372183
372194
372334
372625
372696
372734
372853
372889
372983
372999
373128
373257
373418
373486
373512
373642
373772
373864
373998
374013
374325
374364
374387
374465
374912
375027
375050
375359
375548
375620
375687
375729
375899
375945
376016
376128
376319
376391
376424
376564
376606
376782
376968
376996
377096
377608
377658
377835
377847
377854
377863
378285
378379
378451
378528
378545
378604
378855
379215
379299
379351
379397
379596
379599
379608
379670
379681
379683
379751
379773
379876
379978
380181
380227
380245
380439
380582
380608
380803
381049
381315
381656
381773
381810
381833
382060
382082
382305
382345
382555
382562
382575
382584
382683
382820
382875
383152
383166
383228
383597
383763
383830
383929
384001
384010
384095
384566
384587
384695
384746
384822
384931
384949
385502
385694
385726
385732
385873
385945
386059
386411
386448
386546
386559
386830
386842
386876
387093
387224
387517
387559
387667
387961
387998
388171
388246
388262
388373
388443
388497
388585
388793
389036
389038
389040
389065
389324
389358
389391
389508
389531
389760
389772
389998
390105
390213
390458
390778
390918
390941
390991
391025
391127
391257
391300
391402
391637
391753
391876
391944
391993
392006
392014
392052
392150
392250
392336
392546
392576
392588
393310
393346
393466
393675
393870
394012
394035
394077
394327
394335
394538
394580
394610
394653
394904
395015
395051
395095
395140
395364
395380
395422
395520
395582
395660
395754
395839
396093
396379
396485
396531
396535
396680
396780
396950
397087
397185
397272
397301
397448
397517
397529
397696
397847
397867
397994
398125
398155
398466
398838
398902
399130
399209
399243
399255
399283
399295
399310
399384
399389
399439
399452
399475
399565
399591
399685
399825
399896
400046
400052
400074
400138
400164
400200
400243
400252
400289
400390
400406
400440
400612
400644
400689
400743
401060
401185
401318
401351
401537
402072
402346
402441
402458
402461
402734
402804
402885
402913
403083
403148
403156
403171
403398
403584
403591
403623
403668
403747
403774
404142
404170
404190
404215
404434
404477
404607
404745
404882
405195
405286
405306
405486
405601
405699
405814
405839
406139
406259
406365
406585
406720
406954
406996
407089
407317
407541
407620
407859
407959
407989
408211
408350
408554
408771
408859
408954
409011
409050
409281
409428
409550
409556
409809
410047
410072
410100
410118
410144
410149
410261
410321
410431
410466
410470
410504
410623
410640
410754
410899
410951
411017
411032
411090
411382
411392
411500
411655
411707
411742
411785
411816
412290
412400
412500
412542
412550
412594
412724
412777
412868
412929
413285
413392
413658
413690
413728
413742
413834
413911
413953
413966
413980
414083
414511
414873
414924
414935
414958
415272
415275
415284
415295
415315
415357
415369
415442
415609
415712
415793
415820
416055
416065
416137
416308
416413
416734
416826
416932
417015
417136
417222
417248
417308
417639
417901
418063
418085
418116
418310
418448
418492
418580
418615
418806
418939
419022
419183
419436
419768
420020
420039
420227
420307
420424
420485
420537
420602
420613
420652
420680
420803
420823
420977
421166
421530
421626
421936
421998
422181
422311
422320
422456
422507
422544
422564
422615
422723
422726
422744
422904
423053
423247
423459
423469
423599
423708
423904
424107
424502
424764
424864
424876
424900
424908
424990
425020
425031
425121
425229
425371
425453
425536
425540
425550
425601
425714
425877
425886
426203
426219
426275
426351
426414
426487
426667
426673
426896
426912
426980
427304
427341
427499
427566
427675
427795
427983
428230
428252
428595
428657
428958
429104
429150
429158
429235
429599
429617
429662
429739
430013
430056
430219
430291
430509
430546
430649
430654
430892
430900
431013
431079
431218
431320
431520
431675
431718
431847
432497
432528
433223
433294
433450
433486
433912
434125
434175
434207
434764
434768
434823
435294
435334
435371
435401
435473
435580
435653
435671
435819
436066
436345
436453
436541
436671
437027
437464
437577
437887
438009
438068
438100
438257
438424
438476
438487
438503
438800
439026
439369
439389
439687
439780
439840
439845
440333
440424
440542
440724
440810
440819
440939
441034
441036
441078
441556
441586
441629
441882
442549
442686
442755
442983
443157
443430
443684
443723
443797
443968
444217
444277
444504
444582
444607
444795
445210
445276
445298
445328
445644
446024
446042
446056
446185
446290
446380
446407
446450
446467
446474
447199
447287
447356
447441
447519
447545
447683
447855
448357
448763
448869
449018
449045
449219
449433
449448
449616
449646
449746
449827
449830
449874
450012
450151
450372
450563
450606
450836
451014
451063
451355
451432
451720
451972
452287
452295
452324
452335
452396
452553
452560
452601
452646
452723
453164
453219
453444
453501
453747
454117
454259
454272
454377
454392
454417
454433
454632
454731
454874
454898
454918
454936
455345
455454
455523
455650
455764
455994
456074
456182
456256
456605
456745
456777
456827
456841
457084
457112
457209
457849
457922
457992
458001
458008
458032
458109
458448
458642
458915
459080
459094
459100
459111
459192
459246
459269
459310
459487
459707
459780
459854
460179
460695
460764
460888
461036
461138
461240
461403
461615
461653
461867
461946
462169
462205
462304
462402
462419
462456
462477
462521
462743
462801
462833
462851
463112
463125
463142
463312
463403
463422
463537
463547
463704
463774
463927
463992
464075
464127
464191
464312
464589
464769
464873
464942
465028
465191
465215
465610
465629
465680
465711
465838
465883
465966
465993
466056
466109
466226
466442
466448
466552
466700
466746
466907
467017
467031
467205
467337
467455
467531
467555
467683
467716
467893
468080
468084
468189
468331
468673
468828
468832
468865
468875
468934
469036
469113
469187
469191
469290
469388
469537
469823
470107
470198
470304
470336
470489
470701
470712
470742
471024
471144
471171
471308
471347
471647
471707
471806
471840
472024
472148
472406
472579
472684
472711
472736
472875
472962
473050
473185
473203
473250
473258
473423
473604
473736
474120
474149
474444
474476
474552
474734
474778
475059
475202
475370
475676
475701
475890
476008
476059
476075
476077
476224
476229
476372
476446
476551
476842
476893
477033
477123
477127
477186
477298
477380
477529
477601
477667
477744
477790
478004
478123
478471
478550
478610
478649
479067
479185
479253
479458
479472
479752
479905
480071
480106
480142
480202
480239
480297
480333
480362
480381
480457
480506
480607
480699
480803
480889
480944
481052
481088
481335
481550
481602
481726
482241
482263
482414
482418
482478
482648
482797
483100
483259
483472
483650
483854
484172
484189
484272
484745
484783
484938
485046
485157
485694
485708
485851
485889
485978
486033
486053
486398
486464
486799
486905
486921
486946
486999
487047
487160
487214
487273
487474
487673
487927
488031
488101
488366
488566
488579
488680
488846
488946
488956
489089
489326
489788
489947
489973
490068
490270
490351
490409
490479
490690
490705
490813
490838
491032
491285
491508
491558
491572
491977
492102
492378
492394
492470
492860
492929
493080
493180
493293
493387
493507
493539
493664
493821
494154
494158
494183
494357
494649
494834
495126
495134
495136
495146
495185
495428
495600
495783
495798
495852
495869
496079
496259
496449
496465
496566
496608
496727
496745
496830
496844
496902
496930
496964
497149
497269
497273
497387
497394
497673
497706
498047
498120
498137
498207
498396
498581
498699
498706
498767
498837
498902
498978
499061
499109
499149
499182
499275
499289
499325
499373
499638
499783
499872
500135
500209
500262
500285
500382
500431
500449
500850
500919
501124
501205
501266
501479
501665
501791
502139
502184
502433
502473
502479
502535
502742
502829
502882
502962
502968
503047
503218
503386
503451
503591
503592
503635
503651
503716
503736
503789
503892
504003
504150
504195
504309
504315
504603
504667
504746
504977
505001
505010
505191
505200
505278
505400
505416
505582
505658
505805
505901
506023
506060
506096
506298
506370
506481
506549
506596
506890
507064
507085
507272
507449
507473
507740
507773
507881
508049
508051
508324
508662
508689
508898
509115
509404
509450
509498
509511
509587
509695
509716
509736
509743
509752
509797
509921
510045
510127
510271
510281
510343
510558
510861
510990
511327
511385
511404
511502
511619
511645
511661
511673
511699
511707
511837
511912
511950
512020
512026
512138
512166
512183
512320
512527
512677
512895
513144
513229
513313
513475
513617
513661
513720
513740
513819
513862
514073
514156
514181
514234
514299
514307
514398
514507
514831
514855
514988
515113
515165
515231
515262
515271
515516
515581
515659
515765
515921
515925
515992
516034
516452
516552
516871
517124
517369
517500
517529
517715
517868
518260
518271
518293
518304
518565
518765
518848
518856
518864
518942
518998
519055
519206
519507
519616
519705
519944
519966
520004
520105
520212
520232
520484
520654
520705
521339
521344
521514
521558
521625
521795
521800
521880
521890
521994
522060
522101
522166
522378
522405
522534
522538
522849
522887
522939
522974
523168
523240
523418
523516
523617
523813
523856
523917
524153
524394
524433
524561
524823
524950
524968
524972
525009
525093
525314
525690
525822
525846
526368
526371
526413
526430
526522
526549
526570
526774
526791
527018
527024
527055
527155
527178
527185
527206
527411
527516
527533
527739
527822
527861
527884
527936
527971
528312
528381
528517
528599
528853
528992
529144
529297
529868
529888
530064
530468
530543
531116
531148
531349
531426
531560
531993
532008
532347
532408
532581
532613
532871
532965
533067
533243
533403
533426
533458
533510
533754
533802
533941
533953
534453
534709
534780
535127
535182
535628
535654
535664
535778
535834
535913
536084
536329
536357
536377
536430
536660
536670
537057
537246
537289
537382
537606
537731
537799
537810
537898
537906
537987
538186
538289
538379
538476
538860
538869
539064
539439
539623
539740
539753
539788
539884
539952
540191
540225
540687
540750
540928
541053
541622
541630
541704
541756
541771
541850
541897
542025
542054
542105
542202
542331
542361
542486
542566
542661
542755
542818
542915
543020
543262
543429
543475
543766
543838
543951
544148
544163
544200
544268
544386
544603
544628
544695
544767
544858
544904
544951
545066
545386
545426
545464
545586
545660
545691
545736
545767
545838
546071
546164
546523
546586
546600
546634
546643
546908
547064
547165
547172
547355
547373
547467
547754
547796
547913
548018
548420
548423
548688
548778
548828
548933
548997
549120
549166
549498
549601
549648
549734
549797
550248
550261
550530
550739
550757
551268
551390
551529
551850
551995
552228
552433
552635
552669
552751
552905
552914
553193
553208
553234
553330
553397
553460
553567
553791
553919
553990
554202
554227
554355
554367
554489
554907
554963
555052
555162
555215
555415
555531
555865
555870
556013
556116
556234
556309
556574
556688
556769
556829
556937
556970
556995
557261
557613
557790
558396
558471
558558
558650
558696
559376
559446
559476
559709
560221
560305
560336
560437
560510
560773
560783
561312
561458
561673
561914
561956
561969
562063
562165
562209
562266
562328
562516
562627
562786
562805
563014
563027
563053
563144
563194
563305
563360
563387
563396
563442
563457
563522
563849
563876
564011
564129
564403
564426
564512
564617
564646
564662
564673
564682
564878
565008
565239
565474
565877
565990
566122
566340
566358
566407
566452
566523
566583
566599
566677
566864
566968
566970
567185
567340
567408
567431
567738
567747
567817
568090
568100
568215
568253
568283
568321
568528
568650
568665
568901
568982
569043
569077
569215
569232
569365
569640
569985
570029
570391
570472
570539
570555
570593
570755
570868
570929
570973
571099
571372
571547
571594
571630
572496
573151
573214
573439
573499
573603
573686
573756
573912
573927
573948
574132
574198
574288
574536
574555
574695
574777
574812
574981
574997
575165
575222
575272
575319
575397
575409
575709
575711
575739
575814
575824
575953
576016
576049
576340
576377
576444
576536
576625
576632
576802
577026
577042
577058
577155
577200
577210
577244
577339
577566
577689
577779
577991
578089
578150
578221
578247
578986
579049
579060
579104
579469
579652
579701
579712
579835
579843
579922
580459
580551
580571
580676
580762
580849
580889
580913
580993
580995
581008
581286
581337
581556
581894
581967
582255
582369
582500
582901
583128
583239
583544
583553
583565
584025
584242
584323
584475
584545
584724
584752
584890
585032
585061
585233
585355
585379
585475
585820
585891
586009
586083
586088
586461
586615
586648
586770
586817
587075
587122
587239
587264
587389
587404
587435
587526
587563
587797
588147
588248
588508
588594
588636
588669
588707
588911
589037
589201
589482
589596
589744
589817
589842
590234
590723
591005
591172
591407
591431
591604
591819
591847
592147
592209
592223
592287
592628
592664
592753
592803
592832
592987
593005
593094
593138
593212
593534
593674
593713
593861
593999
594137
594158
594223
594755
594937
595198
595205
595347
595429
595431
595544
595645
596074
596144
596508
596723
596802
596972
597110
597136
597233
597418
597617
597758
597917
597971
598153
598186
598305
598600
598607
598689
598711
598961
598980
599033
599490
599520
599586
599712
599793
599820
599858
599923
599971
600008
600177
600326
600330
600712
600754
600801
600916
601158
601213
601215
601441
601466
601561
601694
601729
601739
601776
601921
602329
602400
602911
603077
603215
603309
603558
603832
603931
603977
604082
604742
604907
604989
605148
605444
605507
605852
605866
605877
605916
606139
606273
606317
606343
606521
606969
607046
607133
607168
607422
607468
607476
607515
607523
607736
608043
608070
608097
608163
608222
608319
608385
608419
608708
608887
608914
609040
609145
609161
609287
609339
609609
609656
609738
609801
609944
610003
610426
610622
610774
610849
610897
610907
611256
611295
611321
611397
611409
611578
611623
611950
611997
612159
612199
612206
612358
612419
612471
612503
612685
612797
613282
613407
613578
613762
613892
613941
613942
613955
614049
614204
614240
614309
614361
614546
614824
614861
614868
614963
615055
615722
615803
615859
615869
615938
615969
615990
616122
616158
616382
616587
616676
616839
616859
616973
617488
617518
617658
617732
617733
617743
617932
617956
617985
618028
618199
618224
618252
618455
618515
618564
618672
618864
619334
619556
619560
619573
619703
619769
619845
620149
620175
620492
620603
620797
620827
620885
620968
621261
621272
621502
621907
622008
622188
622252
622258
622620
622941
623050
623110
623145
623152
623556
623567
623657
623803
623891
624068
624100
624585
625142
625213
625226
625775
626066
626119
626249
626275
626355
626654
626687
626713
626726
626889
626928
627094
627114
627293
627600
627907
627978
628279
628432
628599
628700
628835
629254
629258
629274
629443
629759
629776
629784
629939
630226
630345
630404
630411
630505
630559
630675
630683
630727
630810
631250
631265
631330
631380
631434
631482
631517
631649
631687
631804
631875
631961
632053
632083
632224
632347
632655
632811
633014
633082
633476
633486
633866
634011
634089
634382
634387
634487
634538
634615
634698
634871
634888
634926
634940
634983
635078
635163
635285
635603
635606
635633
635842
635881
635974
636218
636310
636330
636572
636671
637010
637869
637937
638115
638388
638453
638493
638529
638595
638599
638622
638644
638691
638767
638991
639333
639359
639642
639769
639792
639803
639868
640030
640056
640196
640371
640509
640551
640592
640636
640716
641482
641799
641855
641906
641950
642079
642245
642314
642468
642656
642950
642986
643123
643124
643175
643413
643580
643585
643718
643722
643825
643842
643919
643941
644145
644957
645032
645436
645813
645847
646032
646097
646136
646177
646233
646330
646615
646829
646858
646975
647333
647369
647612
647620
647658
647717
647756
647998
648238
648306
648394
648404
648442
648670
648909
649563
649632
649692
649891
649915
649971
650000
650034
650103
650179
650207
650258
650604
650737
650976
651011
651685
651696
651996
652049
652068
652132
652144
652173
652223
652331
652402
652484
652536
652679
652833
653058
653178
653202
653227
653233
653375
653557
653640
653703
653734
653747
653879
654156
654275
654363
654369
654466
654808
654901
654926
654933
654973
655085
655106
655589
655788
656049
656073
656175
656277
656345
656401
656415
656438
657228
657253
657311
657440
657485
657500
657551
657562
657588
657857
657936
658282
658430
658796
658989
659063
659125
659262
659372
659416
659513
659566
659572
659595
659777
659784
659885
659904
659917
660001
660021
660256
660278
660545
660776
660788
661348
661353
661441
661517
661543
661649
662179
662550
662636
662748
663128
663222
663404
663506
663608
663823
663928
663937
664005
664362
664430
664579
664681
664774
664878
664957
665070
665205
665290
665369
665445
665652
666001
666221
666302
666352
666406
666413
666511
666519
666597
666668
667109
667170
667226
667233
667333
667359
667497
667508
667533
667623
667631
667721
667895
668340
668389
668572
668888
668943
669134
669138
669208
669491
669528
669547
669566
669859
669867
670046
670059
670099
670224
670231
670433
670557
670610
670680
670767
670921
670946
671017
671096
671103
671184
671281
671402
671565
671765
671807
671852
671938
672008
672133
672233
672624
672746
672790
672838
672964
673228
673249
673279
673301
673435
673472
673685
673707
673715
673765
674137
674324
674683
674881
674927
675126
675159
675264
675302
675323
675396
675726
675941
676248
676457
676470
676684
676914
677006
677118
677148
677186
677778
677826
678062
678091
678472
678622
678798
678871
679108
679225
679304
679453
679472
679724
679801
679870
680064
680070
680100
680151
680330
680335
680367
680443
680593
680618
680690
680804
681037
681187
681227
681273
681352
681409
681458
681524
681583
681700
681736
681830
681994
682079
682182
682203
682242
682427
682580
682590
682746
682946
683139
683236
683291
683440
683454
683742
683759
683888
683898
683983
683994
684009
684032
684070
684178
684185
684724
684851
684919
685109
685168
685223
685408
685902
686246
686318
686340
686349
686433
686841
686871
687051
687245
687383
687401
687563
687593
687660
687740
687907
687968
688047
688091
688184
688581
688595
688692
688759
688881
688903
689026
689185
689205
689224
689288
689304
689478
689491
689678
689835
689850
690089
690146
690176
690187
690226
690839
690934
690968
691497
691570
691586
691603
691774
692041
692050
692524
692554
692836
692946
692992
693130
693162
693203
693363
693400
693472
693668
693735
693793
693833
693837
694012
694137
694596
694735
694765
694886
695263
695495
695497
695559
695598
695698
695770
696171
696358
696422
697040
697179
697307
697314
697782
697798
697928
697973
698032
698039
698176
698190
698203
698263
698300
698437
698627
698902
698983
699153
699415
699520
699561
699597
699689
699792
699899
700346
700476
700625
700705
700801
700923
700992
701032
701263
701325
701335
701344
701353
701466
701594
701749
701805
701831
701893
702205
702314
702603
702625
702689
702900
702986
703175
704156
704624
704632
705026
705030
705034
705064
705088
705131
705154
705160
705406
705541
705542
706167
706765
706907
706950
707081
707321
707498
707723
707752
707816
708039
708101
708214
708775
708937
709042
709324
709441
709495
709689
709793
709886
709920
710238
710763
710777
710910
711032
711221
711267
711317
711376
711388
711442
711488
711748
711806
712080
712091
712115
712242
712428
712439
712458
712777
712787
713052
713080
713089
713233
713340
713558
713568
713666
713917
714001
714499
714567
714754
714817
714876
714908
714910
715099
715318
715424
715786
715798
716059
716114
716436
716521
716651
716801
717024
717092
717220
717290
717365
717463
717524
717525
717625
717707
717779
717837
718056
718093
718109
718110
718461
718525
718674
718759
718972
719138
719390
719527
719572
719831
720205
720393
720455
720464
720594
720618
720742
720784
720853
720898
720924
720948
721271
721353
721360
721399
721474
721758
721990
722300
722329
722388
722893
722966
723032
723122
723337
723451
723472
723586
724033
724095
724103
724109
724277
724341
724426
724564
724763
724800
725069
725205
725865
725934
725954
726004
726013
726090
726440
726455
726511
726526
726540
726650
726867
727020
727033
727146
727151
727542
727610
727812
727897
728044
728064
728066
728190
728707
728767
728864
729033
729162
729220
729359
729502
729511
729551
729671
729878
729892
729940
729992
730022
730204
730233
730244
730339
730546
730615
730629
730747
730849
730884
730957
731047
731111
731257
731397
731822
731853
732001
732107
732268
732334
732344
732390
732482
732863
733141
733199
733715
733794
733803
733824
734010
734090
734098
734123
734137
734211
734318
734395
734711
735045
735058
735201
735527
736035
736166
736172
736316
736374
736395
736402
736471
736492
736561
736657
736667
736806
736915
736933
736984
737133
737422
737682
737713
737717
738024
738220
738302
738310
738324
738383
738463
738513
738514
739130
739158
739236
739250
739338
739568
739648
739874
740233
740504
740525
740619
740756
740798
740830
740905
741105
741199
741226
741277
741281
741823
741865
741896
742096
742277
742336
742409
742431
742530
742611
742641
742718
742743
742821
742958
743112
743125
743249
743467
743472
743562
743805
743845
743976
744009
744131
744139
744222
744265
744349
744424
744443
744495
744717
744838
744861
744925
744937
744972
745031
745039
745061
745116
745321
745339
745358
745532
745615
745962
745995
746073
746090
746226
746317
746324
746386
746490
746527
746554
746655
746703
746826
746951
747125
747284
747340
747354
747620
747867
748125
748207
748331
748349
748822
748845
748882
748984
749108
749341
749507
749566
749647
749658
749936
750083
750336
750412
750448
750525
750563
750653
750701
750709
750747
750784
750789
750970
750974
751002
751011
751033
751062
751195
751208
751327
751350
751360
751391
751404
751654
751769
751861
751945
751979
752069
752079
752145
752448
752484
752600
752606
752811
752888
752942
753107
753281
753346
753569
753591
753597
753654
753687
753774
753873
753943
754058
754156
754316
754369
754387
754412
754434
754445
754683
754778
754866
754893
754970
754994
755008
755059
755125
755523
755544
755765
755855
755860
755941
755970
755998
756052
756339
756606
756700
756787
757290
757468
757537
757590
757774
757802
758162
758386
758488
758526
758831
758967
758995
759061
759075
759083
759135
759182
759193
759677
759887
760119
760147
760236
760252
760402
760488
760584
760650
760734
760816
760905
761153
761209
761216
761375
761746
761795
761843
761938
761939
762032
762034
762103
762318
762357
762422
762472
762519
762679
762735
762777
762844
763251
763489
763602
763731
763886
764002
764321
764542
764638
764704
764793
765028
765060
765209
765264
765520
765595
765752
765929
766183
766402
766499
766685
766711
766809
766896
766928
767010
767309
767533
767577
767648
767656
767765
767933
768113
768233
769105
769522
769557
769591
769613
769746
769815
769854
769878
769940
770018
770045
770081
770228
770284
770350
770686
770792
770800
770924
770992
771070
771431
771584
771771
771805
772064
772483
772549
772856
772886
772995
773372
773615
773684
773690
773760
773895
774058
774113
774356
774561
774623
774669
774876
774932
775009
775066
775220
775336
775353
775387
775414
775425
775427
775506
775666
775755
775835
775852
775861
776202
776260
776302
776337
776346
776350
776444
776627
776631
776714
776781
776881
777006
777591
777656
777977
778152
778550
778602
778608
778615
778706
778799
778847
778848
778902
778912
779192
779273
779429
779889
779955
780548
780700
781030
781132
781193
781224
781315
781506
781509
781545
781563
781609
781666
782147
782179
782244
782389
782421
782710
783512
783802
783882
784017
784072
784099
784207
784373
784751
784761
784909
785483
785562
785643
785660
785871
785989
786161
786295
786348
786657
786813
786824
786845
787204
787309
787517
787715
787747
788007
788035
788063
788174
788252
788329
788378
788466
788918
788964
789134
789571
789782
790116
790184
790206
790253
790378
790397
790458
790487
790509
790541
790549
790819
790923
790993
791105
791107
791267
791535
791849
791889
791890
791899
791945
792289
792333
792344
792376
792436
792450
792687
792733
792914
793022
793040
793059
793189
793196
793481
793644
793902
794001
794055
794136
794550
794558
794703
794756
794842
795039
795170
795471
795604
795857
795958
796033
796081
796313
796332
796393
796555
796734
796824
796843
796863
796875
796897
796941
797166
797189
797270
797388
797548
797671
798131
798167
798472
798476
798514
798624
798856
799033
799058
799473
799520
799668
799689
799771
799783
800125
800295
800482
800548
800805
800901
801345
801450
801500
801612
801619
801815
801867
801919
801920
801974
802127
802164
802239
802368
802418
802479
802662
802788
802835
803015
803145
803222
803364
803420
803593
803629
803671
803732
803836
803930
803942
804143
804174
804353
804357
804501
804598
804721
804734
804754
804891
804933
804954
805516
805560
805676
805849
805945
805991
806209
806565
806616
806628
806715
806739
806813
806970
807201
807516
807550
807783
808370
808395
808688
808777
808962
809011
809108
809133
809181
809346
809514
809561
809599
809680
809894
809978
810053
810123
810187
810379
810900
810935
810969
810997
811032
811051
811083
811220
811234
811502
811505
811630
811636
811700
811822
811841
811915
812573
812731
812748
812859
812871
812924
813129
813436
813440
813474
813541
813778
813897
814232
814254
814277
814453
814625
814748
815199
815552
815630
815724
815781
815998
816169
816173
816294
816371
816466
816614
816665
816804
816819
816825
816847
817021
817301
817476
817590
817698
817926
818097
818348
818433
818483
818521
818571
818574
818690
818698
818736
818757
818987
819046
819062
819165
819199
819342
819435
819444
820548
820717
820846
820857
820994
821000
821122
821192
821394
821554
821599
821655
821669
821781
821801
821830
822124
822208
822220
822226
822299
822399
822588
822654
822662
822675
823278
823447
823506
823645
823707
823764
823831
823910
824048
824148
824326
824382
824551
824855
825045
825065
825170
825523
825791
825828
825943
826073
826600
826666
826699
826704
826748
826771
826867
826899
826927
827186
827279
827546
827700
827935
827992
828187
828221
828250
828265
828293
828304
828350
828482
828768
828839
828926
829109
829676
829734
830561
830648
830871
830904
830986
830995
831055
831138
831270
831306
831336
831448
831565
832117
832259
833172
833236
833331
833358
833560
833573
833943
833966
834040
834246
834357
834806
834816
835054
835179
835327
835360
835618
835742
836014
836105
836296
836421
836651
836853
836893
836944
837368
837629
837854
838100
838223
838360
838380
838584
838662
838674
838728
838985
839100
839361
839431
839577
839657
840030
840288
840367
840567
840953
841222
841347
841431
841454
841474
841488
841582
841586
841652
841715
841878
842117
842150
842182
842196
842284
842368
842424
842442
842537
842740
842826
842904
842967
843006
843012
843287
843329
843365
843625
843691
843957
844006
844031
844086
844519
844591
844667
844728
845032
845083
845201
845308
845444
845497
845670
845864
846258
846265
846302
846611
846648
846808
846933
847142
847217
847244
847358
847392
847466
847516
847644
847823
847916
847959
847968
848127
848287
848386
848523
848550
848653
848685
848905
849068
849177
849392
849621
849673
849711
849719
849784
849864
849910
849972
849991
849999
850055
850287
850421
850449
850569
850661
850688
850791
850827
851026
851805
851976
851999
852140
852202
852224
852349
852542
852590
852639
852713
852772
853002
853283
853457
853508
853802
853933
854081
854461
854523
854554
854958
855016
855111
855202
855322
855379
855769
855963
856029
856214
856223
856244
856315
856355
856371
856396
856514
856996
857259
857298
857564
857661
858022
858143
858380
858431
858510
858688
858836
858861
858968
858971
859044
859630
859751
860032
860507
861006
861079
861094
861100
861122
861146
861273
861511
861663
861679
861706
861890
862222
862294
862392
862428
862470
862498
862682
862800
862972
863001
863120
863248
863352
863404
863515
863628
863658
863939
864144
864158
864282
864303
864330
864623
864878
864944
864978
865003
865274
865338
865485
865520
865630
865756
865887
865927
865961
866036
866310
866471
866848
867039
867147
867303
867414
867672
867817
867937
868437
868971
869206
869407
869547
869978
870265
870326
870460
870534
870656
870733
870788
870925
870956
870959
870990
871141
871325
871372
871412
871679
871860
872059
872086
872126
872171
872343
872348
872363
872453
872509
872857
872956
873203
873226
873526
873559
873721
873737
873789
873808
874413
874632
874726
874792
875030
875078
875385
875643
875666
875853
875960
876093
876504
876635
876752
876773
876816
876823
876947
876954
876984
876993
877036
877254
877302
877775
877916
877984
878091
878205
878216
878438
878533
878564
878927
878944
878949
879112
879175
879359
879444
879676
879897
879908
879925
879959
879981
880061
880119
880141
880400
880478
880520
880522
880701
880866
880917
881057
881066
881070
881332
881365
881716
881841
881900
882158
882361
882554
882718
882934
882975
883015
883065
883112
883174
883193
883281
883369
883395
883521
883692
883787
883918
884134
884181
884362
884592
884675
884899
884942
885033
885280
885291
885352
885489
885594
885809
885887
885902
885934
885980
886122
886200
886240
886247
886443
886636
886710
886713
886742
886766
886852
886882
886942
887297
887312
887397
887578
887729
887896
888156
888211
888277
888559
889010
889222
889423
889576
889616
889881
889937
890327
890622
890629
890791
891000
891119
891300
891334
891458
891687
891900
892425
892454
892468
892501
892612
892649
892655
892808
892905
892924
893041
893232
893294
893353
893565
893575
894252
894276
894543
894647
894670
894883
894934
895044
895122
895154
895232
895797
895906
895963
896056
896089
896251
896255
896289
896552
896719
896880
897376
897409
897440
897596
897618
898022
898060
898070
898220
898623
898655
898773
899105
899222
899321
899343
899408
899552
899642
899674
899699
900197
900341
900377
900579
900602
900612
900615
900654
900754
900890
900900
900919
901238
901428
901447
901504
901633
901685
901709
901741
902298
902366
902427
902461
902466
902804
902807
902927
903068
903191
903251
903325
903335
903382
903466
903512
903626
904303
904318
904417
904466
904549
904576
904647
904783
904835
904861
904941
905278
905404
905461
905478
905491
905524
905862
905898
905969
906019
906067
906154
906220
906480
906496
906604
907338
908078
908098
908142
908163
908400
908444
908533
908725
908752
908804
908949
908955
909074
909213
909304
909380
909554
909592
909754
909985
910193
910470
910645
910931
910942
911072
911101
911197
911362
911596
911727
911779
912246
912381
912502
912613
912741
912770
913256
913712
913817
913837
914003
914141
914446
914576
914946
914963
915200
915379
915514
915546
915682
916277
916364
916571
916573
916631
916638
917081
917094
917130
917288
917329
917462
917624
918103
918238
918266
918310
918467
918582
918622
918856
918918
918936
918949
919064
919123
919128
919432
919460
919710
919760
920042
920054
920146
920237
920274
920783
920851
920880
920988
921284
921390
921397
921407
921457
921541
921560
921867
922145
922258
922512
922687
922818
923033
923034
923077
923097
923116
923212
923321
923567
923759
923775
923894
924112
924201
924266
924276
924437
924516
924757
924894
924921
925019
925198
925205
925402
925425
925849
926030
926080
926232
926258
926369
926783
926873
927010
927014
927019
927287
927301
927315
927737
927931
928293
928297
928303
928383
928456
928976
929086
929321
929372
929416
929573
929583
929864
929976
930091
930128
930245
930447
930853
930989
931066
931091
931143
931252
931437
931458
931542
931580
931687
931749
931963
932067
932111
932144
932658
933029
933340
933440
933515
933607
934274
934385
934408
934477
934497
934824
934860
935013
935252
935818
935821
935972
936105
936420
936569
936612
936714
936869
936971
936980
937163
937210
937236
937245
937350
937437
937570
937607
937895
938108
938222
938252
938315
938473
938570
938820
939151
939158
939557
939565
939647
939772
940019
940120
940303
940436
940440
940444
940454
940960
941116
941195
941496
941550
941660
941876
941882
942069
942101
942209
942352
942391
942416
942570
942660
942725
942794
942841
942875
942972
943026
943034
943038
943108
943448
943452
943513
943633
943654
943754
943956
944097
944185
944201
944275
944331
944448
944545
944813
944883
944994
945019
945043
945080
945304
945328
945368
945472
945484
945500
945617
945664
945736
945750
945791
946147
946643
946650
946658
947002
947072
947104
947164
947348
947820
948068
948111
948291
948306
948427
948514
948627
948682
948743
948758
949107
949211
949318
949445
949464
949539
949575
949585
949617
949764
949796
949819
949858
949956
949973
950053
950114
950218
950230
950401
950687
950781
950802
950982
950998
951062
951078
951170
951266
951293
951497
951554
951691
952059
952098
952159
952205
952346
952637
952668
952688
952736
952800
952950
953134
953185
953251
953429
953434
953864
954103
954152
954161
954366
954480
954590
954711
954804
954944
955095
955258
955283
955377
955446
956035
956303
956511
956672
956719
957004
957303
957685
957834
957931
957987
958280
958396
958572
959435
959519
959781
960078
960148
960336
960373
960554
960752
960785
961069
961095
961362
961436
961489
961492
961646
962121
962461
962633
963066
963087
963153
963513
963538
963800
963969
963997
964115
964362
964429
964779
965003
965192
965213
965242
965467
965662
966028
966319
966383
966426
966472
966639
966983
967035
967182
967207
967249
967261
967594
967626
967736
967863
967989
968026
968175
968200
968402
968441
968481
968649
968818
968829
968940
968961
968971
969034
969142
969180
969230
969250
969252
969278
969283
969346
969391
969722
969868
970084
970116
970201
970216
970523
970579
971026
971089
971192
971211
971417
971421
971463
971532
971689
971697
971798
971897
972176
972632
972880
972927
973041
973200
973219
973323
973425
973499
973889
973976
974074
974213
974415
974742
975156
975254
975378
975827
975940
976381
976406
976610
976619
976749
976762
977070
977112
977162
977228
977774
977959
978152
978221
978371
978388
978403
978552
978771
978874
978919
979633
979718
980081
980391
980558
980570
980667
980694
980981
981005
981045
981427
981544
981802
981991
982032
982179
982287
982573
982843
982915
983177
983282
983285
983346
983384
983819
983887
984046
984303
984348
984428
984569
984614
984734
984830
984924
985219
985416
985470
985560
985676
