624
3597
4649
7930
10741
10816
11465
13131
13350
13713
16453
17339
17995
18559
20007
21086
23749
24410
29650
30328
31331
31342
31519
33699
33725
34988
36968
37181
44909
44938
49661
50928
55641
56991
61067
63319
74534
74779
75273
75933
76934
78328
78770
78936
78967
79167
79263
81084
82406
84263
90577
97857
101593
101789
105503
106338
108997
110955
111862
111904
113341
115133
116627
116759
121247
121561
122259
123618
124299
128922
132817
133914
134194
135141
135656
136155
139505
141522
142775
147015
147384
147687
154102
155663
157452
159067
159118
159441
160718
163080
163375
166287
167871
169338
169731
172720
174732
175004
176632
177268
177568
181656
181874
183980
188587
188685
189430
190062
190900
192733
193089
193463
196221
198093
202900
203441
203878
204841
205703
205794
208222
209655
211480
213639
215174
216751
217394
219987
220961
221778
222312
224783
229685
230542
231056
231536
233572
233720
234172
234849
238039
239394
239749
242928
244033
244230
244907
245310
247993
248632
252432
252512
256924
257922
265332
267012
268291
268484
268490
268586
269870
271745
271950
272885
273253
273434
275101
278548
278874
280618
281385
281674
282070
283304
283409
283839
285151
286373
286913
287404
287452
288328
288690
290118
291562
291622
291876
292780
292819
295374
295936
296292
296458
298570
299059
299369
300283
301744
301801
303114
303496
303607
304566
306005
307115
309743
310401
312875
315310
315826
315967
316285
316705
317820
319103
319349
319405
319667
321535
322395
322452
323295
323614
324221
324527
324619
324645
324652
324904
326573
327735
327871
328047
328585
328871
328969
329000
329188
329249
329256
329389
329713
329818
329878
329944
330077
330114
330119
330236
330280
330422
330441
330800
330805
330809
330940
330971
330999
331089
331147
331252
331282
331331
331363
331432
331445
331519
331608
331636
331655
331742
331753
331933
331999
332077
332211
332272
332394
332428
332465
332505
332834
332978
332992
333051
333336
333359
333392
333616
333790
333973
334036
334141
334188
334244
334268
334409
334542
334815
334841
334888
334926
335007
335134
335188
335301
335320
335580
335649
335674
336264
336274
336289
336356
336385
336439
336595
336705
336735
336782
336794
337001
337145
337501
337560
337709
338021
338104
338200
338243
338347
338497
338601
338892
339225
339335
339516
339539
339688
339788
339932
340111
340263
340267
340562
340585
340801
340898
341022
341049
341174
341273
341407
341480
341590
341852
341957
342085
342193
342477
342499
342669
342747
343029
343750
343800
343850
343903
343923
344640
344677
345035
345118
345269
345301
345470
345671
345706
346893
346959
347060
347074
347079
347093
347279
347348
347647
347701
348104
348211
348279
348289
348424
348573
348702
349109
349410
349532
349722
349734
350061
350556
350560
350616
350719
350726
350819
350889
351204
351555
351642
351810
351894
352216
352543
352938
353014
353067
353109
353113
353148
353166
353243
353273
353393
353404
353412
353526
353816
353924
353994
354085
354183
354193
354298
354343
354403
354556
354648
354696
354853
355134
355327
355458
355537
355588
355609
355622
355735
355849
355914
355958
355967
355993
356235
356274
356313
356362
356376
356514
356533
356608
356673
356738
356741
356744
356972
357064
357180
357232
357274
357424
357833
357896
358004
358062
358085
358179
358185
358228
358520
358824
358832
359046
359056
359065
359066
359325
359338
359554
359644
359755
359917
359998
360134
360259
360347
360497
360541
360614
360650
360700
360770
360939
361011
361184
361229
361367
361428
361478
361535
361843
361875
361923
361935
362026
362274
362286
362318
362453
362626
362700
362717
362856
363356
363840
364229
364429
364769
364922
364993
365012
365030
365057
365146
365187
365441
365612
365685
365834
365959
366007
366011
366045
366142
366160
366214
366410
366421
366457
366490
366846
366957
366992
367017
367075
367265
367374
367425
367818
367939
368028
368376
368491
368534
368690
368712
368835
369093
369216
369223
369303
369350
369358
369469
369516
369544
369804
369884
369902
370012
370319
370320
370375
370435
370629
370692
371000
371028
371121
371151
371542
371563
371657
371793
371826
371874
372054
372215
372294
372586
372592
372679
373002
373036
373053
373644
373783
373899
374212
374216
374429
374639
374663
374832
374905
375153
375561
375603
375811
375855
375971
376317
376470
376569
376986
377072
377185
377242
377360
377424
377645
377701
377786
377848
377892
378086
378111
378332
378364
378500
378573
378635
378653
378683
378905
378922
378982
378987
379045
379137
379141
379240
379313
379428
379581
379694
379808
379886
380162
380463
380522
380531
380701
380815
380824
381210
381302
381691
381846
381899
382294
382444
382592
382792
383083
383173
383230
383471
383498
383544
383562
383624
383735
383926
383930
384174
384235
384287
384411
384640
384709
384806
384957
384977
385006
385152
385470
385487
385530
385590
385653
385754
386056
386140
386192
386238
386293
386334
386418
386566
386693
386858
386905
386934
386966
387157
387175
387257
387337
387364
387585
387748
387862
387950
387983
388054
388111
388123
388193
388236
388499
388589
388659
388670
388783
388872
388886
388901
388907
388913
388977
389047
389108
389217
389493
389649
389704
389727
389806
389913
389930
389985
390095
390171
390331
390534
391035
391195
391297
391384
391752
392141
392377
392443
392479
392649
392721
392848
393173
393244
393572
394328
394333
394342
394534
394633
394943
395069
395168
395213
395382
395557
395614
395722
395749
395761
395917
396024
396100
396122
396215
396255
396438
396582
396735
397105
397109
397191
397452
397460
397600
397733
397847
397859
397865
398180
398212
398217
398261
398351
398467
398656
398667
398757
398767
398781
398892
399251
399451
399538
399634
399667
399816
399910
399973
400337
400397
400423
400424
400444
400749
400929
401404
401516
401529
401625
401753
401808
401841
402233
402510
402592
402607
402612
402779
403035
403493
403641
403671
403889
403911
404134
404709
404714
404986
404988
405129
405375
405650
405657
405677
405827
405834
406111
406272
406390
406516
406667
406703
406845
407067
407238
407262
407378
407538
407578
407961
408015
408165
408379
408482
408791
408799
408927
408977
409046
409174
409385
409412
409625
409647
409840
409895
410035
410537
410568
410636
410653
410671
410715
410817
410842
411047
411392
411434
412078
412121
412261
412274
412331
412402
412447
412648
412755
412793
412852
413063
413067
413384
413404
413423
413446
413730
413830
413859
413932
413960
414049
414144
414184
414314
414348
414513
414520
414605
414626
415162
415338
415361
415430
415494
415550
415740
416042
416609
416843
417089
417206
417239
417324
417631
417696
417735
417869
418153
418370
418415
418450
418551
418580
418678
418752
419015
419078
419141
419245
419364
419512
419654
419768
419988
419993
420068
420342
420566
421086
421625
421752
421809
421862
422112
422584
422610
422682
422822
422931
423093
423095
423253
423353
423433
423524
423654
423672
423735
423763
423874
423885
423898
424050
424211
424297
424372
424689
424923
425058
425266
425277
425633
426034
426100
426156
426197
426304
426393
426401
426454
426707
426991
427128
427360
427458
427515
427541
427740
427745
427849
427853
427918
427952
428013
428021
428095
428153
428464
428536
428615
428942
429022
429028
429036
429137
429199
429240
429387
429430
429529
429606
429616
429812
429963
430030
430054
430103
430205
430287
430292
430366
430555
430560
430973
431002
431068
431076
431137
431143
431155
431214
431292
431555
431563
431738
431845
431946
431974
431981
431997
432242
432268
432364
432429
432535
432556
432760
432869
432906
432926
433083
433344
433470
433485
433631
433652
433863
434087
434193
434244
434468
434717
434849
434997
435192
435215
435312
435487
435760
435790
435802
435814
435855
435928
435943
436126
436199
436423
436496
436540
436767
437147
437227
437292
437368
437498
437538
437545
437701
438100
438322
438332
438341
438436
438501
438505
438608
438978
438982
439182
439382
439438
439473
439524
439759
439940
439955
440080
440139
440320
440378
440740
440966
441106
441201
441205
441248
441339
441373
441526
441569
441631
441638
441665
441713
441843
441863
442239
442274
442739
442844
443003
443059
443075
443214
443662
443716
443864
443901
444063
444271
444284
444544
444815
444835
444934
445020
445100
445294
445353
445621
445745
445837
445934
446049
446051
446173
446190
446234
446445
446753
446833
447105
447137
447155
447271
447306
447329
447411
447477
447596
447734
447871
447895
447899
447949
447960
448005
448091
448170
448289
448483
448564
448635
448950
448960
449010
449040
449195
449209
449580
449603
449625
449749
449819
449830
449874
450118
450389
450568
450596
450635
450849
450881
451130
451164
451259
451399
451575
451601
451639
451715
451754
452011
452058
452202
452614
452791
452822
452887
453264
453397
453623
453859
453863
453899
453938
454428
454456
454665
454742
454827
454935
455118
455195
455235
455317
455336
455508
455776
456051
456124
456472
456595
456679
456692
456883
457091
457102
457190
457351
457385
457405
457482
457541
457640
457656
457853
457870
458045
458118
458148
458309
458367
458385
458619
458845
458929
458962
459036
459081
459118
459233
459252
459366
459374
459402
459506
459616
459796
459840
460056
460130
460248
460684
460722
460737
460739
460745
460920
461309
461358
461369
461407
461475
461500
461588
461824
461849
462152
462197
462205
462321
462430
462491
462746
462855
462947
462954
463034
463562
463613
463670
463692
463713
463927
463952
463970
464165
464173
464220
464561
464688
464752
464787
464851
465059
465151
465331
465374
465537
465699
465881
465939
466130
466328
466473
466500
466639
466663
466805
466873
467262
467383
467560
467874
467893
468181
468263
468374
468674
468727
468753
468760
468822
468850
468884
468998
469045
469245
469373
469479
469531
469573
469682
469758
469802
470084
470121
470277
470286
470506
470532
470600
470722
470801
471022
471079
471131
471277
471420
471451
471476
471674
471722
471733
471740
471799
471838
471906
472247
472274
472315
472470
472804
472862
473042
473251
473261
473269
473278
473310
473415
473563
473634
473638
473744
474204
474223
474328
474464
474576
474641
474665
475046
475174
475361
475389
475574
475590
475788
475867
476009
476026
476093
476184
476504
476525
476588
476607
476641
476769
476818
476876
477263
477287
477604
477939
478121
478148
478159
478182
478249
478868
478926
479115
479415
479583
479684
479757
480007
480212
480517
480736
480794
481013
481119
481229
481432
481454
481589
481663
481700
481728
481941
481948
482204
482464
482774
482944
483299
483320
483410
483534
483817
483953
484076
484113
484235
484323
484415
484596
484826
484915
484934
485118
485267
485352
485378
485519
485574
485591
485804
485984
486520
486753
486837
486920
486948
487115
487210
487222
487251
487560
487647
487733
487757
487809
487883
487895
487927
487946
488076
488127
488136
488251
488743
488925
489059
489091
489311
489368
490001
490007
490014
490193
490253
490387
490945
490990
491021
491629
491639
491675
491719
491852
491930
492044
492124
492186
492438
492665
492749
492773
492913
493008
493082
493176
493275
493316
493447
493606
493680
493743
493923
493956
494004
494094
494160
494170
494344
494685
494763
494900
495279
495478
495771
495977
496170
496216
496334
496462
496469
496500
496697
496929
497051
497205
497255
497280
497804
497838
497880
498038
498509
498567
498590
498822
498987
499119
499220
499251
499320
499514
499556
499619
499666
499730
499783
499897
500064
500375
500802
501026
501096
501211
501226
501358
501476
501546
501562
501760
501989
502146
502170
502186
502199
502242
502260
502473
502475
502865
503035
503271
503546
503878
503934
503940
504064
504170
504438
504526
504539
504619
504672
504676
504691
504766
504774
504834
505059
505100
505158
505202
505242
505253
505364
505384
505528
505641
505647
505741
505832
505969
505977
506063
506077
506106
506120
506202
506381
506553
506584
506629
507193
507223
507536
507588
507734
507818
507908
507969
508046
508069
508130
508287
508377
508448
508515
508654
508995
509030
509178
509410
509513
509521
509651
509669
509689
509739
509899
510032
510428
510709
510720
510759
510905
510991
512113
512430
512518
512706
513053
513099
513133
513689
513753
513874
513903
514134
514306
514339
514454
514777
514793
514822
514923
515221
515306
515318
515813
515946
516013
516376
516424
516473
516488
516624
516705
516728
516880
516965
516966
516980
517336
517415
517736
517911
517988
518030
518408
518814
518924
519212
519220
519233
519304
519454
519466
519734
519856
520081
520344
520432
520978
521023
521052
521149
521184
521277
521357
521585
521605
522194
522329
522424
522721
522855
522950
523453
523599
523604
523775
524126
524128
524152
524356
524471
524511
524629
524716
525173
525358
525428
525462
525493
525558
525593
525606
525773
525808
525850
525953
526045
526273
526309
526394
526681
526850
526971
527319
527481
527665
527707
527710
527712
527770
527800
527853
528226
528240
528402
528786
528911
529165
529316
529403
529685
529888
529959
530038
530498
530581
530651
530725
530801
530846
531389
531587
531623
531675
531807
531976
532128
532297
532323
532456
532683
532706
532755
533022
533038
533306
533455
533656
533808
533827
533898
533958
534007
534068
534202
534205
534212
534288
534308
534361
534458
534462
534525
534545
534700
534722
534834
534876
534952
535056
535143
535217
535410
535426
535543
535785
535995
536006
536042
536129
536234
536305
536354
536459
536513
536554
536586
536618
536687
536743
536756
536884
537024
537029
537091
537313
537600
537828
537897
537917
538050
538238
538286
538363
538510
538553
538567
538785
538810
539138
539175
539288
539360
539378
539410
539696
539711
539804
539822
540042
540112
540153
540166
540171
540567
541106
541300
541341
541489
541490
541495
541997
542029
542187
542379
542416
542616
542794
542899
542914
542927
542992
543023
543061
543251
543313
543331
543684
543693
543795
543814
543908
544014
544032
544143
544357
544377
544801
544824
545275
545333
545416
545452
545477
545621
546057
546154
546204
546244
546279
546355
546511
546612
546654
546809
547105
547178
547245
547331
547429
547595
547875
547879
548036
548100
548251
548434
548570
548718
548801
548828
548913
549039
549098
549108
549255
549492
549618
549835
549857
549921
550107
550193
550294
550546
551025
551051
551273
551349
551386
551432
551809
551868
551889
552261
552510
552630
552696
552904
553097
553104
553145
553214
553232
553270
553482
553533
553597
553638
554062
554347
554516
554615
554882
555040
555298
555388
555402
555445
555568
555657
555747
555875
556199
556571
556721
556792
556865
556899
557026
557072
557352
557656
557661
557663
557708
557855
558089
558122
558191
558424
558475
558695
558761
558870
558926
558984
559040
559069
559104
559474
559538
559673
559676
559793
559897
559939
560028
560044
560093
560200
560268
560293
560749
560853
560941
561118
561211
561361
561769
561833
562127
562378
562566
562632
562644
562664
562674
562827
562885
562991
563194
563416
563426
563851
563875
563955
563996
564131
564629
564943
564963
565088
565196
565213
565277
565593
565660
565718
565764
565846
565924
565932
566268
566380
566436
566558
566623
566799
566880
566968
567011
567016
567145
567169
567228
567451
567466
567747
567829
567986
568006
568070
568096
568146
568265
568349
568537
568600
568707
568839
569228
569478
569566
569669
570275
570304
570331
570402
570414
570481
570567
570611
570875
571170
571179
571566
571592
571616
571684
571709
571753
571778
571911
571979
571987
572048
572125
572183
572293
572325
572417
572431
572461
572605
572675
572704
572806
572989
573079
573131
573353
573374
573498
573690
573811
573845
573877
573878
573978
574020
574145
574185
574307
574674
574687
574752
574774
574952
575017
575683
575717
575728
575778
575840
575991
576088
576097
576310
576446
576638
576665
576783
576811
576870
576998
577058
577089
577352
577388
577506
577686
577689
577812
577932
577975
578151
578203
578497
578796
578903
578911
578989
579005
579026
579245
579256
579315
579463
579593
579901
579941
579960
580033
580055
580215
580246
580253
580337
580348
580464
580500
580632
580648
580895
580948
581085
581096
581101
581364
581668
581937
582171
582198
582289
582540
582544
582789
582884
583036
583062
583071
583086
583203
583385
583475
583732
583760
583813
583821
583843
583878
583893
583909
583972
584111
584290
584344
584366
584490
584627
585106
585190
585269
585315
585478
585562
585605
585681
586187
586411
586530
586565
586581
586616
586724
586731
586876
587188
587391
587392
587463
587492
587531
587553
587719
588019
588249
588453
588618
588704
588733
588838
588843
588881
588929
588981
589035
589127
589141
589287
589348
589462
589469
589824
589871
589912
589987
590026
590169
590203
590386
590645
590736
590897
591103
591220
591510
591635
591690
591990
592044
592113
592224
592320
592500
592503
592570
592684
593005
593245
593493
593687
594017
594081
594082
594105
594324
594394
594404
594482
594535
594671
594675
594702
594854
595022
595165
595334
595385
595629
595657
595667
595725
595774
596290
596422
596568
596713
596728
596811
596836
596853
597609
597900
597977
598022
598036
598077
598113
598436
598546
598643
598812
598854
598915
598967
599241
599279
599330
599395
599399
599488
599729
599808
600137
600229
600336
600616
600848
600860
600985
601026
601203
601487
601667
601694
601931
602250
602313
602438
602587
602655
602775
602931
603013
603450
603524
603589
603873
604132
604374
604690
604709
604772
604804
604866
604901
605013
605111
605279
605365
605999
606028
606174
606245
606327
606399
606416
606433
606451
606628
606799
606930
607071
607412
607929
607976
608082
608209
608270
608546
608579
608756
608791
608879
608906
608963
609167
609404
609577
609619
609637
609759
609781
609839
609920
610101
610107
610558
610756
610939
611263
611329
611556
611591
611699
611959
612051
612114
612258
612268
612296
612491
612652
612699
612993
613003
613042
613056
613122
613191
613335
613434
613564
613621
614003
614050
614084
614131
614340
614352
614532
614682
614885
614919
615044
615317
615431
615715
615901
615957
616107
616384
616703
617173
617219
617291
617356
617495
617643
617867
617970
618054
618214
618529
618548
618602
618658
618685
618787
618820
619012
619136
619192
619229
619352
619568
619842
619877
619893
619914
620137
620145
620162
620169
620190
620249
620394
620676
620779
620837
621204
621279
621298
621785
621994
622251
622840
622914
623174
623243
623338
623360
623648
623785
624003
624164
624654
624663
624821
624906
625036
625122
625163
625218
625226
625254
625342
625415
625614
625990
626009
626052
626135
626251
626470
626604
626664
626722
626889
627106
627260
627268
627479
627657
627786
627824
628019
628179
628235
628277
628413
628808
629008
629065
629402
629488
629650
629824
629952
629986
630156
630524
630708
630882
630990
631047
631220
631314
631668
632061
632067
632528
632568
632774
632785
632992
633229
633320
633506
633728
633873
634073
634735
634861
635015
635108
635110
635205
635278
635324
635619
635650
635699
635797
635810
635919
636027
636078
636241
636325
636473
636538
636735
636942
636999
637139
637192
637295
637442
637680
637973
638002
638011
638077
638103
638284
638327
638503
638522
638621
638654
638803
638817
638865
638937
639009
639084
639182
639327
639509
640100
640140
640293
640302
640373
640621
640698
640716
640780
640896
640969
641026
641277
641399
641402
641605
641797
641962
642086
642093
642132
642137
642466
642490
642502
642569
642647
642756
642911
642920
643035
643045
643167
643278
643285
643488
643665
643760
643806
643902
643950
644172
644470
644491
644546
644732
644840
644867
644980
645034
645164
645187
645263
645343
645551
645788
645799
645836
645872
645955
646091
646120
646313
646485
646508
646602
646707
646728
647401
647474
647563
647581
647587
647666
647848
648051
648148
648515
648525
648634
648775
648788
648936
649090
649149
649224
649307
649373
649468
649605
649664
649685
649761
649788
649793
649944
649969
650002
650292
650613
650639
650650
650852
651079
651091
651374
651429
651488
651619
651835
651859
651943
652249
652310
652358
652403
652592
652842
652864
653029
653249
653305
653310
653538
653795
653845
654012
654087
654121
654191
654303
654332
654566
654580
654590
654655
654696
654765
654772
655047
655182
655230
655264
655365
655368
655518
655571
655728
655750
655875
656026
656091
656284
656297
656360
656509
656634
656692
656702
656863
656909
657153
657276
657573
657602
658242
658258
658452
658553
658689
659013
659149
659153
659207
659225
659279
659369
659425
659452
659459
659545
659581
659737
659763
659813
659978
660060
660143
660335
660346
660408
660500
660555
660584
660696
660805
660814
660870
660907
661161
661233
661498
661636
661852
661954
662082
662701
662837
663290
663306
663359
663433
663444
663835
664625
664675
664697
664869
664879
664902
664968
665021
665077
665091
665182
665290
665342
665417
665500
665639
665694
665828
665934
666070
666298
666325
666444
666985
667220
667389
667587
667621
667764
667848
667873
668032
668341
668377
668460
668557
668633
668711
668752
669130
669225
669447
669560
669593
669659
669776
670012
670468
670665
671042
671110
671194
671305
671572
671646
671687
671700
671846
671902
672066
672158
672186
672193
672206
672282
672533
672678
672904
672955
673148
673214
673225
673230
673311
673411
673445
673506
673635
673721
673815
673922
674022
674076
674311
674350
674450
674473
674502
674525
674543
674626
674671
674714
674779
674879
674960
674999
675038
675042
675089
675146
675188
675270
675724
675929
675932
676106
676210
676215
676254
676502
676656
676706
676904
676972
677021
677025
677194
677267
677397
677438
677476
677835
678047
678195
678248
678464
678507
678551
678600
678608
678630
678754
679193
679227
679273
679731
679739
679798
679840
679969
679974
680095
680421
680537
680780
681249
681288
681511
681622
681628
681662
681732
681847
681994
682059
682304
682653
682796
682889
683099
683162
683439
683564
683642
683651
683724
683770
684138
684192
684216
684312
684528
684664
684800
684828
684923
685104
685354
685415
685431
685727
685802
685919
686086
686182
686234
686275
686486
686492
686495
686649
686700
686930
687038
687083
687140
687218
687264
687306
687459
687571
687627
687643
688172
688177
688294
688580
688611
688614
689008
689051
689138
689175
689266
689340
689442
689446
689638
689746
689776
689956
690112
690216
690247
690262
690568
690595
690663
690749
690773
690848
691226
691373
691394
691561
691582
691584
691763
691856
691880
692123
692275
692348
692528
692551
692636
692644
692896
692981
693135
693745
694034
694213
694262
694385
694431
694766
694782
694904
695114
695128
695146
695192
695203
695219
695426
695437
695877
695947
696178
696207
696337
696461
696572
696689
696772
696825
696838
696876
696967
697216
697256
697602
698066
698146
698149
698155
698400
698677
698782
698899
698996
699049
699274
699434
699586
699611
699802
700124
700290
700322
700323
700339
700364
700463
700479
700519
700802
700864
700889
700952
701082
701132
701217
701248
701273
701303
701610
701654
701766
701858
702184
702347
702396
702537
702560
702563
702921
703301
703305
703340
703364
703402
703447
703717
703766
703811
704205
704408
704411
704459
704566
704603
705070
705165
705186
705189
705326
705404
705601
705694
706045
706314
706381
706477
706826
706863
706978
707149
707280
707493
707505
707539
707661
707826
708001
708008
708121
708349
708352
708460
708721
708959
708998
709096
709306
709355
709365
709462
709472
709570
709695
709807
709830
709863
709918
709925
710218
710485
710730
710733
710871
710876
710943
711033
711036
711134
711146
711155
711180
711215
711244
711415
711550
711625
711737
711752
711953
712056
712082
712243
712336
712378
712419
712721
712724
712849
712924
712954
713420
713702
713960
714042
714133
714253
714277
714311
714411
714563
714596
714724
714979
715094
715255
715539
715688
715746
715755
715774
715849
715855
715893
716360
716451
716543
716592
716609
716695
716812
716851
716973
717503
717661
717776
718237
718245
718499
718525
719000
719121
719346
719588
719591
719724
719738
719797
719869
719877
719960
720269
720302
720489
720672
720885
721040
721204
721373
721677
721901
722003
722013
722037
722098
722136
722269
722288
722350
722644
722681
722802
722938
722949
723073
723152
723171
723279
723327
723431
723473
723697
723778
724061
724228
724484
724650
724805
725007
725172
725323
725425
725487
725777
725805
725885
725975
726034
726134
726216
726303
726388
726530
726782
726882
727161
727227
727242
727292
727474
727693
727712
727728
727800
728244
728275
728294
728374
728406
728449
728462
728560
728709
728723
728744
729226
729321
729330
729513
729523
729589
729645
729751
729774
729802
729950
730266
730393
730410
730420
730726
730733
730743
730778
731028
732009
732109
732202
732265
732407
732414
732416
732427
732619
732825
732958
732971
733082
733117
733162
733203
733302
733489
733767
733856
734061
734085
734121
734122
734281
734537
734615
735073
735278
735321
735460
735493
735505
735664
735777
735805
735937
735976
736044
736134
736320
736690
736833
736868
736934
736956
737055
737090
737095
737307
737334
737450
737480
737486
737537
737752
737766
737827
737959
738376
738435
738444
738474
738675
738710
738849
738973
739001
739448
739505
739974
740254
740318
740395
740766
740964
741420
741426
741459
741528
741587
741678
741766
742004
742064
742215
742244
742540
742889
742981
742998
743064
743152
743177
743587
743599
743618
743746
743925
743928
744374
744415
744499
744812
745040
745160
745208
745374
745596
745779
745994
746067
746135
746255
746426
746475
746781
746794
746820
746839
746880
746884
747177
747217
747450
747789
748090
748351
748356
748493
748511
748566
749019
749049
749188
749440
749720
749856
750070
750359
750482
750610
750628
750679
750695
750778
750945
751088
751202
751371
751695
751788
751836
751840
751867
752056
752312
752443
753001
753111
753168
753194
753316
753622
753792
753793
753953
754017
754169
754258
754354
754569
754699
754756
754925
755154
755174
755305
755492
755650
755692
755783
755837
755901
755926
756158
756206
756441
756450
756704
756839
756940
756963
756998
757068
757135
757173
757363
757495
757755
757940
758101
758141
758236
758454
758455
758577
758817
758909
758959
759218
759295
759298
759322
759602
759624
759794
759807
760012
760042
760065
760077
760256
760282
760400
760415
760492
760870
760884
761035
761074
761094
761423
761505
761646
761871
762166
762521
762618
762671
762681
762763
762981
763083
763210
763386
763469
763522
763570
763637
763745
763814
763949
763999
764076
764187
764561
764577
764765
765085
765340
765676
765731
765955
766059
766105
766499
766963
767309
767472
767491
767657
767676
767693
767918
768135
768141
768193
768199
768479
768503
768578
769051
769263
769360
769525
769570
769832
770116
770306
770535
770623
770851
771204
771267
771357
771421
771427
771840
771904
772113
772285
772538
772824
772884
773062
773427
773494
773741
773800
774106
774147
774177
774210
774268
774464
774565
774618
774714
774763
774853
774861
775341
775418
775462
775528
775624
775766
775784
776187
776191
776204
776239
776259
776338
776431
776724
776929
777097
777176
777415
777472
777775
778122
778466
778555
778928
779035
779211
779548
779565
779867
779888
780055
780077
780107
780156
780376
780493
780577
780608
780629
780786
780790
780805
780828
780879
781108
781219
781580
781620
781647
782036
782173
782286
782364
782640
782741
782796
782831
782854
783130
783401
783759
784275
784304
784309
784338
784345
784400
784453
784681
784697
784825
784921
785022
785057
785059
785062
785118
785257
785424
785524
785587
785636
785981
786082
786107
786351
786402
786472
786529
786677
786718
786723
786772
787350
787573
787705
787710
787755
787836
788257
788298
788461
788517
788576
788580
788666
788723
788830
788950
789312
789350
789375
789593
789643
789681
789724
789942
790263
790323
790329
790332
790337
790602
790810
791062
791095
791619
791717
791730
791763
791909
791960
791995
792118
792307
792658
792700
792812
792978
792988
793206
793215
793459
793586
793723
793840
794003
794050
794105
794115
794177
794327
794334
794364
794371
794444
794458
794653
794732
794861
794963
794995
795490
795525
795981
795990
796084
796352
796395
796696
796993
797262
797540
797710
797863
797873
798068
798099
798273
798275
798491
798504
798638
798694
798727
798898
798931
799058
799085
799097
799101
799150
799158
799418
799523
799668
799732
799865
799894
799907
799908
800033
800284
800355
800540
800710
800796
800802
800813
800975
801166
801184
801228
801399
801443
801502
801893
801909
801917
801931
802127
802137
802372
802964
803197
803198
803330
803362
803555
803628
803640
803819
803951
804072
804293
804352
804431
804627
804656
804770
804978
805109
805127
805194
805324
805356
805422
805548
806024
806075
806189
806226
806239
806320
806537
806565
806784
806826
807154
807179
807291
807558
807751
808235
808251
808306
808323
808362
808414
808644
808695
808988
809060
809103
809275
809349
809456
809631
809666
809702
810205
810213
810221
810252
810543
810617
810646
810707
810758
810896
811134
811161
811177
811336
811630
812052
812111
812257
812320
812481
812850
812944
813032
813040
813048
813064
813513
813575
813704
814076
814095
814802
815073
815136
815344
815381
815467
815520
815655
815992
816029
816179
816190
816392
816653
816857
816871
816954
817078
817106
817201
817300
817632
817708
817748
817819
818203
818369
818698
818774
818846
818908
818976
819115
819212
819640
819783
819802
819934
820083
820154
820187
820238
820596
820604
820857
820921
821084
821129
821342
821412
821509
821530
821570
821675
821716
821767
821821
821965
822133
822239
822251
822402
822441
822468
822510
822948
822989
823160
823236
823242
823315
823468
823479
823572
823741
823786
823943
824110
824245
824473
824510
824715
824871
824898
824976
825264
825350
825493
825582
825592
825619
825716
825867
825900
825987
826003
826152
826307
826531
826556
826767
826912
827032
827163
827227
827247
827275
827432
827556
827558
827850
827898
828176
828237
828311
828354
828418
828490
828540
828591
828691
828708
828752
828769
828799
828897
829191
829684
829895
829923
830008
830145
830231
830270
830315
830387
830440
830455
830565
830580
830741
830764
830867
831030
831156
831421
831457
831503
831545
831766
832161
832294
832389
832413
832511
832693
832719
832805
832928
833436
833469
833745
833819
833833
833896
834301
834348
834444
834820
834856
834893
835062
835474
835682
835768
835976
835993
836018
836304
836434
836546
836856
837169
837358
837365
837413
837426
837446
837547
837549
837770
837788
837853
837865
837905
837949
838027
838210
838279
838555
838663
838760
838870
838902
838975
839094
839113
839230
839854
839879
839902
840176
840232
840257
840313
840321
840381
840484
840746
840859
840872
841181
841237
841371
841539
841735
841800
841891
841955
842072
842081
842202
842343
842600
842692
842767
842891
842947
842965
843211
843253
843328
843372
843488
843505
843529
843702
844091
844115
844228
844317
844366
844473
844674
844736
844758
844836
844863
845004
845066
845440
845497
845656
846520
846688
846710
847020
847045
847182
847381
847631
847955
848220
848308
848396
848452
848545
848721
848738
848803
849132
849214
849284
849341
849450
849667
849678
849782
849848
849897
850171
850328
850364
850529
850658
850671
850805
850982
850987
851125
851384
851393
851415
851659
851743
851887
851977
852115
852216
852297
852375
852493
852508
852604
852730
852822
852886
852888
853056
853230
853276
853350
853404
853422
853636
853677
853695
853710
853745
853774
853986
854083
854098
854186
854248
854254
854288
854620
854905
855055
855097
855220
855438
855511
855606
855691
855712
855826
855842
855880
855969
856202
856232
856501
856798
856809
856811
857247
857250
857723
857993
858057
858091
858177
858196
858323
858325
858851
859129
859429
859692
859743
860146
860431
860453
860468
860471
860578
860839
860884
861145
861195
861363
861428
861777
861802
861912
861995
862137
862201
862243
862398
862473
862605
862700
862887
862914
863119
863264
863333
863394
863398
863794
863895
864090
864283
864537
864597
864887
865001
865054
865149
865207
865261
865456
865472
865613
865642
865911
866018
866051
866150
866286
866301
866792
866914
866975
867105
867243
867338
867521
867752
867829
867848
867956
868007
868103
868207
868274
868299
868700
868853
869017
869106
869313
869508
869584
869614
869632
869694
869705
870094
870103
870223
870282
870376
870626
870814
870850
870950
871106
871210
871654
871927
871963
872367
872410
872424
872462
872487
872838
872942
873518
873524
873634
873859
874152
874217
874277
874469
874535
874561
874582
874649
874665
874756
874968
874984
875044
875081
875146
875383
875430
875551
875914
875961
876088
876163
876260
876605
876628
876644
876683
876728
876741
876809
876830
876840
876865
876972
877472
877490
877701
877729
877753
878074
878238
878521
878539
878565
878701
879214
879273
879432
879863
879884
879923
880152
880247
880527
880606
880618
880627
880651
880773
880909
881200
881276
881293
881642
881677
881750
881776
881783
881793
881870
882094
882593
882656
882759
882954
883104
883138
883207
883217
883306
883422
883571
883602
883677
883690
883707
883720
883762
883841
883920
884135
884325
884481
884678
884779
884894
884971
885079
885656
886103
886148
886149
886203
886363
886594
886636
886658
886739
886751
886863
887001
887036
887259
887425
887530
887546
887609
887633
887670
887683
887907
887934
887978
888104
888132
888139
888427
888657
888724
888814
888876
888902
888955
888967
889138
889188
889235
889301
889373
889553
889799
890082
890120
890268
890526
890628
890701
890723
890905
890973
891175
891823
891975
892067
892231
892275
892784
892867
893359
893747
893778
893951
894093
894183
894264
894652
895040
895138
895259
895331
895335
895449
895464
895519
896025
896193
896228
896401
896420
896443
896751
896759
897296
897704
897726
897893
897973
898007
898068
898387
898403
898423
898508
898634
898889
898954
898978
899177
899293
899776
899889
899914
900061
900134
900151
900254
900288
900329
900467
900586
900678
900763
900801
900806
900894
901196
901339
901464
901541
901624
902300
902473
902747
902904
903003
903116
903146
903159
903452
903504
903765
903894
903993
904201
904244
904484
904643
904659
904674
904750
904899
905165
905198
905220
905719
905742
905789
905863
906238
906500
906515
906647
906764
906844
907001
907011
907089
907195
907298
907393
907735
907821
907861
907945
908182
908298
908853
908885
908917
908948
908980
909117
909161
909792
910171
910269
910324
910463
910572
910603
910834
910924
911032
911171
911595
911821
911969
911992
912086
912435
912557
912652
912653
912667
912692
912783
912834
912860
912940
913228
913338
913732
913781
913937
914056
914661
914745
914871
915023
915094
915153
915415
915471
915587
915604
915865
916071
916187
916469
916576
916771
916821
916985
917060
917183
917205
917261
917284
917341
917347
917650
917890
917896
917956
918056
918229
918358
918616
918697
918968
919130
919248
919381
919624
919699
920140
920179
920227
920580
920690
920844
920899
920954
921084
921121
921148
921218
921334
921717
921976
921980
922063
922108
922121
922192
922221
922223
922275
922369
922398
922455
922569
922710
922775
922866
922992
923099
923309
923574
923606
923856
923902
923913
923963
924136
924341
924531
924641
924970
924990
925007
925021
925158
925271
925302
925343
925349
925373
925576
925618
925721
925748
925965
926132
926226
926261
926442
926625
926817
926899
926995
927001
927491
927502
927506
927545
927673
927861
928145
928208
928226
928231
928300
928574
928854
929316
929344
929457
929511
929550
929560
930213
930437
930474
930481
930532
930692
930779
930832
931069
931116
931488
931511
931542
931565
931659
931710
931896
931929
931971
932035
932104
932909
933214
933292
933353
934203
934373
934441
934558
934667
934742
934786
934905
935001
935095
935569
935579
935630
935913
935986
936145
936159
936474
936706
937180
937250
937300
937555
937636
937876
937953
938009
938013
938267
938873
938884
939029
939049
939172
939182
939284
939496
939504
939685
939743
939902
940064
940114
940330
940571
940600
940644
940770
940869
940919
940929
940964
941148
941313
941644
941687
941723
942011
942043
942158
942564
942591
942881
942999
943108
943164
943311
943323
943362
943570
943601
943617
943635
943691
943810
943882
943915
944048
944375
944508
944671
944974
945113
945139
945353
945417
945441
945453
945534
945557
945589
945608
945763
945788
945842
946624
946784
947063
947103
947242
947308
947350
947445
947697
947935
947942
947986
948013
948194
948417
948528
948568
948613
948751
948785
948967
948992
949197
949336
949359
949380
949865
950039
950043
950155
950164
950309
950322
950415
950531
950667
951042
951186
951408
951672
951696
951703
951814
952002
952021
952029
952239
952298
952485
952530
952561
952638
952719
952880
952994
953177
953375
953495
953739
954423
954462
954530
954574
954691
954785
954994
955158
955220
955359
955413
955451
955588
955665
955781
956144
956341
956356
956680
956750
956888
957111
957205
957288
957391
957651
957820
957854
958104
958197
958200
958246
958303
958355
958413
958481
958624
958714
958734
958808
958834
958994
959036
959197
959200
959282
959327
959336
959345
959351
959372
959389
959434
959501
959507
959662
959696
959720
959848
959898
960113
960183
960567
960637
960734
960796
960807
960856
960959
961043
961105
961227
961370
961395
961556
961873
962057
962108
962118
962290
962610
962861
962888
962905
963047
963208
963660
963661
963736
963905
964052
964072
964114
964272
964312
964418
964655
964747
964804
964831
965112
965166
965280
965300
965598
965778
965821
966158
966339
966341
966432
966473
966488
966498
966520
966575
966625
966632
966843
966877
966952
967020
967070
967130
967191
967323
967420
967431
967435
967583
967651
967768
967886
967907
967916
967976
968123
968149
968317
968368
968474
968516
968722
969170
969508
969616
969795
969825
969869
969901
970226
970251
970408
970418
970572
970679
970710
970846
970999
971009
971037
971066
971107
971217
971413
971538
971593
971645
971688
971918
971947
972205
972341
972391
972469
972878
972913
972978
973024
973031
973040
973045
973208
973247
973347
973693
974028
974046
974121
974189
974316
974337
974427
974457
974492
974665
974745
974748
974804
974826
974929
974931
974936
975118
975142
975629
975748
975934
975971
976019
976287
976479
976710
977096
977166
977305
977342
977571
977606
977628
977875
978090
978096
978102
978132
978220
978472
978555
978868
978943
978966
979219
979270
979290
979471
979498
979545
979595
979737
979769
979775
979870
979901
980023
980027
980128
980237
980406
980564
980625
980637
980753
980832
980887
980908
980911
981086
981310
981488
981742
981849
981990
982009
982531
982540
982619
982657
982900
983018
983074
983106
983198
983383
983558
983705
983924
984356
984478
984539
984816
984844
984870
984889
984911
984991
985053
985277
985696
985738
985880
985977
986076
986087
986180
986449
986578
986660
987338
987353
987464
987601
987669
987899
987911
988013
988242
988459
988527
988538
988650
988748
988872
988932
989641
990153
990339
990606
990622
990664
990708
990835
990856
990871
991117
991207
991287
991591
991598
991660
991806
991984
992130
992147
992168
992170
992266
992273
992381
992409
992713
993476
993482
993585
993747
993795
993901
994019
994199
994432
994548
994633
994780
995054
995090
995141
995192
995508
995707
995760
995851
995857
995917
995991
996326
996358
996462
996555
996568
996579
996880
996973
997004
997139
997307
997401
997856
997873
997960
998380
998386
998513
998657
998669
999036
999053
999096
999121
999257
999340
999369
999425
999484
999528
999535
999646
999711
999727
999862
999904
999946
1000153
1000184
1000246
1000507
1000658
1000692
1000892
1000908
1001001
1001042
1001145
1001233
1001473
1001489
1001565
1002106
1002367
1002681
1003062
1003175
1003246
1003259
1003530
1003559
1003669
1003732
1004000
1004307
1004509
1004665
1004749
1004925
1005133
1005142
1005506
1005540
1005589
1005626
1005665
1005790
1005846
1005873
1005935
1006083
1006159
1006233
1006275
1006607
1006624
1006899
1006962
1007001
1007064
1007114
1007244
1007331
1007483
1007648
1007688
1007735
1007772
1007934
1007988
1008023
1008032
1008139
1008159
1008160
1008164
1008276
1008473
1008803
1008882
1009034
1009330
1009376
1009409
1009607
1009644
1009914
1010136
1010173
1010246
1010265
1010409
1010623
1010854
1011080
1011123
1011231
1011277
1011412
1011417
1011562
1011606
1011615
1011646
1011740
1011808
1011885
1012097
1012228
1012563
1012715
1012741
1012797
1013304
1013326
1013456
1013474
1013642
1013923
1014079
1014089
1014339
1014595
1014635
1014899
1015165
1015363
1015810
1015980
1016074
1016197
1016263
1016443
1016541
1016615
1016618
1016732
1016739
1016845
1016861
1016876
1016958
1017074
1017177
1017248
1017260
1017410
1017495
1017689
1017725
1017750
1017761
1017783
1017879
1018048
1018067
1018171
1018260
1018588
1018624
1018817
1018950
1019011
1019197
1019227
1019257
1019395
1019486
1019492
1019714
1019845
1019930
1019978
1019982
1020048
1020172
1020187
1020366
1020598
1020700
1020704
1020785
1020880
1020982
1021012
1021076
1021226
1021296
1021365
1021378
1021391
1021398
1021479
1021693
1021735
1021918
1022016
1022022
1022058
1022074
1022134
1022659
1022690
1022711
1022752
1022778
1022924
1022961
1023070
1023087
1023130
1023260
1023420
1023456
1023494
1023720
1023902
1024082
1024400
1024485
1024672
1024978
1024989
1025064
1025112
1025338
1025453
1025885
1025909
1026173
1026263
1026302
1026505
1026815
1026889
1026992
1027040
1027118
1027258
1027281
1027289
1027376
1027464
1027482
1027656
1027679
1027773
1027924
1028570
1028575
1028587
1028589
1028676
1028794
1029100
1029190
1029257
1029467
1029671
1029723
1029737
1029745
1029851
1029878
1029947
1029997
1030017
1030058
1030147
1030198
1030260
1030361
1030590
1030602
1030632
1030896
1030993
1031077
1031229
1031713
1031725
1031774
1031853
1031870
1031873
1032033
1032197
1032230
1032406
1032549
1032610
1032614
1032910
1032984
1033005
1033132
1033251
1033365
1033645
1033958
1034110
1034194
1034309
1034411
1034590
1034642
1034662
1034866
1035175
1035198
1035301
1035375
1035382
1035463
1035534
1035674
1035707
1035751
1036004
1036122
1036157
1036330
1036334
1036413
1036844
1036945
1037232
1037481
1037648
1037686
1037718
1037780
1037870
1038209
1038218
1038418
1038561
1038632
1038634
1038714
1038739
1039187
1039210
1039341
1039489
1039901
1040131
1040473
1040658
1040692
1040759
1040888
1041163
1041253
1041285
1041462
1041528
1041550
1041565
1041596
1041970
1042133
1042513
1042699
1042854
1043054
1043126
1043184
1043250
1043298
1043420
1043504
1043520
1043643
1043757
1043770
1043881
1044296
1044434
1044603
1044772
1045056
1045177
1045195
1045312
1045452
1045552
1045812
1045990
1046034
1046144
1046176
1046266
1046439
1046466
1046487
1046543
1046560
1046669
1046682
1046830
1046939
1047316
1047440
1047507
1047534
1047602
1047608
1047729
1047738
1047772
1048125
1048418
1048513
1048543
1048641
1048757
1048887
1049048
1049251
1049496
1049550
1049646
1049677
1049779
1049922
1049934
1050319
1050515
1050541
1050544
1050593
1050672
1050685
1050843
1051161
1051215
1051484
1051606
1052002
1052270
1052288
1052428
1052433
1052894
1052987
1053067
1053155
1053239
1053286
1053323
1053375
1053528
1053663
1053737
1053782
1053921
1053994
1054222
1054372
1054508
1054561
1054771
1054908
1055031
1055077
1055239
1055257
1055264
1055388
1055723
1056243
1056636
1056895
1057036
1057062
1057184
1057335
1057354
1057452
1057525
1057956
1058119
1058580
1058584
1058700
1058827
1058855
1058966
1059329
1059778
1059902
1059920
1060004
1060026
1060317
1061042
1061136
1061192
1061352
1061465
1061478
1062035
1062057
1062172
1062443
1062533
1062671
1062839
1063445
1063557
1063705
1063781
1063800
1063802
1064006
1064043
1064637
1064694
1064863
1064929
1065208
1065350
1065546
1065576
1065718
1065788
1065996
1066075
1066083
1066120
1066124
1066143
1066362
1066385
1066480
1066496
1066661
1066708
1066734
1066748
1066994
1067001
1067025
1067185
1067447
1067451
1067533
1067633
1067711
1067788
1067953
1068004
1068131
1068221
1068229
1068306
1068430
1068459
1068621
1068902
1069134
1069199
1069223
1069242
1069425
1069552
1069592
1069711
1069896
1070033
1070165
1070187
1070196
1070256
1070289
1070304
1070343
1070693
1070874
1070934
1070941
1070949
1070992
1071073
1071275
1071315
1071406
1071790
1071794
1071835
1071880
1071889
1072308
1072363
1072570
1072818
1072859
1072944
1073216
1073692
1073793
1073919
1074219
1074427
1074441
1074483
1074561
1074610
1074670
1074899
1075014
1075159
1075320
1075507
1075589
1075605
1075692
1075735
1075936
1076017
1076234
1076423
1076633
1077111
1077267
1077393
1077461
1077505
1077541
1077587
1077712
1077957
1078055
1078162
1078164
1078425
1078763
1078829
1078847
1078950
1079013
1079138
1079211
1079354
1079433
1079448
1079539
1079715
1079766
1080487
1081107
1081194
1081231
1081315
1081329
1081352
1081528
1081653
1081676
1081888
1081898
1081946
1082107
1082361
1082444
1082459
1082468
1082576
1083002
1083026
1083081
1083247
1083605
1083640
1083713
1083757
1083872
1083966
1084155
1084192
1084213
1084445
1084450
1084696
1084744
1085200
1085379
1085439
1085543
1085610
1085654
1085720
1085730
1085876
1086191
1086379
1086416
1086435
1086463
1086585
1086693
1086707
1086723
1086739
1086783
1086810
1087035
1087043
1087179
1087258
1087313
1087457
1087500
1087533
1087563
1087672
1087804
1087849
1088256
1088275
1088488
1088700
1088837
1088842
1088866
1088942
1088989
1089334
1089482
1089750
1089831
1089886
1090077
1090102
1090211
1090343
1090454
1090496
1090597
1090645
1090724
1090757
1090781
1090987
1090990
1091241
1091632
1091636
1091649
1091657
1091674
1091739
1091784
1091796
1091806
1091838
1091842
1092344
1092458
1092490
1092766
1092793
1093354
1093468
1093829
1094145
1094247
1094408
1094588
1094783
1094833
1094919
1094944
1095345
1095469
1095685
1095784
1096023
1096087
1096223
1096295
1096678
1096704
1097056
1097243
1097247
1097454
1097560
1097709
1098048
1098101
1098288
1098336
1098524
1098571
1098577
1098624
1098947
1099080
1099492
1099509
1099709
1099736
1099885
1100060
1100062
1100192
1100522
1100775
1100970
1101011
1101223
1101229
1101240
1101348
1101634
1101907
1102013
1102023
1102037
1102454
1102502
1102565
1102627
1103172
1103218
1103304
1103490
1103554
1103633
1103709
1103997
1104120
1104266
1104304
1104426
1104531
1104845
1105075
1105324
1105350
1105363
1105365
1105390
1105493
1105505
1105511
1105551
1105713
1105716
1105750
1105838
1105967
1105972
1106366
1106587
1106689
1106817
1106823
1107017
1107053
1107063
1107084
1107342
1107375
1107468
1107481
1107521
1107542
1107618
1107765
1107766
1107815
1107826
1107839
1108036
1108078
1108429
1108625
1109119
1109621
1109682
1109805
1110184
1110186
1110359
1110709
1110837
1110855
1110912
1111041
1111199
1111234
1111396
1111663
1111690
1111805
1111863
1111894
1111973
1112093
1112121
1112140
1112305
1112358
1113048
1113071
1113195
1113263
1113397
1113650
1113897
1113953
1114103
1114277
1114379
1114387
1114660
1114885
1114964
1114976
1114985
1115074
1115148
1115304
1115490
1115496
1115544
1115649
1115672
1115775
1115921
1116040
1116093
1116557
1116575
1116691
1116746
1116857
1116889
1116968
1117241
1117281
1117311
1117474
1117515
1117713
1117725
1117928
1117956
1118009
1118165
1118199
1118251
1118367
1118412
1118554
1118710
1118722
1118841
1119425
1119459
1119696
1119753
1119851
1120055
1120104
1120184
1120247
1120384
1120472
1120541
1120583
1120615
1120785
1120811
1120817
1120864
1120886
1121252
1121519
1121657
1121698
1122034
1122391
1122432
1122528
1122536
1122806
1122838
1122931
1123014
1123095
1123187
1123217
1123301
1123990
1124245
1124310
1124319
1124567
1124641
1124688
1124806
1124979
1125012
1125076
1125129
1125187
1125193
1125227
1125246
1125284
1125391
1125647
1125712
1125715
1125756
1125835
1126018
1126061
1126072
1126122
1126447
1126520
1126660
1126744
1126902
1126951
1127462
1127846
1127909
1127964
1127985
1128125
1128170
1128305
1128350
1128447
1128565
1128679
1128761
1128822
1128929
1129204
1129329
1129957
1129983
1130166
1130348
1130429
1130691
1130710
1130714
1130817
1130904
1131199
1131217
1131260
1131413
1131422
1131467
1131532
1131595
1131621
1131717
1131863
1132179
1132230
1132417
1132477
1132847
1132926
1132993
1133350
1133607
1133679
1133702
1133747
1133887
1134277
1134361
1134370
1134614
1134685
1134944
1135218
1135252
1135283
1135461
1135506
1135545
1135599
1135939
1136152
1136462
1136514
1136545
1136880
1136968
1137085
1137156
1137165
1137232
1137258
1137407
1137422
1137500
1137508
1137590
1137738
1137848
1137984
1138072
1138184
1138379
1138398
1138463
1138705
1138929
1139000
1139194
1139276
1139328
1139468
1139517
1139747
1139936
1140560
1140785
1140938
1140996
1141241
1141439
1141563
1141722
1141776
1141794
1141945
1142031
1142233
1142284
1142362
1142434
1142729
1142751
1142763
1142829
1142889
1142929
1142964
1143045
1143083
1143091
1143500
1143522
1143530
1143885
1144027
1144052
1144181
1144209
1144444
1144528
1144694
1144835
1144964
1145229
1145288
1145363
1145701
1145754
1145775
1145876
1145927
1145946
1146179
1146747
1146802
1146812
1146937
1147005
1147032
1147050
1147286
1147321
1147506
1147557
1147623
1147634
1147710
1147876
1147917
1147982
1148036
1148058
1148162
1148287
1148398
1148482
1148560
1148627
1149022
1149072
1149273
1149400
1149592
1149600
1149687
1149711
1149913
1149947
1149969
1150267
1150324
1150458
1150700
1150775
1150991
1151051
1151087
1151161
1151386
1151631
1151716
1151779
1151997
1152099
1152185
1152266
1152312
1152429
1152563
1152585
1152649
1152683
1152792
1152837
1152908
1152911
1153028
1153111
1153221
1153297
1153516
1153546
1153576
1153790
1153799
1154041
1154065
1154099
1154153
1155065
1155159
1155304
1155355
1155381
1155390
1155493
1155963
1156019
1156269
1156271
1156479
1156675
1156937
1157100
1157106
1157144
1157197
1157759
1157774
1157889
1158191
1158218
1158293
1158374
1158517
1158634
1158643
1158788
1158795
1158958
1159055
1159180
1159214
1159278
1159367
1159455
1159901
1159983
1160217
1160430
1160859
1160882
1161487
1161494
1161508
1161539
1161642
1161684
1161810
1161880
1162208
1162326
1162483
1162593
1162941
1162957
1163047
1163091
1163302
1163468
1163717
1163733
1163847
1163872
1163976
1164092
1164867
1164968
1165370
1165447
1165500
1165516
1165551
1165560
1165623
1165754
1165834
1165839
1165851
1165904
1165969
1166184
1166417
1166476
1166513
1166737
1166974
1167007
1167069
1167079
1167373
1167723
1167795
1167963
1168015
1168121
1168132
1168139
1168252
1168288
1168348
1168351
1168381
1168440
1168482
1168549
1168564
1168634
1168676
1168693
1168711
1168796
1169386
1169403
1169434
1169506
1169591
1169856
1169877
1169934
1169957
1170013
1170110
1170160
1170292
1170414
1170418
1170554
1170845
1170958
1170999
1171014
1171045
1171186
1171238
1171567
1171596
1171663
1171702
1171745
1171982
1172064
1172126
1172218
1172493
1172537
1172604
1172726
1172815
1172864
1172974
1172983
1173173
1173561
1173586
1173678
1173774
1173888
1174242
1174452
1174608
1174631
1174799
1174913
1175053
1175133
1175226
1175401
1175557
1175595
1175644
1175651
1175655
1175721
1175842
1175845
1175879
1176081
1176245
1176311
1176336
1176375
1176561
1176604
1176651
1176731
1177358
1177387
1177439
1177488
1177551
1177630
1177798
1177900
1178304
1178509
1178575
1178721
1178818
1178867
1179078
1179179
1179244
1179280
1179320
1179435
1179607
1179812
1179877
1180015
1180150
1180360
1180374
1180392
1180431
1180466
1180626
1180750
1180780
1180819
1181006
1181143
1181659
1181817
1181876
1181962
1182072
1182098
1182118
1182294
1182769
1182796
1182801
1182982
1183104
1183276
1183498
1183588
1183779
1183870
1183896
1183911
1183920
1184108
1184234
1184540
1184668
1184785
1184804
1184828
1184988
1184992
1185044
1185569
1185754
1186208
1186323
1186579
1186612
1186658
1186689
1186791
1186855
1186980
1187181
1187216
1187307
1187357
1187361
1187466
1187518
1187782
1187818
1187979
1188041
1188201
1188346
1188412
1188460
1188535
1188877
1188964
1189001
1189230
1189254
1189353
1189557
1189690
1189708
1189848
1190013
1190037
1190370
1190391
1190575
1190722
1190738
1190866
1191006
1191238
1191440
1191508
1191606
1191743
1191798
1191998
1192229
1192299
1192306
1192383
1192431
1192685
1193110
1193199
1193231
1193332
1193351
1193359
1193382
1193490
1193711
1193931
1194047
1194499
1194561
1194575
1194589
1194663
1194779
1194821
1194919
1194958
1195010
1195170
1195173
1195455
1195489
1195620
1195814
1196339
1196524
1196541
1196969
1197227
1197448
1197581
1197795
1197814
1198140
1198161
1198184
1198482
1198500
1198550
1198560
1198600
1198674
1198771
1199209
1199250
1199279
1199511
1199580
1199582
1199756
1199784
1199834
1199905
1200008
1200245
1200294
1200610
1200718
1200724
1200810
1201008
1201036
1201069
1201093
1201325
1201384
1201413
1201501
1201511
1201624
1201736
1201774
1201841
1201879
1201967
1202131
1202191
1202415
1202475
1202905
1203290
1203511
1203545
1203578
1203648
1203724
1203773
1203808
1203876
1204009
1204147
1204434
1204488
1205154
1205262
1205281
1205306
1205337
1205392
1205450
1205720
1205879
1206532
1206707
1206961
1207101
1207347
1207423
1207590
1207722
1207805
1207933
1208032
1208125
1208379
1208422
1208574
1208580
1208665
1208754
1208842
1208963
1208974
1209039
1209108
1209117
1209280
1209284
1209450
1209756
1209782
1210084
1210123
1210185
1210266
1210379
1210472
1210527
1210600
1210787
1210816
1211201
1211407
1211415
1211417
1211567
1211706
1211849
1211861
1212201
1212248
1212328
1212408
1212606
1212727
1212729
1213077
1213097
1213267
1213404
1213611
1213939
1213979
1213980
1214073
1214577
1214805
1215135
1215350
1215444
1215595
1216042
1216147
1216157
1216168
1216227
1216591
1216945
1217173
1217198
1217394
1217435
1217449
1217603
1217756
1217804
1217833
1217906
1218094
1218168
1218283
1218285
1218291
1218491
1218637
1218746
1218798
1218827
1218945
1219368
1219390
1219433
1219879
1220004
1220228
1220395
1220466
1220587
1220628
1220671
1220696
1220738
1220948
1221018
1221072
1221089
1221291
1221515
1221873
1221926
1221953
1221977
1222032
1222060
1222427
1222570
1222598
1222627
1222647
1222697
1222725
1222767
1223087
1223233
1223242
1223775
1223808
1223857
1224063
1224124
1224425
1224469
1224524
1224591
1224609
1224843
1224896
1225033
1225096
1225184
1225305
1225409
1225462
1225621
1225694
1225712
1226012
1226072
1226163
1226304
1226429
1226512
1226559
1226641
1226883
1226915
1227167
1227179
1227283
1227551
1227590
1227988
1228036
1228102
1228129
1228187
1228289
1228355
1228367
1228384
1228493
1228519
1228686
1228788
1228881
1228913
1229021
1229055
1229180
1229254
1229384
1229587
1229715
1229742
1229814
1230061
1230153
1230216
1230265
1230286
1230536
1230619
1230953
1231077
1231225
1231250
1231308
1231561
1231613
1231624
1231646
1231652
1231754
1231876
1231891
1231971
1232104
1232299
1232614
1232875
1232890
1232963
1233290
1233461
1233504
1233517
1233589
1233594
1233605
1233693
1233735
1233762
1233773
1233794
1234170
1234228
1234359
1234361
1234503
1234755
1235023
1235066
1235209
1235231
1235281
1235491
1235664
1235717
1235750
1236018
1236151
1236281
1236294
1236352
1236544
1236717
1236802
1236861
1236930
1236993
1237242
1237272
1237331
1237636
1237701
1237749
1237810
1237996
1238042
1238356
1238709
1238802
1238869
1238927
1239078
1239239
1239310
1239338
1239341
1239430
1239486
1239602
1239945
1240392
1240457
1240462
1240463
1240944
1240980
1241183
1241285
1241414
1241420
1241462
1241493
1241637
1241704
1241732
1241773
1241793
1241928
1241938
1242054
1242122
1242537
1242735
1242850
1243246
1243585
1243938
1244161
1244164
1244194
1244490
1244514
1244633
1244655
1244814
1244976
1245027
1245031
1245081
1245312
1245340
1245461
1245475
1245566
1245623
1245676
1245744
1245955
1246139
1246554
1246693
1246727
1246764
1246773
1246867
1246913
1247067
1247194
1247237
1247300
1247457
1247816
1247927
1248160
1248385
1248586
1248589
1248796
1248818
1248970
1249041
1249080
1249241
1249408
1249632
1249646
1249700
1249809
1249981
1249995
1250097
1250192
1250230
1250322
1250424
1250687
1250707
1250832
1250916
1250960
1251038
1251086
1251264
1251331
1251474
1251664
1251701
1251924
1251966
1252039
1252187
1252268
1252514
1252641
1252674
1253043
1253765
1253841
1253947
1254529
1255048
1255127
1255141
1255158
1255307
1255351
1255723
1255849
1256102
1256105
1256493
1256542
1256649
1256832
1257106
1257196
1257371
1257476
1257507
1257730
1257817
1258153
1258400
1258402
1258467
1258534
1258691
1258752
1258951
1258970
1259141
1259222
1259320
1259356
1259563
1259684
1260077
1260114
1260125
1260299
1260454
1260570
1260610
1260633
1260670
1260817
1260824
1261042
1261299
1261309
1261351
1261416
1261590
1261690
1262007
1262079
1262223
1262241
1262684
1262749
1263053
1263141
1263429
1263452
1263462
1263535
1263694
1263906
1263950
1263978
1264464
1264537
1264606
1264734
1264869
1264968
1264998
1265077
1265234
1265271
1266107
1266318
1266330
1266614
1266662
1266766
1266894
1266939
1266965
1267003
1267164
1267172
1267317
1267322
1267493
1267501
1267511
1267550
1267603
1267710
1267778
1267812
1267949
1268044
1268315
1268332
1268360
1268365
1268406
1268429
1268643
1268700
1268706
1268844
1268878
1268973
1268984
1269061
1269155
1269261
1269280
1269339
1269378
1269488
1269640
1269656
1269743
1269914
1269980
1269991
1270023
1270159
1270216
1270224
1270296
1270371
1270476
1270506
1270559
1270623
1270658
1270742
1270772
1270805
1270842
1271281
1271422
1271624
1271672
1271733
1271818
1271824
1271970
1271999
1272128
1272789
1272898
1272995
1273083
1273144
1273319
1273362
1273520
1273707
1273809
1273883
1273954
1274155
1274353
1274408
1274621
1274779
1274786
1274858
1275019
1275426
1275472
1275513
1275605
1276284
1276333
1276370
1276706
1276895
1277033
1277091
1277423
1277486
1277592
1278020
1278147
1278155
1278522
1278782
1278952
1278998
1279012
1279094
1279144
1279176
1279253
1279319
1279321
1279394
1279454
1279537
1279651
1279688
1279717
1279910
1279912
1280155
1280244
1280289
1280321
1280498
1280506
1280520
1280545
1280885
1280954
1281122
1281356
1281667
1281701
1281898
1281993
1282093
1282253
1282308
1282766
1282931
1282989
1283007
1283030
1283133
1283267
1283794
1283833
1283844
1283965
1284038
1284125
1284162
1284219
1284271
1284377
1284415
1284422
1284469
1284499
1284520
1284871
1284885
1285272
1285355
1285381
1285632
1285772
1285874
1285973
1285978
1286164
1286298
1286569
1286777
1287147
1287397
1287476
1287508
1287597
1287626
1287708
1287792
1287807
1287937
1288013
1288132
1288154
1288270
1288361
1288397
1288639
1288699
1288777
1288790
1289015
1289040
1289309
1289463
1289589
1289694
1289755
1289938
1290086
1290115
1290317
1291018
1291377
1291941
1291997
1292016
1292238
1292374
1292589
1292593
1292642
1292695
1292930
1292932
1293271
1293370
1293392
1293651
1293686
1293736
1293807
1293962
1294028
1294325
1294484
1294602
1294850
1295052
1295136
1295223
1295271
1295511
1295684
1295870
1295891
1295892
1295995
1296044
1296156
1296227
1296363
1296497
1296568
1296641
1296653
1296660
1296709
1296791
1296843
1297225
1297654
1297790
1297901
1297983
1298059
1298106
1298131
1298170
1298208
1298333
1298517
1298578
1298689
1298773
1298881
1298908
1299238
1299275
1299323
1299467
1299663
1299687
1299708
1299790
1299812
1299952
1300282
1300390
1300486
1300588
1300640
1300678
1300932
1300944
1301103
1301136
1301408
1301500
1301533
1301640
1301698
1301781
1302256
1302265
1302291
1302348
1302571
1302977
1303070
1303433
1303459
1303531
1303751
1303920
1303996
1304098
1304168
1304329
1304404
1304456
1304658
1305008
1305077
1305182
1305461
1305594
1305708
1305728
1305840
1306077
1306148
1306149
1306194
1306265
1306330
1306337
1306649
1306707
1306867
1307053
1307668
1307739
1307773
1307789
1307796
1307812
1307816
1307822
1307975
1308076
1308493
1308502
1308640
1308786
1308987
1309181
1309335
1309399
1309466
1309485
1309507
1309596
1309627
1309812
1309828
1309955
1310114
1310380
1310433
1310620
1310736
1310937
1311154
1311495
1311642
1311650
1311692
1311749
1311782
1311897
1312270
1312291
1312326
1312645
1312657
1312664
1312831
1312918
1313214
1313221
1313250
1313710
1313731
1313756
1314292
1314370
1314587
1314599
1314895
1314910
1314999
1315146
1315381
1315396
1315407
1315502
1315513
1315667
1315682
1315911
1315956
1315974
1316020
1316280
1316332
1316463
1316507
1316597
1316667
1316695
1316967
1317026
1317039
1317127
1317275
1317289
1317424
1317515
1317612
1317716
1317880
1318729
1319129
1319131
1319255
1319568
1319589
1319811
1319823
1319883
1320087
1320108
1320184
1320296
1320358
1320873
1320922
1320981
1321099
1321184
1321387
1321607
1321622
1322205
1322702
1322812
1323047
1323328
1323617
1323702
1323745
1323801
1323910
1324014
1324241
1324287
1324294
1325199
1325256
1325416
1325585
1325660
1325715
1325819
1325994
1326274
1326369
1326402
1326620
1326766
1326787
1326879
1327196
1327250
1327479
1327780
1327833
1327849
1327877
1327883
1328405
1329059
1329149
1329163
1329230
1329413
1329504
1329546
1329854
1329884
1329965
1330080
1330262
1330268
1330448
1330703
1330750
1330809
1330831
1330909
1331034
1331153
1331276
1331632
1331715
1331719
1331755
1331821
1331978
1332279
1332364
1332625
1332736
1332850
1332920
1333195
1333249
1333253
1333405
1333495
1333613
1333785
1333809
1334165
1334402
1334797
1335064
1335159
1335280
1335385
1335463
1335904
1335959
1336015
1336185
1336276
1336312
1336353
1336645
1336779
1336852
1336883
1337020
1337140
1337177
1337335
1337554
1337653
1337762
1337789
1338170
1338647
1338778
1338916
1338941
1339144
1339152
1339171
1339268
1339452
1339466
1339679
1339931
1339992
1340010
1340043
1340427
1340617
1340867
1340920
1341104
1341114
1341264
1341465
1341613
1341805
1342093
1342210
1342223
1342242
1342362
1342374
1342531
1342570
1342598
1342631
1342736
1342781
1342923
1342994
1343002
1343126
1343156
1343387
1343611
1343684
1343819
1343853
1343954
1344011
1344216
1344251
1344329
1344682
1345007
1345089
1345152
1345520
1345738
1345773
1345777
1346053
1346269
1346348
1346420
1346491
1346534
1346810
1346866
1346886
1346919
1347129
1347326
1347410
1347554
1347609
1347623
1347782
1347800
1347851
1347912
1347919
1347921
1348123
1348394
1348430
1348569
1348739
1349220
1349236
1349327
1349438
1349793
1349858
1350060
1350346
1350445
1350458
1350527
1350581
1350768
1350772
1350863
1350905
1351130
1351181
1351443
1351498
1352114
1352120
1352159
1352313
1352459
1352547
1352699
1352729
1352754
1352766
1353028
1353149
1353181
1353426
1353516
1353826
1353860
1353936
1354135
1354150
1354359
1354492
1354745
1354988
1355079
1355209
1355216
1355248
1355387
1355400
1355692
1355747
1355780
1355883
1356123
1356261
1356351
1356379
1356411
1356538
1356549
1356754
1356855
1356884
1357078
1357142
1357323
1357567
1357572
1357609
1357648
1357656
1357727
1357757
1357778
1357938
1358008
1358039
1358054
1358062
1358090
1358188
1358226
1358230
1358491
1358634
1358639
1358663
1358679
1358681
1358759
1358814
1358874
1358902
1358971
1359046
1359655
1359666
1359688
1359747
1359812
1359828
1360229
1360509
1360531
1360731
1360931
1361086
1361117
1361228
1361573
1361601
1361685
1361790
1361817
1361897
1361934
1361938
1361949
1362055
1362111
1362195
1362373
1362545
1362547
1362717
1363123
1363170
1363221
1363287
1363403
1363404
1363451
1363505
1363571
1363572
1363585
1363967
1364005
1364037
1364069
1364102
1364210
1364285
1364502
1364533
1364568
1364718
1364903
1364905
1364969
1365102
1365105
1365269
1365413
1365518
1365732
1365948
1365986
1366340
1366408
1366543
1366590
1366605
1366722
1366771
1366802
1366816
1366843
1366884
1366927
1366929
1367039
1367166
1367327
1368037
1368063
1368084
1368415
1368432
1368552
1368586
1368626
1368638
1368700
1368711
1368806
1368816
1369043
1369298
1369301
1369391
1369490
1369506
1369532
1369858
1370039
1370217
1370224
1370405
1371227
1371385
1371797
1371881
1371958
1372060
1372117
1372454
1372571
1372824
1372959
1373041
1373069
1373110
1373119
1373155
1373296
1373327
1373452
1373557
1373617
1373679
1373775
1373830
1374253
1374298
1374399
1374434
1374903
1374960
1374966
1375086
1375232
1375640
1375938
1376236
1376420
1376447
1376607
1376931
1377005
1377074
1377141
1377357
1377395
1377457
1377498
1377746
1377773
1377867
1377943
1377949
1377993
1378146
1378537
1379145
1379149
1379187
1379465
1379533
1379549
1379581
1379863
1379909
1380096
1380207
1380230
1380244
1380427
1380604
1380719
1380736
1380998
1381012
1381086
1381468
1381553
1381697
1382104
1382587
1382665
1382911
1382918
1382938
1382943
1383585
1383673
1383704
1383749
1383809
1383840
1383919
1384382
1384415
1384467
1384699
1384733
1384745
1385036
1385273
1385739
1386031
1386139
1386152
1386286
1386557
1386670
1386706
1386749
1386824
1386891
1386915
1386996
1387076
1387171
1387333
1387689
1387724
1387810
1387833
1387864
1387910
1387976
1388007
1388015
1388058
1388136
1388145
1388402
1388433
1388526
1388760
1388852
1388902
1389028
1389370
1389443
1389624
1389642
1389678
1389791
1389835
1389882
1390294
1390479
1390800
1390917
1391085
1391153
1391472
1391571
1391593
1391626
1391677
1391767
1391878
1391895
1391907
1391954
1392097
1392442
1392739
1392776
1393058
1393136
1393172
1393244
1393770
1393800
1394137
1394247
1394376
1394488
1394912
1394933
1394979
1395138
1395159
1395274
1395284
1395407
1395409
1395415
1395433
1395546
1395706
1395868
1396150
1396303
1396410
1396416
1396616
1396680
1397045
1397253
1397299
1397621
1397784
1397804
1397852
1398139
1398198
1398610
1398670
1398747
1398803
1398877
1399174
1399190
1399388
1399519
1399564
1399688
1399813
1400287
1400310
1400320
1400544
1400672
1400720
1400849
1400901
1400937
1401042
1401249
1401336
1401362
1401454
1401535
1401704
1401717
1401724
1401792
1402002
1402309
1402323
1402387
1402485
1402747
1402803
1402896
1402906
1403039
1403291
1403320
1403469
1403644
1403654
1403764
1403824
1403846
1403902
1403964
1404247
1404314
1404369
1404636
1404663
1404713
1404828
1404960
1405055
1405389
1405545
1405600
1405680
1405779
1405791
1406063
1406072
1406333
1406382
1406979
1407974
1408081
1408121
1408196
1408301
1408373
1408639
1408692
1408828
1409025
1409258
1409279
1409317
1409363
1409670
1410110
1410216
1410279
1410475
1410579
1410659
1410673
1410843
1410887
1411374
1411404
1411928
1412099
1412189
1412234
1412348
1412364
1412877
1413085
1413095
1413168
1413308
1413397
1413425
1413433
1413487
1413538
1413580
1413641
1413665
1413696
1413803
1413850
1413927
1414104
1414195
1414239
1414374
1414439
1414924
1414946
1414987
1415398
1415543
1415614
1415632
1416097
1416199
1416229
1416471
1416490
1416648
1416810
1416881
1417045
1417095
1417243
1417404
1417482
1417528
1417600
1417625
1417656
1417747
1417891
1418071
1418119
1418330
1418412
1418443
1418510
1418606
1418728
1418781
1419362
1419442
1419543
1419677
1419720
1419865
1419955
1420104
1420163
1420321
1420466
1420616
1420631
1420744
1420992
1421026
1421035
1421258
1421396
1421514
1421698
1421723
1421998
1422221
1422253
1422632
1422682
1422831
1422898
1422974
1422991
1423251
1423564
1423914
1424041
1424097
1424123
1424322
1424527
1424534
1424574
1424632
1424653
1424798
1424882
1425040
1425057
1425108
1425362
1425607
1425795
1426332
1426341
1426684
1426976
1427221
1427230
1427458
1427467
1427614
1427662
1427685
1427846
1427939
1428367
1428581
1428588
1428777
1428798
1429423
1429471
1430019
1430318
1430751
1430773
1430794
1430838
1430844
1430921
1431181
1431322
1431335
1431339
1431551
1431666
1431725
1431902
1431952
1432148
1432150
1432215
1432300
1432317
1432516
1432571
1432641
1432685
1432885
1432996
1433508
1433662
1433774
1433998
1434246
1434348
1434388
1434869
1434884
1434992
1435384
1435413
1435671
1435749
1435801
1436255
1436374
1436561
1436649
1436809
1436847
1437041
1437072
1437630
1437768
1437818
1437843
1438048
1438226
1438239
1438249
1438286
1438315
1438611
1438725
1438788
1438798
1438868
1438933
1439129
1439132
1439324
1439388
1439641
1439762
1439863
1439989
1440144
1440292
1440566
1440623
1440631
1440637
1440646
1440756
1440761
1440763
1440927
1441018
1441077
1441279
1441420
1441460
1441915
1441957
1442537
1442618
1442625
1442652
1442813
1442852
1442908
1443054
1443174
1443177
1443228
1443462
1443634
1443719
1443906
1443975
1444048
1444078
1444121
1444275
1444719
1444774
1444871
1445046
1445096
1445131
1445182
1445267
1445416
1445513
1445675
1445860
1445939
1446225
1446392
1446533
1446715
1446899
1447074
1447164
1447167
1447249
1447416
1447431
1447506
1447585
1447587
1447692
1447798
1447949
1448056
1448253
1448259
1448494
1448587
1448756
1448863
1448956
1449303
1449740
1449811
1450060
1450133
1450303
1450481
1450598
1450678
1450850
1450895
1451046
1451198
1451251
1451274
1451429
1451479
1451608
1451654
1451687
1451893
1452005
1452080
1452106
1452140
1452172
1452595
1452614
1453011
1453147
1453638
1453739
1453751
1454015
1454049
1454062
1454179
1454217
1454460
1454673
1454904
1454982
1455012
1455307
1455384
1455407
1455590
1455654
1455814
1455904
1456131
1456329
1456466
1456486
1456518
1456715
1456767
1457112
1457401
1457448
1457681
1457938
1458044
1458259
1458265
1458461
1458560
1458712
1458890
1459027
1459424
1459544
1459600
1460093
1460266
1460388
1460450
1460696
1460715
1460849
1460854
1460921
1461259
1461282
1461373
1461472
1461523
1461795
1461801
1461812
1461825
1461842
1461898
1462130
1462319
1462375
1462508
1462721
1462854
1463244
1463613
1464150
1464359
1464376
1464400
1464426
1464657
1464790
1464937
1465269
1465319
1465466
1465529
1465566
1465624
1465655
1465800
1465909
1465953
1466038
1466200
1466326
1466486
1466505
1466560
1466747
1466806
1466987
1467179
1467257
1467400
1467456
1467698
1468150
1468207
1468445
1468481
1468651
1468738
1468802
1469077
1469090
1469210
1469243
1469252
1469294
1469488
1469656
1469708
1469719
1469792
1470311
1470480
1470557
1470719
1470834
1470849
1470872
1470937
1471336
1471467
1471471
1471532
1471639
1471654
1471705
1471710
1471998
1472025
1472337
1472416
1472563
1472634
1472975
1473183
1473188
1473270
1473511
1473679
1473824
1473944
1474058
1474112
1474256
1474422
1474432
1474451
1474490
1474540
1474612
1474667
1474877
1475087
1475408
1475428
1475515
1475576
1476034
1476154
1476427
1476557
1476589
1476608
1476629
1476743
1476830
1476856
1476877
1477018
1477112
1477119
1477175
1477227
1477421
1477471
1477542
1477687
1477725
1477764
1477771
1477809
1477914
1478020
1478188
1478273
1478280
1478351
1478618
1478948
1479166
1479251
1479437
1479503
1479547
1479645
1479690
1479834
1479963
1479995
1480075
1480093
1480247
1480286
1480367
1480879
1481064
1481277
1481404
1481456
1481518
1481537
1481684
1481861
1481921
1481982
1482082
1482094
1482113
1482356
1482374
1482412
1483239
1483276
1483360
1483781
1483944
1483953
1484100
1484133
1484167
1484201
1484259
1484285
1484289
1484334
1484527
1484568
1484644
1484659
1484983
1484995
1485096
1485589
1485623
1485661
1486027
1486049
1486157
1486402
1486542
1486582
1486937
1486962
1486972
1487313
1487638
1487649
1487743
1487751
1487927
1488300
1488362
1488769
1488785
1488912
1488996
1489074
1489263
1489326
1489349
1489412
1489551
1489620
1489874
1490162
1490239
1490309
1490337
1490712
1490756
1490818
1490871
1490905
1491148
1491288
1491910
1492118
1492148
1492151
1492204
1492233
1492345
1492371
1492586
1492662
1492728
1492871
1492983
1493035
1493098
1493499
1493598
1493791
1493919
1493980
1494021
1494103
1494177
1494355
1494387
1494516
1494885
1494909
1494948
1495016
1495147
1495406
1495497
1495839
1495858
1495916
1496031
1496042
1496314
1496372
1496797
1497156
1497200
1497282
1497604
1497984
1498022
1498121
1498484
1498599
1498722
1498905
1498965
1499258
1499469
1499719
1499750
1500081
1500238
1500286
1500624
1500883
1500911
1500972
1501003
1501418
1501476
1501579
1501692
1501775
1502117
1502401
1502615
1502915
1502932
1502936
1502949
1503243
1503336
1503492
1503721
1503832
1503837
1503843
1503922
1504022
1504076
1504092
1504196
1504800
1504803
1505633
1505671
1505831
1505867
1506103
1506442
1506621
1506939
1507104
1507253
1507263
1507794
1507820
1507952
1507974
1508111
1508188
1508202
1508528
1508569
1508680
1508693
1508890
1508956
1509088
1509136
1509219
1509790
1509826
1509838
1510089
1510248
1510388
1510448
1510559
1510611
1510889
1510922
1511160
1511367
1511462
1511603
1511693
1511723
1511768
1512021
1512159
1512290
1512298
1512356
1512488
1512582
1512618
1512670
1512701
1512786
1512824
1512901
1513210
1513215
1513247
1513275
1513312
1513340
1513603
1513841
1513890
1513912
1513952
1513968
1514072
1514175
1514213
1514284
1514370
1514613
1514793
1514935
1515021
1515233
1515367
1515408
1515468
1515795
1515858
1516406
1516544
1516628
1516706
1516729
1516801
1516889
1516944
1517326
1517640
1517748
1517912
1518035
1518091
1518096
1518119
1518151
1518216
1518728
1518937
1519066
1519079
1519085
1519108
1519110
1519148
1519263
1519295
1519401
1519423
1519627
1519711
1519742
1519925
1520188
1520223
1520381
1520434
1520636
1521017
1521165
1521268
1521329
1521390
1521625
1521731
1521932
1522341
1522373
1522480
1522843
1523095
1523097
1523154
1523306
1523430
1523519
1523542
1523712
1524045
1524057
1524089
1524311
1524333
1524583
1524721
1525168
1525226
1525376
1525388
1525516
1525538
1525584
1525822
1525997
1526014
1526054
1526095
1526372
1526505
1526617
1526807
1526869
1526989
1527043
1527111
1527127
1528261
1528400
1528425
1528635
1528645
1528660
1528755
1528826
1528832
1529155
1529171
1529421
1529462
1529711
1529974
1530003
1530088
1530147
1530264
1530297
1530305
1530430
1530486
1530494
1530662
1530845
1530871
1530876
1530913
1531234
1531270
1531274
1531365
1531561
1531624
1531674
1531677
1532061
1532191
1532317
1532385
1532489
1532775
1532795
1533071
1533178
1533657
1533854
1533966
1534293
1534361
1534391
1534409
1534458
1534485
1534722
1534816
1534908
1534937
1535047
1535065
1535141
1535183
1535266
1535330
1535346
1535407
1535444
1535548
1535891
1535999
1536134
1536197
1536259
1536338
1536456
1536727
1536788
1536857
1536970
1537230
1537243
1537273
1537333
1537375
1537395
1537738
1537766
1537942
1537988
1538198
1538684
1538734
1538750
1539126
1539164
1539218
1539559
1539565
1539737
1539773
1539814
1539964
1540098
1540278
1540290
1540580
1540820
1540959
1540993
1541033
1541040
1541386
1541423
1541469
1541820
1541893
1541916
1542114
1542277
1542504
1542542
1542596
1542711
1542721
1542762
1543021
1543035
1543171
1543357
1543500
1543515
1543604
1543873
1543875
1543894
1543897
1544153
1544174
1544440
1544477
1544515
1544669
1544824
1544921
1544944
1545237
1545370
1545496
1545512
1545655
1545781
1545925
1546043
1546061
1546091
1546138
1546181
1546206
1546348
1546371
1546379
1546496
1547213
1547402
1547946
1548077
1548171
1548258
1548365
1548505
1548516
1548581
1548591
1548653
1548819
1548993
1549042
1549188
1549234
1549371
1549412
1549437
1549442
1549580
1549848
1550076
1550266
1550411
1550783
1550800
1550889
1551021
1551054
1551095
1551233
1551328
1551528
1551556
1551765
1551952
1552145
1552232
1552324
1552657
1552698
1552785
1553168
1553261
1553319
1553426
1553471
1553523
1553595
1553718
1553736
1553845
1553859
1553908
1554024
1554082
1554119
1554195
1554218
1554299
1554400
1554462
1554472
1554489
1554823
1554900
1555013
1555056
1555061
1555245
1555278
1555294
1555441
1555490
1555600
1555756
1555856
1555868
1555949
1555965
1556182
1556185
1556266
1556589
1556674
1556777
1556920
1557003
1557024
1557169
1557344
1557397
1557478
1557492
1557613
1557750
1558032
1558102
1558204
1558298
1558360
1558441
1558599
1559099
1559124
1559187
1559330
1559368
1559395
1559463
1559475
1559733
1559759
1560093
1560204
1560405
1560891
1560903
1561249
1561266
1561374
1561550
1562125
1562129
1562158
1562230
1562309
1562873
1563064
1563254
1563481
1563625
1563710
1563758
1563823
1563842
1563923
1564000
1564127
1564148
1564200
1564236
1564255
1564315
1564394
1564490
1564755
1564798
1565022
1565137
1565171
1565269
1565380
1565622
1565865
1566407
1566434
1566455
1566693
1566742
1566753
1566895
1566935
1567024
1567320
1567497
1567590
1567762
1567767
1568323
1568374
1568442
1568616
1569003
1569152
1569284
1569291
1569501
1569665
1569737
1570005
1570051
1570081
1570736
1570748
1570852
1570908
1571057
1571228
1571245
1571304
1571378
1571721
1571857
1571961
1572036
1572108
1572338
1572662
1572679
1572957
1573042
1573116
1573231
1573242
1573268
1573300
1573345
1573642
1573690
1573886
1573988
1574321
1574468
1574596
1574737
1575262
1575501
1575662
1575775
1575842
1575946
1576056
1576461
1576549
1576567
1576667
1576933
1576995
1577228
1577540
1577712
1577721
1577875
1577974
1578078
1578364
1578379
1578432
1578575
1578723
1578804
1578864
1578882
1579158
1579166
1579244
1579339
1579593
1580135
1580169
1580225
1580455
1580570
1580709
1580765
1580884
1581177
1581224
1581264
1581415
1581470
1581664
1581680
1581802
1581831
1581879
1581894
1581961
1581999
1582228
1582306
1582366
1582927
1582981
1582989
1583009
1583073
1583186
1583370
1583674
1583885
1584004
1584085
1584153
1584408
1584467
1584543
1585092
1585123
1585219
1585329
1585352
1585446
1585448
1585505
1585541
1585575
1586007
1586193
1586263
1586268
1586315
1586384
1586398
1586475
1587151
1587191
1587769
1587815
1587908
1588103
1588181
1588189
1588193
1588260
1588566
1588856
1588935
1588958
1589005
1589284
1589303
1589586
1589675
1589678
1589716
1589756
1589899
1589947
1590035
1590317
1590405
1590562
1590651
1590884
1591292
1591406
1591551
1591707
1591769
1591861
1591946
1592128
1592462
1592555
1592664
1592739
1592799
1592879
1593178
1593204
1593358
1593375
1593953
1594226
1594496
1594649
1594736
1594812
1595125
1595259
1595271
1595517
1595520
1595775
1595871
1595894
1595909
1595936
1596025
1596110
1596194
1596222
1596291
1596403
1596620
1596689
1596720
1597013
1597033
1597133
1597334
1597420
1597605
1597937
1598028
1598076
1598082
1598489
1598535
1598894
1599034
1599103
1599440
1599517
1599547
1599746
1599850
1600086
1600187
1600265
1600293
1600371
1600427
1600728
1600746
1600770
1601116
1601125
1601143
1601220
1601936
1602030
1602487
1602518
1602519
1602523
1602561
1602577
1602704
1602706
1602725
1602997
1603058
1603165
1603406
1603662
1603701
1603713
1603776
1604204
1604285
1604417
1604543
1604737
1604740
1604961
1605090
1605123
1605221
1605260
1605496
1605520
1605569
1605800
1605854
1605874
1605928
1605942
1605996
1606027
1606154
1606296
1606331
1606549
1606613
1606658
1606696
1606991
1607364
1607375
1607435
1607530
1607803
1607886
1607951
1607980
1608138
1608698
1608744
1608844
1608896
1608923
1609176
1609506
1609643
1609823
1609937
1610105
1610118
1610152
1610159
1610746
1610788
1610988
1610996
1611247
1611448
1611613
1611861
1612001
1612015
1612039
1612229
1612231
1612238
1612270
1612320
1612364
1612466
1612597
1612683
1612773
1612810
1612816
1612982
1613054
1613079
1613110
1613325
1613417
1613484
1613491
1613535
1613593
1613734
1613951
1613966
1614040
1614043
1614360
1614409
1614573
1614580
1614704
1614783
1614851
1615087
1615349
1615357
1615718
1615749
1615891
1615904
1615990
1616001
1616238
1616516
1616569
1616574
1616740
1616756
1616833
1617331
1617345
1617472
1617568
1617950
1617962
1618026
1618102
1618515
1618518
1618677
1618770
1618999
1619012
1619127
1619141
1619178
1619215
1619420
1619422
1619642
1619716
1619961
1620137
1620201
1620254
1620301
1620844
1620987
1621021
1621054
1621067
1621159
1621197
1621233
1621490
1621536
1621571
1621642
1621722
1621761
1621776
1621976
1622002
1622006
1622096
1622278
1622299
1622419
1622626
1622743
1623061
1623156
1623158
1623179
1623252
1623342
1623410
1623428
1623673
1623676
1623926
1624019
1624147
1624258
1624359
1624419
1624424
1624455
1624670
1624769
1624933
1625079
1625263
1625392
1625924
1626000
1626135
1626215
1626295
1626351
1626464
1626514
1626619
1626704
1626764
1626822
1626943
1626992
1627100
1627337
1627358
1627595
1627600
1627926
1627986
1628011
1628169
1628535
1628770
1628786
1628788
1628835
1628940
1628952
1629065
1629177
1629854
1629874
1630171
1630228
1630276
1630296
1630332
1630465
1630742
1630862
1631115
1631273
1631402
1631539
1631581
1631693
1631909
1631942
1631962
1631969
1632017
1632069
1632236
1632326
1632392
1632471
1632542
1632553
1632555
1632665
1632835
1632871
1632877
1633000
1633190
1633256
1633398
1633454
1633526
1633559
1633805
1633864
1634103
1634362
1634371
1634437
1634484
1634549
1634668
1634713
1634766
1635011
1635059
1635170
1635257
1635289
1635376
1635392
1635493
1635525
1635631
1635641
1635722
1635786
1635932
1636059
1636101
1636344
1636366
1636396
1636774
1636980
1637012
1637110
1637149
1637477
1637551
1637908
1638046
1638172
1638275
1638297
1638563
1638590
1638647
1638677
1638716
1638721
1638734
1638935
1639022
1639270
1639286
1639410
1639422
1639567
1639863
1640021
1640225
1640302
1640565
1640675
1640678
1640710
1641236
1641259
1641574
1641827
1642072
1642098
1642632
1642990
1643168
1643206
1643315
1643434
1643519
1643786
1644054
1644062
1644298
1644613
1644708
1644725
1644774
1644982
1645128
1645306
1645403
1645872
1645914
1646025
1646035
1646315
1646417
1646515
1646767
1646812
1646862
1647013
1647062
1647114
1647125
1647172
1647319
1647488
1647591
1647664
1647680
1647935
1648029
1648698
1648987
1649196
1649549
1649854
1649925
1649962
1649972
1650009
1650098
1650126
1650366
1650373
1650396
1650531
1650594
1650740
1651033
1651230
1651350
1651357
1651810
1652075
1652103
1652653
1652703
1652742
1652809
1652916
1652943
1652958
1653018
1653026
1653033
1653414
1653443
1653534
1653547
1653700
1654008
1654098
1654390
1654405
1654414
1654508
1654512
1654568
1654583
1654714
1654739
1654851
1654926
1654949
1654994
1655094
1655305
1655322
1655546
1655589
1655680
1655712
1655774
1655934
1655977
1656345
1656358
1656363
1656450
1656592
1656672
1656882
1656909
1657249
1657271
1657392
1657412
1657511
1657625
1657868
1657921
1657952
1658069
1658252
1658286
1658400
1658419
1658495
1658792
1658896
1659039
1659086
1659219
1659312
1659400
1659427
1659567
1659673
1659823
1659898
1659937
1659946
1660049
1660067
1660400
1660669
1660722
1661269
1661475
1661683
1661958
1662008
1662105
1662510
1662612
1662677
1662898
1662950
1663231
1663243
1663257
1663447
1663463
1663717
1663979
1664184
1664228
1664366
1664385
1664507
1664578
1664715
1664894
1665053
1665576
1665678
1665742
1665830
1665846
1665947
1665989
1666210
1666228
1666333
1666352
1666413
1666422
1666585
1666660
1666662
1666855
1667135
1667238
1667247
1667276
1667386
1667402
1667502
1667714
1667808
1667842
1668325
1668390
1668430
1668462
1668509
1668530
1668556
1668936
1668963
1669064
1669075
1669096
1669175
1669242
1669264
1669267
1669451
1669516
1669541
1669772
1670158
1670308
1670532
1670563
1670591
1670798
1670850
1670879
1671031
1671081
1671120
1671133
1671204
1671339
1671694
1671731
1672161
1672211
1672622
1672919
1672955
1673061
1673191
1673336
1673467
1673734
1673788
1673902
1673944
1674398
1674445
1674473
1674497
1674524
1674682
1674791
1675058
1675136
1675254
1675404
1675445
1675642
1676020
1676025
1676071
1676185
1676193
1676309
1676327
1676429
1676470
1676507
1676888
1676952
1677150
1677202
1677270
1677381
1677468
1677642
1677705
1677774
1677788
1677795
1677938
1677940
1678006
1678011
1678120
1678302
1678559
1678566
1678898
1679078
1679121
1679341
1679403
1679503
1679896
1680161
1680233
1680414
1680535
1680687
1680722
1680847
1681080
1681102
1681140
1681237
1681439
1681668
1681697
1681855
1682000
1682046
1682133
1682167
1682239
1682753
1683042
1683055
1683302
1683396
1683431
1683449
1683552
1683873
1684121
1684438
1684475
1684904
1684919
1685065
1685124
1685159
1685240
1685291
1685417
1685510
1685612
1685653
1685690
1685935
1685969
1686297
1686430
1686458
1686471
1686687
1686780
1686833
1686945
1687119
1687267
1687270
1687326
1687409
1687567
1687613
1687716
1687741
1687754
1687832
1687935
1688253
1688292
1688317
1688682
1688896
1688953
1688976
1688993
1689020
1689174
1689207
1689216
1689433
1689528
1689606
1689946
1690227
1690260
1690287
1690325
1690526
1690534
1690575
1690694
1690762
1690766
1690878
1691023
1691232
1691318
1691560
1691844
1691968
1692115
1692248
1692279
1692509
1692561
1692631
1692841
1693077
1693266
1693610
1693723
1693757
1693905
1693981
1694391
1694452
1694537
1694632
1694885
1695010
1695083
1695335
1695349
1695646
1695708
1695714
1695719
1695738
1695829
1696083
1696178
1696184
1696271
1696376
1696549
1696557
1696583
1696617
1696665
1696750
1696801
1696876
1696990
1697074
1697142
1697392
1697765
1697918
1697934
1698460
1698462
1698535
1698579
1698705
1698733
1699135
1699201
1699243
1699308
1699577
1699620
1699992
1700426
1700452
1700514
1700705
1700828
1700987
1701129
1701445
1701637
1701802
1701961
1701986
1702182
1702233
1702361
1702819
1702849
1702991
1703233
1703258
1703331
1703426
1703524
1703667
1704763
1705076
1705136
1705172
1705178
1705434
1705441
1705466
1705527
1705625
1705718
1705747
1705760
1705936
1705972
1706154
1706168
1706363
1706398
1706560
1706731
1706787
1706920
1707423
1707445
1707461
1707620
1707724
1707906
1708297
1708400
1708501
1708645
1708689
1708764
1708769
1708917
1708927
1708954
1709210
1709214
1709240
1709590
1709612
1709956
1710263
1710303
1710324
1710372
1710540
1710616
1710617
1710654
1710659
1710753
1711151
1711213
1711310
1711388
1711506
1711584
1711872
1711879
1711945
1711974
1712245
1712481
1712488
1712789
1712952
1713034
1713076
1713291
1713297
1713349
1713483
1713666
1713700
1714163
1714227
1714347
1714388
1714556
1714585
1714598
1714864
1714884
1714926
1714965
1715138
1715143
1715272
1715463
1716406
1716499
1716706
1716880
1716921
1716934
1717440
1717544
1718046
1718117
1718262
1718417
1718471
1718586
1718610
1718619
1718632
1718725
1718786
1718887
1718957
1719064
1719134
1719147
1719206
1719355
1719380
1719470
1719590
1719639
1719821
1719916
1719955
1719976
1720044
1720202
1720294
1720334
1720394
1720427
1720437
1720489
1720500
1720518
1720537
1720711
1720845
1720925
1720955
1720977
1721198
1721376
1721413
1721655
1721962
1722225
1722626
1722745
1722796
1722832
1723118
1723121
1723373
1723440
1723491
1723673
1723803
1723984
1724098
1724171
1724339
1724565
1724641
1724675
1724727
1724768
1724769
1724819
1724980
1725096
1725373
1725451
1725518
1725601
1725792
1725818
1725850
1725870
1725994
1726179
1726266
1726383
1726480
1726544
1726661
1726761
1726774
1727077
1727208
1727259
1727262
1727367
1727447
1727491
1727757
1727764
1727769
1727948
1728072
1728073
1728131
1728201
1728394
1728444
1728525
1728617
1728664
1728696
1728715
1728720
1728732
1728827
1729328
1729426
1729561
1729631
1729761
1729818
1729904
1730013
1730031
1730063
1730181
1730574
1730609
1730681
1730695
1730797
1730921
1730997
1731023
1731165
1731303
1731411
1731466
1731534
1731554
1731768
1731881
1731901
1732487
1732565
1732678
1732804
1733005
1733097
1733211
1733245
1733320
1733536
1733584
1733691
1733789
1734060
1734194
1734270
1734426
1734938
1735084
1735097
1735187
1735235
1735352
1735354
1735635
1735683
1735824
1735993
1736065
1736454
1736461
1736651
1736887
1737070
1737374
1737419
1737483
1737592
1737734
1737928
1737954
1738568
1738646
1738648
1738702
1739354
1739380
1739388
1739432
1739463
1739480
1739592
1739646
1739783
1739793
1739801
1739803
1739861
1739942
1740044
1740103
1740365
1740379
1740423
1740806
1740963
1740989
1741168
1741188
1741222
1741272
1741450
1741559
1741654
1741668
1741687
1741742
1742008
1742188
1742218
1742405
1742523
1742542
1742614
1742689
1743012
1743815
1743842
1743855
1743909
1744051
1744154
1744252
1744462
1744521
1744531
1744586
1744593
1744706
1744770
1745144
1745223
1745303
1745414
1745420
1745495
1745637
1745759
1745895
1745949
1746020
1746483
1746536
1746551
1746641
1746644
1747227
1747260
1747457
1747498
1747725
1747823
1748119
1748442
1748549
1748558
1748639
1748721
1748837
1749015
1749102
1749343
1749356
1749440
1749545
1750043
1750058
1750146
1750228
1750276
1750287
1750369
1750785
1751111
1751123
1751150
1751156
1751473
1751479
1751544
1751904
1752563
1752767
1752787
1752860
1752875
1752906
1753144
1753405
1753421
1753582
1753664
1753803
1753905
1753912
1754251
1754415
1754503
1754557
1754920
1755319
1755459
1755758
1755828
1755867
1755943
1755982
1756027
1756646
1756720
1757078
1757177
1757480
1757554
1757699
1757736
1757834
1757908
1757946
1758059
1758202
1758238
1758369
1758405
1758587
1758887
1759186
1759232
1759468
1759499
1759541
1759850
1759937
1760138
1760196
1760275
1760911
1760984
1761007
1761054
1761232
1761452
1761530
1761587
1761874
1762148
1762190
1762232
1762304
1762425
1762506
1762565
1762613
1762638
1762676
1762972
1763043
1763072
1763074
1763108
1763183
1763484
1763506
1763672
1763745
1764048
1764200
1764219
1764231
1764284
1764343
1764635
1764751
1764926
1765100
1765199
1765268
1765304
1765488
1765493
1765531
1765573
1765622
1765628
1765670
1765721
1765858
1766034
1766058
1766147
1766397
1766400
1766670
1766704
1766839
1766882
1766909
1767072
1767179
1767335
1767383
1767440
1767626
1767653
1768122
1768232
1768287
1768574
1768973
1769224
1769271
1769301
1769306
1769416
1769510
1769551
1769584
1769608
1769679
1769748
1769834
1770043
1770332
1770334
1770625
1770649
1770655
1770699
1770762
1770980
1771110
1771320
1771399
1771439
1771476
1771642
1771790
1771844
1772015
1772228
1772466
1772575
1772813
1772833
1773181
1773430
1773498
1773571
1773573
1774081
1774338
1774349
1774365
1774524
1774735
1774747
1775179
1775224
1775228
1775283
1775408
1775424
1775919
1776027
1776435
1776840
1776899
1776939
1777028
1777121
1777157
1777286
1777311
1777507
1777514
1777627
1777672
1777712
1777743
1777894
1778003
1778168
1778484
1778582
1778586
1778863
1779296
1779317
1779328
1779378
1779478
1779572
1779665
1779792
1779802
1779883
1780000
1780270
1780310
1780503
1780590
1780743
1780769
1780830
1780894
1781318
1781381
1781393
1781547
1781813
1782429
1782529
1782552
1782605
1782636
1782747
1782784
1782951
1782955
1783052
1783069
1783087
1783373
1783416
1783626
1783630
1783748
1783887
1783947
1784084
1784162
1784219
1784248
1784287
1784308
1784424
1784432
1784558
1784652
1784745
1784749
1784769
1785256
1785413
1785533
1785562
1785694
1785747
1785770
1785826
1785846
1785914
1786004
1786134
1786308
1786326
1786556
1786583
1786678
1787001
1787017
1787181
1787558
1787832
1788041
1788159
1788310
1788422
1788522
1788765
1788801
1788844
1788885
1788924
1789108
1789170
1789278
1789520
1789971
1789993
1790154
1790668
1790893
1791064
1791193
1791364
1791524
1791711
1791799
1791833
1791840
1791972
1792014
1792049
1792151
1792422
1792447
1792466
1792491
1792492
1792518
1792732
1793305
1794008
1794079
1794092
1794109
1794119
1794356
1794378
1794392
1794472
1794664
1794696
1794723
1794973
1795034
1795173
1795206
1795218
1795281
1795356
1795446
1795489
1795572
1795839
1795881
1795974
1796023
1796127
1796167
1796294
1796406
1796456
1796803
1796994
1797053
1797134
1797270
1797333
1797406
1797421
1797496
1797556
1797571
1797598
1797696
1797756
1797763
1797772
1797782
1797995
1798311
1798323
1798486
1798680
1798827
1798851
1798953
1798960
1799067
1799779
1800025
1800585
1800666
1800682
1800957
1801000
1801029
1801130
1801245
1801436
1801540
1801545
1801768
1801838
1801981
1802115
1802254
1802448
1802627
1802966
1803059
1803219
1803418
1803621
1803624
1803781
1804110
1804143
1804197
1804249
1804297
1804463
1804571
1804613
1804626
1804723
1804763
1804957
1805019
1805045
1805061
1805167
1805278
1805435
1805719
1805847
1805915
1806297
1806345
1806404
1806419
1806828
1807107
1807185
1807254
1807324
1807452
1807582
1807597
1807722
1808105
1808309
1808457
1808766
1808825
1809043
1809102
1809264
1809278
1809308
1809326
1809491
1809708
1809742
1810055
1810092
1810177
1810219
1810654
1810761
1810838
1810860
1810962
1810974
1811121
1811260
1811358
1811507
1811817
1811820
1811829
1811845
1811879
1811994
1812028
1812231
1812421
1812464
1812561
1812601
1812631
1812674
1812752
1812825
1812954
1813347
1813426
1813427
1813670
1813713
1813814
1813901
1813990
1814005
1814551
1814615
1814867
1814908
1815211
1815295
1815392
1815455
1815520
1815685
1815698
1815725
1816012
1816013
1816096
1816272
1816488
1816534
1816741
1816841
1816849
1816896
1817096
1817097
1817119
1817178
1817355
1817412
1817432
1817467
1817486
1817562
1817806
1818126
1818161
1818174
1818383
1818430
1818454
1818536
1818630
1818701
1818770
1818811
1818872
1818890
1819013
1819080
1819242
1819283
1819315
1819444
1819488
1819491
1819732
1819753
1819842
1820087
1820360
1820364
1820367
1820376
1820439
1820548
1820554
1820564
1820678
1821064
1821219
1821528
1821767
1821783
1821878
1821987
1822038
1822081
1822401
1822652
1822773
1822796
1822921
1823134
1823178
1823294
1823498
1823597
1823830
1823891
1823904
1823937
1824057
1824104
1824195
1824405
1824560
1824572
1824674
1824805
1824917
1825058
1825077
1825108
1825275
1825303
1825368
1825437
1825670
1825787
1825886
1825915
1826338
1826365
1826451
1826505
1826811
1826893
1826989
1827015
1827041
1827064
1827108
1827120
1827214
1827270
1827439
1827582
1827646
1827747
1827760
1828029
1828077
1828120
1828136
1828308
1828447
1828541
1828656
1828709
1828724
1828792
1828802
1828996
1829363
1829517
1829574
1829655
1829666
1829856
1829867
1830304
1830576
1830640
1830777
1830840
1830996
1831025
1831138
1831279
1831320
1831338
1831467
1831554
1831573
1831623
1831644
1831750
1832344
1832466
1832556
1832583
1832624
1832832
1832835
1832851
1832869
1832900
1832952
1832987
1833846
1834401
1834437
1834457
1834483
1834541
1834705
1834719
1834757
1834772
1834804
1834928
1834935
1835233
1835359
1835426
1835438
1835456
1835537
1835752
1835758
1835796
1835995
1836416
1836457
1836487
1836664
1836824
1836930
1837144
1837174
1837257
1837321
1837483
1837563
1837631
1837835
1837844
1837852
1837968
1837971
1838084
1838197
1838225
1838327
1838374
1838392
1838596
1838659
1838732
1838965
1839026
1839109
1839130
1839132
1839137
1839205
1839436
1839824
1840026
1840277
1840352
1840420
1840615
1840664
1840700
1840703
1840768
1840839
1840860
1840872
1840899
1840927
1841057
1841496
1841634
1841888
1842067
1842096
1842119
1842205
1842659
1842899
1842939
1843097
1843282
1843337
1843453
1843497
1843521
1843587
1843734
1843779
1843946
1844024
1844176
1844337
1844421
1844492
1844665
1844728
1844780
1844951
1845077
1845260
1845337
1845499
1845704
1845930
1845966
1846423
1846659
1846780
1846994
1847076
1847532
1847628
1847670
1847733
1847934
1847938
1847988
1847991
1848050
1848092
1848134
1848293
1848342
1848435
1848477
1848639
1849002
1849462
1849625
1849774
1849834
1850056
1850269
1850318
1850375
1850392
1850441
1850550
1850614
1850823
1851022
1851124
1851332
1851401
1851475
1851716
1851745
1852103
1852134
1852362
1852366
1852510
1852685
1852723
1852737
1852772
1852784
1852813
1852841
1852849
1853021
1853116
1853183
1853345
1853359
1853428
1853542
1853617
1853620
1853654
1853850
1853873
1853992
1854512
1854630
1854642
1854669
1854674
1855160
1855211
1855354
1855381
1855472
1855543
1855605
1855672
1855753
1855864
1856029
1856254
1856649
1856803
1856947
1856979
1856999
1857049
1857087
1857370
1857497
1857728
1857819
1857939
1858129
1858134
1858229
1858662
1858724
1858831
1859210
1859300
1859458
1859660
1859668
1859878
1859939
1860062
1860110
1860221
1860363
1860454
1860466
1860502
1860621
1860841
1861305
1861344
1861921
1861961
1862315
1862357
1862393
1862411
1862467
1862481
1862488
1862531
1862849
1863240
1863325
1863635
1863819
1864005
1864062
1864165
1864200
1864229
1864455
1864489
1864672
1864682
1864915
1865005
1865130
1865159
1865255
1865424
1865449
1865504
1865609
1865866
1865878
1865976
1866538
1866731
1867043
1867067
1867285
1867291
1867444
1867446
1867654
1867670
1867709
1867898
1867965
1868039
1868177
1868198
1868516
1868731
1868747
1868790
1868847
1869138
1869242
1869390
1869513
1869524
1869525
1869570
1869597
1869639
1869675
1869706
1869967
1869973
1870045
1870167
1870290
1870317
1870403
1870574
1870702
1870737
1870795
1870799
1870848
1871012
1871091
1871463
1871489
1871562
1871807
1871971
1872057
1872144
1872212
1872401
1872470
1872603
1872767
1872875
1872899
1872991
1873001
1873029
1873228
1873308
1873347
1873551
1873591
1873726
1873769
1873921
1874045
1874135
1874309
1874438
1874461
1874499
1874724
1874761
1874936
1874960
1875093
1875114
1875317
1875435
1875449
1875555
1875656
1875684
1875709
1876128
1876182
1876207
1876229
1876267
1876327
1876742
1876815
1877064
1877462
1877607
1877734
1877891
1877914
1878090
1878340
1878390
1878816
1878922
1878928
1879026
1879181
1879193
1879316
1879414
1879456
1879781
1879833
1879867
1879941
1880162
1880204
1880404
1880486
1880510
1880614
1880638
1880789
1880870
1880919
1881493
1882008
1882041
1882059
1882597
1882784
1882869
1882892
1883034
1883051
1883128
1883149
1883172
1883199
1883678
1883913
1884030
1884275
1884292
1884344
1884694
1884899
1885006
1885398
1885454
1885689
1885802
1885993
1886069
1886148
1886265
1886679
1886736
1886882
1887227
1887370
1887610
1887888
1887903
1888233
1888575
1888606
1888619
1888848
1889027
1889038
1889047
1889094
1889137
1889148
1889396
1889568
1889641
1890384
1890464
1890474
1890599
1890623
1890662
1890742
1890835
1890940
1890993
1891022
1891223
1891513
1891553
1891632
1891706
1891732
1891828
1891868
1892029
1892157
1892203
1892245
1892431
1892634
1892763
1892778
1892828
1892949
1893126
1893182
1893280
1893314
1893748
1893788
1894086
1894164
1894233
1894261
1894383
1894591
1894962
1895100
1895167
1895170
1895278
1895297
1895333
1895336
1895644
1895686
1896000
1896009
1896102
1896246
1896274
1896428
1896541
1896640
1896645
1896691
1897014
1897120
1897133
1897223
1897380
1897411
1897567
1897571
1897608
1897629
1897642
1897953
1898119
1898265
1898350
1898382
1898605
1898617
1898757
1898841
1898844
1898916
1899168
1899233
1899652
1899700
1899739
1899827
1899998
1900190
1900460
1900635
1900658
1900697
1900727
1900741
1900750
1901008
1901133
1901384
1901511
1901543
1901580
1901817
1901886
1902017
1902295
1902307
1902479
1902540
1902663
1902797
1902850
1903127
1903259
1903293
1903457
1903788
1903846
1903894
1904063
1904425
1904448
1904622
1904656
1904961
1905039
1905093
1905204
1905331
1905420
1905459
1905478
1905958
1905977
1906030
1906274
1906566
1906572
1906896
1907000
1907012
1907029
1907067
1907145
1907168
1907207
1907428
1907450
1907516
1907531
1907849
1907871
1907995
1908093
1908554
1908567
1908601
1908662
1908680
1908849
1909061
1909436
1909496
1909713
1909832
1910058
1910527
1910560
1910780
1910808
1910826
1910915
1910995
1911031
1911304
1911307
1911316
1911489
1911563
1911574
1911794
1911827
1911955
1912086
1912108
1912174
1912347
1912445
1912486
1912610
1912766
1912893
1913116
1913348
1913508
1913716
1913984
1914087
1914222
1914231
1914599
1914622
1914769
1914786
1915003
1915036
1915111
1915126
1915191
1915337
1915392
1915409
1915443
1915545
1915578
1915646
1915660
1915797
1915850
1915908
1916110
1916145
1916286
1916364
1916411
1916426
1916498
1916514
1916613
1916843
1917107
1917331
1917556
1917761
1918296
1918470
1918577
1918986
1919049
1919288
1919312
1919509
1919547
1919577
1919755
1919841
1919896
1920030
1920339
1920566
1920627
1920640
1921013
1921033
1921276
1921495
1921549
1921845
1921884
1922180
1922246
1922472
1922481
1922520
1922588
1922599
1922628
1922669
1922748
1922755
1922927
1923328
1923440
1923522
1923640
1923935
1923960
1924039
1924089
1924203
1924313
1924534
1924746
1924753
1925124
1925288
1925423
1925444
1925538
1925619
1925666
1925984
1926122
1926206
1926238
1926362
1926665
1926689
1927131
1927345
1927395
1927462
1927511
1927566
1927703
1927802
1928144
1928159
1928270
1928443
1928515
1928657
1928672
1928836
1929033
1929066
1929192
1929251
1929277
1929358
1929368
1929721
1929757
1929798
1929917
1930032
1930153
1930542
1930687
1930764
1931174
1931196
1931238
1931360
1931877
1931908
1932139
1932251
1932314
1932370
1932650
1932689
1932744
1932821
1932860
1933078
1933119
1933138
1933152
1933177
1933251
1933286
1933294
1933318
1933433
1933999
1934168
