0.5555555555555556	0.0	81.99798591429452	0.017498513594074283	11.082340297557504	0.018505478306386606
1.6666666666666667	0.0	81.99798591429452	0.017498513594074283	11.082340297557504	0.018505478306386606
2.7777777777777777	0.0	81.99798591429452	0.017498513594074283	11.082340297557504	0.018505478306386606
3.8888888888888893	0.0	81.99798591429452	0.017498513594074283	11.082340297557504	0.018505478306386606
5.0	0.0	81.99798591429452	0.017498513594074283	11.082340297557504	0.018505478306386606
6.111111111111111	0.0	81.99798591429452	0.017498513594074283	11.082340297557504	0.018505478306386606
7.222222222222223	0.0	81.99798591429452	0.017498513594074283	11.082340297557504	0.018505478306386606
8.333333333333334	0.0	81.99798591429452	0.017498513594074283	11.082340297557504	0.018505478306386606
9.444444444444445	0.0	81.99798591429452	0.017498513594074283	11.082340297557504	0.018505478306386606
10.555555555555555	0.0	81.99798591429452	0.017498513594074283	11.082340297557504	0.018505478306386606
11.666666666666668	0.0	81.99798591429452	0.017498513594074283	11.082340297557504	0.018505478306386606
12.777777777777779	0.0	81.99798591429452	0.017498513594074283	11.082340297557504	0.018505478306386606
13.88888888888889	0.0	81.99798591429452	0.017498513594074283	11.082340297557504	0.018505478306386606
15.0	0.0	81.99798591429452	0.017498513594074283	11.082340297557504	0.018505478306386606
16.111111111111114	0.0	81.99798591429452	0.017498513594074283	11.082340297557504	0.018505478306386606
17.22222222222222	0.0	81.99798591429452	0.017498513594074283	11.082340297557504	0.018505478306386606
18.333333333333336	0.0	81.99798591429452	0.017498513594074283	11.082340297557504	0.018505478306386606
19.444444444444443	0.0	81.99798591429452	0.017498513594074283	11.082340297557504	0.018505478306386606
20.555555555555557	0.0	81.99798591429452	0.017498513594074283	11.082340297557504	0.018505478306386606
21.666666666666664	0.0	81.99798591429452	0.017498513594074283	11.082340297557504	0.018505478306386606
22.77777777777778	0.0	81.99798591429452	0.017498513594074283	11.082340297557504	0.018505478306386606
23.888888888888893	0.0	81.99798591429452	0.017498513594074283	11.082340297557504	0.018505478306386606
25.0	0.0	81.99798591429452	0.017498513594074283	11.082340297557504	0.018505478306386606
26.111111111111114	0.0	81.99798591429452	0.017498513594074283	11.082340297557504	0.018505478306386606
27.22222222222222	0.0	81.99798591429452	0.017498513594074283	11.082340297557504	0.018505478306386606
28.333333333333336	0.0	81.99798591429452	0.017498513594074283	11.082340297557504	0.018505478306386606
29.444444444444443	0.0	81.99798591429452	0.017498513594074283	11.082340297557504	0.018505478306386606
30.555555555555557	0.0	81.99798591429452	0.017498513594074283	11.082340297557504	0.018505478306386606
31.666666666666668	0.0	81.99798591429452	0.017498513594074283	11.082340297557504	0.018505478306386606
32.77777777777778	0.0	81.99798591429452	0.017498513594074283	11.082340297557504	0.018505478306386606
33.888888888888886	0.0	81.99798591429452	0.017498513594074283	11.082340297557504	0.018505478306386606
35.0	0.0	81.99798591429452	0.017498513594074283	11.082340297557504	0.018505478306386606
36.111111111111114	1.0	81.99798591429452	0.017498513594074283	11.082340297557504	0.018505478306386606
37.22222222222223	3.0	81.99798591429452	0.017498513594074283	11.082340297557504	0.018505478306386606
38.333333333333336	0.0	81.99798591429452	0.017498513594074283	11.082340297557504	0.018505478306386606
39.44444444444444	2.0	81.99798591429452	0.017498513594074283	11.082340297557504	0.018505478306386606
40.55555555555556	7.0	81.99798591429452	0.017498513594074283	11.082340297557504	0.018505478306386606
41.66666666666667	12.0	81.99798591429452	0.017498513594074283	11.082340297557504	0.018505478306386606
42.77777777777778	11.0	81.99798591429452	0.017498513594074283	11.082340297557504	0.018505478306386606
43.888888888888886	24.0	81.99798591429452	0.017498513594074283	11.082340297557504	0.018505478306386606
45.0	35.0	81.99798591429452	0.017498513594074283	11.082340297557504	0.018505478306386606
46.111111111111114	68.0	81.99798591429452	0.017498513594074283	11.082340297557504	0.018505478306386606
47.22222222222223	77.0	81.99798591429452	0.017498513594074283	11.082340297557504	0.018505478306386606
48.333333333333336	144.0	81.99798591429452	0.017498513594074283	11.082340297557504	0.018505478306386606
49.44444444444444	183.0	81.99798591429452	0.017498513594074283	11.082340297557504	0.018505478306386606
50.55555555555556	264.0	81.99798591429452	0.017498513594074283	11.082340297557504	0.018505478306386606
51.66666666666667	367.0	81.99798591429452	0.017498513594074283	11.082340297557504	0.018505478306386606
52.77777777777778	483.0	81.99798591429452	0.017498513594074283	11.082340297557504	0.018505478306386606
53.88888888888889	693.0	81.99798591429452	0.017498513594074283	11.082340297557504	0.018505478306386606
55.0	970.0	81.99798591429452	0.017498513594074283	11.082340297557504	0.018505478306386606
56.111111111111114	1265.0	81.99798591429452	0.017498513594074283	11.082340297557504	0.018505478306386606
57.22222222222223	1718.0	81.99798591429452	0.017498513594074283	11.082340297557504	0.018505478306386606
58.333333333333336	2134.0	81.99798591429452	0.017498513594074283	11.082340297557504	0.018505478306386606
59.44444444444444	2722.0	81.99798591429452	0.017498513594074283	11.082340297557504	0.018505478306386606
60.55555555555556	3588.0	81.99798591429452	0.017498513594074283	11.082340297557504	0.018505478306386606
61.66666666666667	4266.0	81.99798591429452	0.017498513594074283	11.082340297557504	0.018505478306386606
62.777777777777786	5203.0	81.99798591429452	0.017498513594074283	11.082340297557504	0.018505478306386606
63.888888888888886	6324.0	81.99798591429452	0.017498513594074283	11.082340297557504	0.018505478306386606
65.0	7501.0	81.99798591429452	0.017498513594074283	11.082340297557504	0.018505478306386606
66.11111111111111	9019.0	81.99798591429452	0.017498513594074283	11.082340297557504	0.018505478306386606
67.22222222222223	10386.0	81.99798591429452	0.017498513594074283	11.082340297557504	0.018505478306386606
68.33333333333334	11810.0	81.99798591429452	0.017498513594074283	11.082340297557504	0.018505478306386606
69.44444444444444	13701.0	81.99798591429452	0.017498513594074283	11.082340297557504	0.018505478306386606
70.55555555555556	15142.0	81.99798591429452	0.017498513594074283	11.082340297557504	0.018505478306386606
71.66666666666667	16660.0	81.99798591429452	0.017498513594074283	11.082340297557504	0.018505478306386606	16363.816690617636	2.3153586793022773	64	82
72.77777777777779	18448.0	81.99798591429452	0.017498513594074283	11.082340297557504	0.018505478306386606	17876.944804280705	4.271018353341151	64	82
73.88888888888889	19834.0	81.99798591429452	0.017498513594074283	11.082340297557504	0.018505478306386606	19334.656872981905	3.591127643506567	64	82
75.0	21348.0	81.99798591429452	0.017498513594074283	11.082340297557504	0.018505478306386606	20702.086343985964	4.489184024756314	64	82
76.11111111111111	22402.0	81.99798591429452	0.017498513594074283	11.082340297557504	0.018505478306386606	21944.5277176193	3.0881733201115136	64	82
77.22222222222223	23461.0	81.99798591429452	0.017498513594074283	11.082340297557504	0.018505478306386606	23028.88112736985	2.847520211611072	64	82
78.33333333333334	24243.0	81.99798591429452	0.017498513594074283	11.082340297557504	0.018505478306386606	23925.10839009184	2.0551906183576567	64	82
79.44444444444444	24922.0	81.99798591429452	0.017498513594074283	11.082340297557504	0.018505478306386606	24607.611774077155	2.0041560763779094	64	82
80.55555555555556	25159.0	81.99798591429452	0.017498513594074283	11.082340297557504	0.018505478306386606	25056.4474219777	0.6478684552602757	64	82
81.66666666666667	25388.0	81.99798591429452	0.017498513594074283	11.082340297557504	0.018505478306386606	25258.293240486742	0.8161323802451781	64	82
82.77777777777779	24951.0	81.99798591429452	0.017498513594074283	11.082340297557504	0.018505478306386606	25207.10572766302	-1.6130870321233142	64	82
83.88888888888889	24531.0	81.99798591429452	0.017498513594074283	11.082340297557504	0.018505478306386606	24904.420551715546	-2.366246559509549	64	82
85.0	24238.0	81.99798591429452	0.017498513594074283	11.082340297557504	0.018505478306386606	24359.27602141134	-0.777038885379453	64	82
86.11111111111111	23023.0	81.99798591429452	0.017498513594074283	11.082340297557504	0.018505478306386606	23587.764769706555	-3.6772588626503073	64	82
87.22222222222223	22117.0	81.99798591429452	0.017498513594074283	11.082340297557504	0.018505478306386606	22612.244679445514	-3.2934265359940142	64	82
88.33333333333334	20705.0	81.99798591429452	0.017498513594074283	11.082340297557504	0.018505478306386606	21460.263035210446	-5.155617737764724	64	82
89.44444444444444	19674.0	81.99798591429452	0.017498513594074283	11.082340297557504	0.018505478306386606	20163.26610815532	-3.4455986767478874	64	82
90.55555555555556	18253.0	81.99798591429452	0.017498513594074283	11.082340297557504	0.018505478306386606	18755.17839579756	-3.6668861428837203	64	82
91.66666666666667	16789.0	81.99798591429452	0.017498513594074283	11.082340297557504	0.018505478306386606
92.77777777777779	15380.0	81.99798591429452	0.017498513594074283	11.082340297557504	0.018505478306386606
93.88888888888889	13947.0	81.99798591429452	0.017498513594074283	11.082340297557504	0.018505478306386606
95.0	12947.0	81.99798591429452	0.017498513594074283	11.082340297557504	0.018505478306386606
96.11111111111111	11414.0	81.99798591429452	0.017498513594074283	11.082340297557504	0.018505478306386606
97.22222222222223	10020.0	81.99798591429452	0.017498513594074283	11.082340297557504	0.018505478306386606
98.33333333333334	9060.0	81.99798591429452	0.017498513594074283	11.082340297557504	0.018505478306386606
99.44444444444446	7745.0	81.99798591429452	0.017498513594074283	11.082340297557504	0.018505478306386606
100.55555555555556	6759.0	81.99798591429452	0.017498513594074283	11.082340297557504	0.018505478306386606
101.66666666666667	5916.0	81.99798591429452	0.017498513594074283	11.082340297557504	0.018505478306386606
102.77777777777779	5185.0	81.99798591429452	0.017498513594074283	11.082340297557504	0.018505478306386606
103.88888888888889	4579.0	81.99798591429452	0.017498513594074283	11.082340297557504	0.018505478306386606
105.0	3887.0	81.99798591429452	0.017498513594074283	11.082340297557504	0.018505478306386606
106.11111111111111	3281.0	81.99798591429452	0.017498513594074283	11.082340297557504	0.018505478306386606
107.22222222222223	2820.0	81.99798591429452	0.017498513594074283	11.082340297557504	0.018505478306386606
108.33333333333334	2412.0	81.99798591429452	0.017498513594074283	11.082340297557504	0.018505478306386606
109.44444444444446	2063.0	81.99798591429452	0.017498513594074283	11.082340297557504	0.018505478306386606
110.55555555555556	1745.0	81.99798591429452	0.017498513594074283	11.082340297557504	0.018505478306386606
111.66666666666667	1463.0	81.99798591429452	0.017498513594074283	11.082340297557504	0.018505478306386606
112.77777777777779	1232.0	81.99798591429452	0.017498513594074283	11.082340297557504	0.018505478306386606
113.88888888888889	988.0	81.99798591429452	0.017498513594074283	11.082340297557504	0.018505478306386606
115.0	887.0	81.99798591429452	0.017498513594074283	11.082340297557504	0.018505478306386606
116.11111111111111	773.0	81.99798591429452	0.017498513594074283	11.082340297557504	0.018505478306386606
117.22222222222223	597.0	81.99798591429452	0.017498513594074283	11.082340297557504	0.018505478306386606
118.33333333333334	537.0	81.99798591429452	0.017498513594074283	11.082340297557504	0.018505478306386606
119.44444444444446	484.0	81.99798591429452	0.017498513594074283	11.082340297557504	0.018505478306386606
120.55555555555556	394.0	81.99798591429452	0.017498513594074283	11.082340297557504	0.018505478306386606
121.66666666666667	296.0	81.99798591429452	0.017498513594074283	11.082340297557504	0.018505478306386606
122.77777777777779	266.0	81.99798591429452	0.017498513594074283	11.082340297557504	0.018505478306386606
123.8888888888889	240.0	81.99798591429452	0.017498513594074283	11.082340297557504	0.018505478306386606
125.0	200.0	81.99798591429452	0.017498513594074283	11.082340297557504	0.018505478306386606
126.11111111111111	170.0	81.99798591429452	0.017498513594074283	11.082340297557504	0.018505478306386606
127.22222222222223	121.0	81.99798591429452	0.017498513594074283	11.082340297557504	0.018505478306386606
128.33333333333334	114.0	81.99798591429452	0.017498513594074283	11.082340297557504	0.018505478306386606
129.44444444444446	87.0	81.99798591429452	0.017498513594074283	11.082340297557504	0.018505478306386606
130.55555555555554	73.0	81.99798591429452	0.017498513594074283	11.082340297557504	0.018505478306386606
131.66666666666669	59.0	81.99798591429452	0.017498513594074283	11.082340297557504	0.018505478306386606
132.77777777777777	44.0	81.99798591429452	0.017498513594074283	11.082340297557504	0.018505478306386606
133.8888888888889	52.0	81.99798591429452	0.017498513594074283	11.082340297557504	0.018505478306386606
135.0	39.0	81.99798591429452	0.017498513594074283	11.082340297557504	0.018505478306386606
136.11111111111114	25.0	81.99798591429452	0.017498513594074283	11.082340297557504	0.018505478306386606
137.22222222222223	23.0	81.99798591429452	0.017498513594074283	11.082340297557504	0.018505478306386606
138.33333333333331	28.0	81.99798591429452	0.017498513594074283	11.082340297557504	0.018505478306386606
139.44444444444446	24.0	81.99798591429452	0.017498513594074283	11.082340297557504	0.018505478306386606
140.55555555555554	14.0	81.99798591429452	0.017498513594074283	11.082340297557504	0.018505478306386606
141.66666666666669	17.0	81.99798591429452	0.017498513594074283	11.082340297557504	0.018505478306386606
142.77777777777777	12.0	81.99798591429452	0.017498513594074283	11.082340297557504	0.018505478306386606
143.8888888888889	8.0	81.99798591429452	0.017498513594074283	11.082340297557504	0.018505478306386606
145.0	3.0	81.99798591429452	0.017498513594074283	11.082340297557504	0.018505478306386606
146.11111111111114	8.0	81.99798591429452	0.017498513594074283	11.082340297557504	0.018505478306386606
147.22222222222223	4.0	81.99798591429452	0.017498513594074283	11.082340297557504	0.018505478306386606
148.33333333333331	2.0	81.99798591429452	0.017498513594074283	11.082340297557504	0.018505478306386606
149.44444444444446	4.0	81.99798591429452	0.017498513594074283	11.082340297557504	0.018505478306386606
150.55555555555554	4.0	81.99798591429452	0.017498513594074283	11.082340297557504	0.018505478306386606
151.66666666666669	1.0	81.99798591429452	0.017498513594074283	11.082340297557504	0.018505478306386606
152.77777777777777	6.0	81.99798591429452	0.017498513594074283	11.082340297557504	0.018505478306386606
153.8888888888889	5.0	81.99798591429452	0.017498513594074283	11.082340297557504	0.018505478306386606
155.0	3.0	81.99798591429452	0.017498513594074283	11.082340297557504	0.018505478306386606
156.11111111111114	1.0	81.99798591429452	0.017498513594074283	11.082340297557504	0.018505478306386606
157.22222222222223	1.0	81.99798591429452	0.017498513594074283	11.082340297557504	0.018505478306386606
158.33333333333331	0.0	81.99798591429452	0.017498513594074283	11.082340297557504	0.018505478306386606
159.44444444444446	4.0	81.99798591429452	0.017498513594074283	11.082340297557504	0.018505478306386606
160.55555555555554	0.0	81.99798591429452	0.017498513594074283	11.082340297557504	0.018505478306386606
161.66666666666669	1.0	81.99798591429452	0.017498513594074283	11.082340297557504	0.018505478306386606
162.77777777777777	1.0	81.99798591429452	0.017498513594074283	11.082340297557504	0.018505478306386606
163.8888888888889	0.0	81.99798591429452	0.017498513594074283	11.082340297557504	0.018505478306386606
165.0	0.0	81.99798591429452	0.017498513594074283	11.082340297557504	0.018505478306386606
166.11111111111114	1.0	81.99798591429452	0.017498513594074283	11.082340297557504	0.018505478306386606
167.22222222222223	0.0	81.99798591429452	0.017498513594074283	11.082340297557504	0.018505478306386606
168.33333333333331	0.0	81.99798591429452	0.017498513594074283	11.082340297557504	0.018505478306386606
169.44444444444446	1.0	81.99798591429452	0.017498513594074283	11.082340297557504	0.018505478306386606
170.55555555555554	0.0	81.99798591429452	0.017498513594074283	11.082340297557504	0.018505478306386606
171.66666666666669	0.0	81.99798591429452	0.017498513594074283	11.082340297557504	0.018505478306386606
172.77777777777777	1.0	81.99798591429452	0.017498513594074283	11.082340297557504	0.018505478306386606
173.8888888888889	0.0	81.99798591429452	0.017498513594074283	11.082340297557504	0.018505478306386606
175.0	0.0	81.99798591429452	0.017498513594074283	11.082340297557504	0.018505478306386606
176.11111111111114	0.0	81.99798591429452	0.017498513594074283	11.082340297557504	0.018505478306386606
177.22222222222223	1.0	81.99798591429452	0.017498513594074283	11.082340297557504	0.018505478306386606
178.33333333333331	1.0	81.99798591429452	0.017498513594074283	11.082340297557504	0.018505478306386606
179.44444444444446	1.0	81.99798591429452	0.017498513594074283	11.082340297557504	0.018505478306386606
180.55555555555554	0.0	81.99798591429452	0.017498513594074283	11.082340297557504	0.018505478306386606
181.66666666666669	1.0	81.99798591429452	0.017498513594074283	11.082340297557504	0.018505478306386606
182.77777777777777	0.0	81.99798591429452	0.017498513594074283	11.082340297557504	0.018505478306386606
183.8888888888889	0.0	81.99798591429452	0.017498513594074283	11.082340297557504	0.018505478306386606
185.0	1.0	81.99798591429452	0.017498513594074283	11.082340297557504	0.018505478306386606
186.11111111111114	0.0	81.99798591429452	0.017498513594074283	11.082340297557504	0.018505478306386606
187.22222222222223	0.0	81.99798591429452	0.017498513594074283	11.082340297557504	0.018505478306386606
188.33333333333334	0.0	81.99798591429452	0.017498513594074283	11.082340297557504	0.018505478306386606
189.44444444444446	0.0	81.99798591429452	0.017498513594074283	11.082340297557504	0.018505478306386606
190.55555555555554	0.0	81.99798591429452	0.017498513594074283	11.082340297557504	0.018505478306386606
191.66666666666669	0.0	81.99798591429452	0.017498513594074283	11.082340297557504	0.018505478306386606
192.77777777777777	0.0	81.99798591429452	0.017498513594074283	11.082340297557504	0.018505478306386606
193.8888888888889	1.0	81.99798591429452	0.017498513594074283	11.082340297557504	0.018505478306386606
195.0	0.0	81.99798591429452	0.017498513594074283	11.082340297557504	0.018505478306386606
196.11111111111114	0.0	81.99798591429452	0.017498513594074283	11.082340297557504	0.018505478306386606
197.22222222222223	0.0	81.99798591429452	0.017498513594074283	11.082340297557504	0.018505478306386606
198.33333333333334	0.0	81.99798591429452	0.017498513594074283	11.082340297557504	0.018505478306386606
199.44444444444446	0.0	81.99798591429452	0.017498513594074283	11.082340297557504	0.018505478306386606
