0.5555555555555556	0.0	37.43562727049608	0.009349703483484998	8.417608125331887	0.007801643781827091
1.6666666666666667	0.0	37.43562727049608	0.009349703483484998	8.417608125331887	0.007801643781827091
2.7777777777777777	2.0	37.43562727049608	0.009349703483484998	8.417608125331887	0.007801643781827091
3.8888888888888893	2.0	37.43562727049608	0.009349703483484998	8.417608125331887	0.007801643781827091
5.0	5.0	37.43562727049608	0.009349703483484998	8.417608125331887	0.007801643781827091
6.111111111111111	10.0	37.43562727049608	0.009349703483484998	8.417608125331887	0.007801643781827091
7.222222222222223	29.0	37.43562727049608	0.009349703483484998	8.417608125331887	0.007801643781827091
8.333333333333334	38.0	37.43562727049608	0.009349703483484998	8.417608125331887	0.007801643781827091
9.444444444444445	60.0	37.43562727049608	0.009349703483484998	8.417608125331887	0.007801643781827091
10.555555555555555	152.0	37.43562727049608	0.009349703483484998	8.417608125331887	0.007801643781827091
11.666666666666668	220.0	37.43562727049608	0.009349703483484998	8.417608125331887	0.007801643781827091
12.777777777777779	408.0	37.43562727049608	0.009349703483484998	8.417608125331887	0.007801643781827091
13.88888888888889	628.0	37.43562727049608	0.009349703483484998	8.417608125331887	0.007801643781827091
15.0	957.0	37.43562727049608	0.009349703483484998	8.417608125331887	0.007801643781827091
16.111111111111114	1549.0	37.43562727049608	0.009349703483484998	8.417608125331887	0.007801643781827091
17.22222222222222	2218.0	37.43562727049608	0.009349703483484998	8.417608125331887	0.007801643781827091
18.333333333333336	3222.0	37.43562727049608	0.009349703483484998	8.417608125331887	0.007801643781827091
19.444444444444443	4502.0	37.43562727049608	0.009349703483484998	8.417608125331887	0.007801643781827091
20.555555555555557	6392.0	37.43562727049608	0.009349703483484998	8.417608125331887	0.007801643781827091
21.666666666666664	8597.0	37.43562727049608	0.009349703483484998	8.417608125331887	0.007801643781827091
22.77777777777778	10988.0	37.43562727049608	0.009349703483484998	8.417608125331887	0.007801643781827091
23.888888888888893	14055.0	37.43562727049608	0.009349703483484998	8.417608125331887	0.007801643781827091
25.0	17623.0	37.43562727049608	0.009349703483484998	8.417608125331887	0.007801643781827091
26.111111111111114	21834.0	37.43562727049608	0.009349703483484998	8.417608125331887	0.007801643781827091
27.22222222222222	25782.0	37.43562727049608	0.009349703483484998	8.417608125331887	0.007801643781827091	24619.364118752696	7.409779871667174	24	42
28.333333333333336	30155.0	37.43562727049608	0.009349703483484998	8.417608125331887	0.007801643781827091	28645.038082041636	8.921570101510444	24	42
29.444444444444443	34533.0	37.43562727049608	0.009349703483484998	8.417608125331887	0.007801643781827091	32753.295887473603	9.833775734926926	24	42
30.555555555555557	38755.0	37.43562727049608	0.009349703483484998	8.417608125331887	0.007801643781827091	36803.88333723001	10.170362090407215	24	42
31.666666666666668	42537.0	37.43562727049608	0.009349703483484998	8.417608125331887	0.007801643781827091	40641.08692545642	9.404501159778784	24	42
32.77777777777778	45474.0	37.43562727049608	0.009349703483484998	8.417608125331887	0.007801643781827091	44103.19125761087	6.527424506656825	24	42
33.888888888888886	48749.0	37.43562727049608	0.009349703483484998	8.417608125331887	0.007801643781827091	47033.548857806636	7.909963488551899	24	42
35.0	50322.0	37.43562727049608	0.009349703483484998	8.417608125331887	0.007801643781827091	49292.23551100078	4.6381912673084775	24	42
36.111111111111114	50693.0	37.43562727049608	0.009349703483484998	8.417608125331887	0.007801643781827091	50767.094980003676	-0.3288498353982872	24	42
37.22222222222223	50964.0	37.43562727049608	0.009349703483484998	8.417608125331887	0.007801643781827091	51382.962828503434	-1.8482721583109234	24	42
38.333333333333336	50547.0	37.43562727049608	0.009349703483484998	8.417608125331887	0.007801643781827091	51108.01400459134	-2.4815852556832643	24	42
39.44444444444444	48715.0	37.43562727049608	0.009349703483484998	8.417608125331887	0.007801643781827091	49956.488034479706	-5.55452068386839	24	42
40.55555555555556	45967.0	37.43562727049608	0.009349703483484998	8.417608125331887	0.007801643781827091	47987.466993305454	-9.223332112210224	24	42
41.66666666666667	43399.0	37.43562727049608	0.009349703483484998	8.417608125331887	0.007801643781827091	45299.85223457727	-8.930997442457988	24	42
42.77777777777778	40173.0	37.43562727049608	0.009349703483484998	8.417608125331887	0.007801643781827091	42024.13438141761	-9.03001681108651	24	42
43.888888888888886	36713.0	37.43562727049608	0.009349703483484998	8.417608125331887	0.007801643781827091	38311.90965799179	-8.168776726565868	24	42
45.0	32712.0	37.43562727049608	0.009349703483484998	8.417608125331887	0.007801643781827091	34324.31315335174	-8.702588915582364	24	42
46.111111111111114	29107.0	37.43562727049608	0.009349703483484998	8.417608125331887	0.007801643781827091	30220.590313127734	-6.405808815202845	24	42
47.22222222222223	25146.0	37.43562727049608	0.009349703483484998	8.417608125331887	0.007801643781827091
48.333333333333336	22005.0	37.43562727049608	0.009349703483484998	8.417608125331887	0.007801643781827091
49.44444444444444	18645.0	37.43562727049608	0.009349703483484998	8.417608125331887	0.007801643781827091
50.55555555555556	15907.0	37.43562727049608	0.009349703483484998	8.417608125331887	0.007801643781827091
51.66666666666667	13290.0	37.43562727049608	0.009349703483484998	8.417608125331887	0.007801643781827091
52.77777777777778	11120.0	37.43562727049608	0.009349703483484998	8.417608125331887	0.007801643781827091
53.88888888888889	9127.0	37.43562727049608	0.009349703483484998	8.417608125331887	0.007801643781827091
55.0	7470.0	37.43562727049608	0.009349703483484998	8.417608125331887	0.007801643781827091
56.111111111111114	6249.0	37.43562727049608	0.009349703483484998	8.417608125331887	0.007801643781827091
57.22222222222223	5121.0	37.43562727049608	0.009349703483484998	8.417608125331887	0.007801643781827091
58.333333333333336	4092.0	37.43562727049608	0.009349703483484998	8.417608125331887	0.007801643781827091
59.44444444444444	3304.0	37.43562727049608	0.009349703483484998	8.417608125331887	0.007801643781827091
60.55555555555556	2745.0	37.43562727049608	0.009349703483484998	8.417608125331887	0.007801643781827091
61.66666666666667	2205.0	37.43562727049608	0.009349703483484998	8.417608125331887	0.007801643781827091
62.777777777777786	1876.0	37.43562727049608	0.009349703483484998	8.417608125331887	0.007801643781827091
63.888888888888886	1517.0	37.43562727049608	0.009349703483484998	8.417608125331887	0.007801643781827091
65.0	1291.0	37.43562727049608	0.009349703483484998	8.417608125331887	0.007801643781827091
66.11111111111111	1141.0	37.43562727049608	0.009349703483484998	8.417608125331887	0.007801643781827091
67.22222222222223	866.0	37.43562727049608	0.009349703483484998	8.417608125331887	0.007801643781827091
68.33333333333334	767.0	37.43562727049608	0.009349703483484998	8.417608125331887	0.007801643781827091
69.44444444444444	612.0	37.43562727049608	0.009349703483484998	8.417608125331887	0.007801643781827091
70.55555555555556	507.0	37.43562727049608	0.009349703483484998	8.417608125331887	0.007801643781827091
71.66666666666667	428.0	37.43562727049608	0.009349703483484998	8.417608125331887	0.007801643781827091
72.77777777777779	345.0	37.43562727049608	0.009349703483484998	8.417608125331887	0.007801643781827091
73.88888888888889	327.0	37.43562727049608	0.009349703483484998	8.417608125331887	0.007801643781827091
75.0	249.0	37.43562727049608	0.009349703483484998	8.417608125331887	0.007801643781827091
76.11111111111111	189.0	37.43562727049608	0.009349703483484998	8.417608125331887	0.007801643781827091
77.22222222222223	207.0	37.43562727049608	0.009349703483484998	8.417608125331887	0.007801643781827091
78.33333333333334	169.0	37.43562727049608	0.009349703483484998	8.417608125331887	0.007801643781827091
79.44444444444444	126.0	37.43562727049608	0.009349703483484998	8.417608125331887	0.007801643781827091
80.55555555555556	103.0	37.43562727049608	0.009349703483484998	8.417608125331887	0.007801643781827091
81.66666666666667	96.0	37.43562727049608	0.009349703483484998	8.417608125331887	0.007801643781827091
82.77777777777779	88.0	37.43562727049608	0.009349703483484998	8.417608125331887	0.007801643781827091
83.88888888888889	67.0	37.43562727049608	0.009349703483484998	8.417608125331887	0.007801643781827091
85.0	64.0	37.43562727049608	0.009349703483484998	8.417608125331887	0.007801643781827091
86.11111111111111	57.0	37.43562727049608	0.009349703483484998	8.417608125331887	0.007801643781827091
87.22222222222223	41.0	37.43562727049608	0.009349703483484998	8.417608125331887	0.007801643781827091
88.33333333333334	33.0	37.43562727049608	0.009349703483484998	8.417608125331887	0.007801643781827091
89.44444444444444	45.0	37.43562727049608	0.009349703483484998	8.417608125331887	0.007801643781827091
90.55555555555556	30.0	37.43562727049608	0.009349703483484998	8.417608125331887	0.007801643781827091
91.66666666666667	18.0	37.43562727049608	0.009349703483484998	8.417608125331887	0.007801643781827091
92.77777777777779	30.0	37.43562727049608	0.009349703483484998	8.417608125331887	0.007801643781827091
93.88888888888889	22.0	37.43562727049608	0.009349703483484998	8.417608125331887	0.007801643781827091
95.0	18.0	37.43562727049608	0.009349703483484998	8.417608125331887	0.007801643781827091
96.11111111111111	18.0	37.43562727049608	0.009349703483484998	8.417608125331887	0.007801643781827091
97.22222222222223	9.0	37.43562727049608	0.009349703483484998	8.417608125331887	0.007801643781827091
98.33333333333334	16.0	37.43562727049608	0.009349703483484998	8.417608125331887	0.007801643781827091
99.44444444444446	10.0	37.43562727049608	0.009349703483484998	8.417608125331887	0.007801643781827091
100.55555555555556	13.0	37.43562727049608	0.009349703483484998	8.417608125331887	0.007801643781827091
101.66666666666667	4.0	37.43562727049608	0.009349703483484998	8.417608125331887	0.007801643781827091
102.77777777777779	10.0	37.43562727049608	0.009349703483484998	8.417608125331887	0.007801643781827091
103.88888888888889	11.0	37.43562727049608	0.009349703483484998	8.417608125331887	0.007801643781827091
105.0	6.0	37.43562727049608	0.009349703483484998	8.417608125331887	0.007801643781827091
106.11111111111111	14.0	37.43562727049608	0.009349703483484998	8.417608125331887	0.007801643781827091
107.22222222222223	11.0	37.43562727049608	0.009349703483484998	8.417608125331887	0.007801643781827091
108.33333333333334	16.0	37.43562727049608	0.009349703483484998	8.417608125331887	0.007801643781827091
109.44444444444446	8.0	37.43562727049608	0.009349703483484998	8.417608125331887	0.007801643781827091
110.55555555555556	7.0	37.43562727049608	0.009349703483484998	8.417608125331887	0.007801643781827091
111.66666666666667	11.0	37.43562727049608	0.009349703483484998	8.417608125331887	0.007801643781827091
112.77777777777779	13.0	37.43562727049608	0.009349703483484998	8.417608125331887	0.007801643781827091
113.88888888888889	6.0	37.43562727049608	0.009349703483484998	8.417608125331887	0.007801643781827091
115.0	2.0	37.43562727049608	0.009349703483484998	8.417608125331887	0.007801643781827091
116.11111111111111	11.0	37.43562727049608	0.009349703483484998	8.417608125331887	0.007801643781827091
117.22222222222223	5.0	37.43562727049608	0.009349703483484998	8.417608125331887	0.007801643781827091
118.33333333333334	10.0	37.43562727049608	0.009349703483484998	8.417608125331887	0.007801643781827091
119.44444444444446	7.0	37.43562727049608	0.009349703483484998	8.417608125331887	0.007801643781827091
120.55555555555556	7.0	37.43562727049608	0.009349703483484998	8.417608125331887	0.007801643781827091
121.66666666666667	3.0	37.43562727049608	0.009349703483484998	8.417608125331887	0.007801643781827091
122.77777777777779	5.0	37.43562727049608	0.009349703483484998	8.417608125331887	0.007801643781827091
123.8888888888889	2.0	37.43562727049608	0.009349703483484998	8.417608125331887	0.007801643781827091
125.0	2.0	37.43562727049608	0.009349703483484998	8.417608125331887	0.007801643781827091
126.11111111111111	7.0	37.43562727049608	0.009349703483484998	8.417608125331887	0.007801643781827091
127.22222222222223	6.0	37.43562727049608	0.009349703483484998	8.417608125331887	0.007801643781827091
128.33333333333334	6.0	37.43562727049608	0.009349703483484998	8.417608125331887	0.007801643781827091
129.44444444444446	4.0	37.43562727049608	0.009349703483484998	8.417608125331887	0.007801643781827091
130.55555555555554	2.0	37.43562727049608	0.009349703483484998	8.417608125331887	0.007801643781827091
131.66666666666669	2.0	37.43562727049608	0.009349703483484998	8.417608125331887	0.007801643781827091
132.77777777777777	5.0	37.43562727049608	0.009349703483484998	8.417608125331887	0.007801643781827091
133.8888888888889	2.0	37.43562727049608	0.009349703483484998	8.417608125331887	0.007801643781827091
135.0	2.0	37.43562727049608	0.009349703483484998	8.417608125331887	0.007801643781827091
136.11111111111114	4.0	37.43562727049608	0.009349703483484998	8.417608125331887	0.007801643781827091
137.22222222222223	7.0	37.43562727049608	0.009349703483484998	8.417608125331887	0.007801643781827091
138.33333333333331	6.0	37.43562727049608	0.009349703483484998	8.417608125331887	0.007801643781827091
139.44444444444446	1.0	37.43562727049608	0.009349703483484998	8.417608125331887	0.007801643781827091
140.55555555555554	4.0	37.43562727049608	0.009349703483484998	8.417608125331887	0.007801643781827091
141.66666666666669	8.0	37.43562727049608	0.009349703483484998	8.417608125331887	0.007801643781827091
142.77777777777777	4.0	37.43562727049608	0.009349703483484998	8.417608125331887	0.007801643781827091
143.8888888888889	2.0	37.43562727049608	0.009349703483484998	8.417608125331887	0.007801643781827091
145.0	8.0	37.43562727049608	0.009349703483484998	8.417608125331887	0.007801643781827091
146.11111111111114	7.0	37.43562727049608	0.009349703483484998	8.417608125331887	0.007801643781827091
147.22222222222223	2.0	37.43562727049608	0.009349703483484998	8.417608125331887	0.007801643781827091
148.33333333333331	6.0	37.43562727049608	0.009349703483484998	8.417608125331887	0.007801643781827091
149.44444444444446	4.0	37.43562727049608	0.009349703483484998	8.417608125331887	0.007801643781827091
150.55555555555554	2.0	37.43562727049608	0.009349703483484998	8.417608125331887	0.007801643781827091
151.66666666666669	6.0	37.43562727049608	0.009349703483484998	8.417608125331887	0.007801643781827091
152.77777777777777	2.0	37.43562727049608	0.009349703483484998	8.417608125331887	0.007801643781827091
153.8888888888889	2.0	37.43562727049608	0.009349703483484998	8.417608125331887	0.007801643781827091
155.0	2.0	37.43562727049608	0.009349703483484998	8.417608125331887	0.007801643781827091
156.11111111111114	8.0	37.43562727049608	0.009349703483484998	8.417608125331887	0.007801643781827091
157.22222222222223	4.0	37.43562727049608	0.009349703483484998	8.417608125331887	0.007801643781827091
158.33333333333331	2.0	37.43562727049608	0.009349703483484998	8.417608125331887	0.007801643781827091
159.44444444444446	4.0	37.43562727049608	0.009349703483484998	8.417608125331887	0.007801643781827091
160.55555555555554	5.0	37.43562727049608	0.009349703483484998	8.417608125331887	0.007801643781827091
161.66666666666669	0.0	37.43562727049608	0.009349703483484998	8.417608125331887	0.007801643781827091
162.77777777777777	4.0	37.43562727049608	0.009349703483484998	8.417608125331887	0.007801643781827091
163.8888888888889	1.0	37.43562727049608	0.009349703483484998	8.417608125331887	0.007801643781827091
165.0	7.0	37.43562727049608	0.009349703483484998	8.417608125331887	0.007801643781827091
166.11111111111114	1.0	37.43562727049608	0.009349703483484998	8.417608125331887	0.007801643781827091
167.22222222222223	2.0	37.43562727049608	0.009349703483484998	8.417608125331887	0.007801643781827091
168.33333333333331	6.0	37.43562727049608	0.009349703483484998	8.417608125331887	0.007801643781827091
169.44444444444446	5.0	37.43562727049608	0.009349703483484998	8.417608125331887	0.007801643781827091
170.55555555555554	0.0	37.43562727049608	0.009349703483484998	8.417608125331887	0.007801643781827091
171.66666666666669	0.0	37.43562727049608	0.009349703483484998	8.417608125331887	0.007801643781827091
172.77777777777777	6.0	37.43562727049608	0.009349703483484998	8.417608125331887	0.007801643781827091
173.8888888888889	2.0	37.43562727049608	0.009349703483484998	8.417608125331887	0.007801643781827091
175.0	4.0	37.43562727049608	0.009349703483484998	8.417608125331887	0.007801643781827091
176.11111111111114	1.0	37.43562727049608	0.009349703483484998	8.417608125331887	0.007801643781827091
177.22222222222223	3.0	37.43562727049608	0.009349703483484998	8.417608125331887	0.007801643781827091
178.33333333333331	0.0	37.43562727049608	0.009349703483484998	8.417608125331887	0.007801643781827091
179.44444444444446	0.0	37.43562727049608	0.009349703483484998	8.417608125331887	0.007801643781827091
180.55555555555554	2.0	37.43562727049608	0.009349703483484998	8.417608125331887	0.007801643781827091
181.66666666666669	1.0	37.43562727049608	0.009349703483484998	8.417608125331887	0.007801643781827091
182.77777777777777	5.0	37.43562727049608	0.009349703483484998	8.417608125331887	0.007801643781827091
183.8888888888889	3.0	37.43562727049608	0.009349703483484998	8.417608125331887	0.007801643781827091
185.0	3.0	37.43562727049608	0.009349703483484998	8.417608125331887	0.007801643781827091
186.11111111111114	4.0	37.43562727049608	0.009349703483484998	8.417608125331887	0.007801643781827091
187.22222222222223	2.0	37.43562727049608	0.009349703483484998	8.417608125331887	0.007801643781827091
188.33333333333334	4.0	37.43562727049608	0.009349703483484998	8.417608125331887	0.007801643781827091
189.44444444444446	1.0	37.43562727049608	0.009349703483484998	8.417608125331887	0.007801643781827091
190.55555555555554	3.0	37.43562727049608	0.009349703483484998	8.417608125331887	0.007801643781827091
191.66666666666669	3.0	37.43562727049608	0.009349703483484998	8.417608125331887	0.007801643781827091
192.77777777777777	4.0	37.43562727049608	0.009349703483484998	8.417608125331887	0.007801643781827091
193.8888888888889	3.0	37.43562727049608	0.009349703483484998	8.417608125331887	0.007801643781827091
195.0	4.0	37.43562727049608	0.009349703483484998	8.417608125331887	0.007801643781827091
196.11111111111114	2.0	37.43562727049608	0.009349703483484998	8.417608125331887	0.007801643781827091
197.22222222222223	2.0	37.43562727049608	0.009349703483484998	8.417608125331887	0.007801643781827091
198.33333333333334	1.0	37.43562727049608	0.009349703483484998	8.417608125331887	0.007801643781827091
199.44444444444446	2.0	37.43562727049608	0.009349703483484998	8.417608125331887	0.007801643781827091
