0.5555555555555556	0.0	110.12767534680495	0.02294585596010316	12.640466605929431	0.02757912188423866
1.6666666666666667	0.0	110.12767534680495	0.02294585596010316	12.640466605929431	0.02757912188423866
2.7777777777777777	0.0	110.12767534680495	0.02294585596010316	12.640466605929431	0.02757912188423866
3.8888888888888893	0.0	110.12767534680495	0.02294585596010316	12.640466605929431	0.02757912188423866
5.0	0.0	110.12767534680495	0.02294585596010316	12.640466605929431	0.02757912188423866
6.111111111111111	0.0	110.12767534680495	0.02294585596010316	12.640466605929431	0.02757912188423866
7.222222222222223	0.0	110.12767534680495	0.02294585596010316	12.640466605929431	0.02757912188423866
8.333333333333334	0.0	110.12767534680495	0.02294585596010316	12.640466605929431	0.02757912188423866
9.444444444444445	0.0	110.12767534680495	0.02294585596010316	12.640466605929431	0.02757912188423866
10.555555555555555	0.0	110.12767534680495	0.02294585596010316	12.640466605929431	0.02757912188423866
11.666666666666668	0.0	110.12767534680495	0.02294585596010316	12.640466605929431	0.02757912188423866
12.777777777777779	0.0	110.12767534680495	0.02294585596010316	12.640466605929431	0.02757912188423866
13.88888888888889	0.0	110.12767534680495	0.02294585596010316	12.640466605929431	0.02757912188423866
15.0	0.0	110.12767534680495	0.02294585596010316	12.640466605929431	0.02757912188423866
16.111111111111114	0.0	110.12767534680495	0.02294585596010316	12.640466605929431	0.02757912188423866
17.22222222222222	0.0	110.12767534680495	0.02294585596010316	12.640466605929431	0.02757912188423866
18.333333333333336	0.0	110.12767534680495	0.02294585596010316	12.640466605929431	0.02757912188423866
19.444444444444443	0.0	110.12767534680495	0.02294585596010316	12.640466605929431	0.02757912188423866
20.555555555555557	0.0	110.12767534680495	0.02294585596010316	12.640466605929431	0.02757912188423866
21.666666666666664	0.0	110.12767534680495	0.02294585596010316	12.640466605929431	0.02757912188423866
22.77777777777778	0.0	110.12767534680495	0.02294585596010316	12.640466605929431	0.02757912188423866
23.888888888888893	0.0	110.12767534680495	0.02294585596010316	12.640466605929431	0.02757912188423866
25.0	0.0	110.12767534680495	0.02294585596010316	12.640466605929431	0.02757912188423866
26.111111111111114	0.0	110.12767534680495	0.02294585596010316	12.640466605929431	0.02757912188423866
27.22222222222222	0.0	110.12767534680495	0.02294585596010316	12.640466605929431	0.02757912188423866
28.333333333333336	0.0	110.12767534680495	0.02294585596010316	12.640466605929431	0.02757912188423866
29.444444444444443	0.0	110.12767534680495	0.02294585596010316	12.640466605929431	0.02757912188423866
30.555555555555557	0.0	110.12767534680495	0.02294585596010316	12.640466605929431	0.02757912188423866
31.666666666666668	0.0	110.12767534680495	0.02294585596010316	12.640466605929431	0.02757912188423866
32.77777777777778	0.0	110.12767534680495	0.02294585596010316	12.640466605929431	0.02757912188423866
33.888888888888886	0.0	110.12767534680495	0.02294585596010316	12.640466605929431	0.02757912188423866
35.0	0.0	110.12767534680495	0.02294585596010316	12.640466605929431	0.02757912188423866
36.111111111111114	0.0	110.12767534680495	0.02294585596010316	12.640466605929431	0.02757912188423866
37.22222222222223	0.0	110.12767534680495	0.02294585596010316	12.640466605929431	0.02757912188423866
38.333333333333336	0.0	110.12767534680495	0.02294585596010316	12.640466605929431	0.02757912188423866
39.44444444444444	0.0	110.12767534680495	0.02294585596010316	12.640466605929431	0.02757912188423866
40.55555555555556	0.0	110.12767534680495	0.02294585596010316	12.640466605929431	0.02757912188423866
41.66666666666667	0.0	110.12767534680495	0.02294585596010316	12.640466605929431	0.02757912188423866
42.77777777777778	0.0	110.12767534680495	0.02294585596010316	12.640466605929431	0.02757912188423866
43.888888888888886	0.0	110.12767534680495	0.02294585596010316	12.640466605929431	0.02757912188423866
45.0	0.0	110.12767534680495	0.02294585596010316	12.640466605929431	0.02757912188423866
46.111111111111114	0.0	110.12767534680495	0.02294585596010316	12.640466605929431	0.02757912188423866
47.22222222222223	0.0	110.12767534680495	0.02294585596010316	12.640466605929431	0.02757912188423866
48.333333333333336	0.0	110.12767534680495	0.02294585596010316	12.640466605929431	0.02757912188423866
49.44444444444444	0.0	110.12767534680495	0.02294585596010316	12.640466605929431	0.02757912188423866
50.55555555555556	0.0	110.12767534680495	0.02294585596010316	12.640466605929431	0.02757912188423866
51.66666666666667	0.0	110.12767534680495	0.02294585596010316	12.640466605929431	0.02757912188423866
52.77777777777778	0.0	110.12767534680495	0.02294585596010316	12.640466605929431	0.02757912188423866
53.88888888888889	0.0	110.12767534680495	0.02294585596010316	12.640466605929431	0.02757912188423866
55.0	0.0	110.12767534680495	0.02294585596010316	12.640466605929431	0.02757912188423866
56.111111111111114	0.0	110.12767534680495	0.02294585596010316	12.640466605929431	0.02757912188423866
57.22222222222223	1.0	110.12767534680495	0.02294585596010316	12.640466605929431	0.02757912188423866
58.333333333333336	0.0	110.12767534680495	0.02294585596010316	12.640466605929431	0.02757912188423866
59.44444444444444	0.0	110.12767534680495	0.02294585596010316	12.640466605929431	0.02757912188423866
60.55555555555556	4.0	110.12767534680495	0.02294585596010316	12.640466605929431	0.02757912188423866
61.66666666666667	5.0	110.12767534680495	0.02294585596010316	12.640466605929431	0.02757912188423866
62.777777777777786	3.0	110.12767534680495	0.02294585596010316	12.640466605929431	0.02757912188423866
63.888888888888886	6.0	110.12767534680495	0.02294585596010316	12.640466605929431	0.02757912188423866
65.0	17.0	110.12767534680495	0.02294585596010316	12.640466605929431	0.02757912188423866
66.11111111111111	20.0	110.12767534680495	0.02294585596010316	12.640466605929431	0.02757912188423866
67.22222222222223	23.0	110.12767534680495	0.02294585596010316	12.640466605929431	0.02757912188423866
68.33333333333334	38.0	110.12767534680495	0.02294585596010316	12.640466605929431	0.02757912188423866
69.44444444444444	53.0	110.12767534680495	0.02294585596010316	12.640466605929431	0.02757912188423866
70.55555555555556	82.0	110.12767534680495	0.02294585596010316	12.640466605929431	0.02757912188423866
71.66666666666667	116.0	110.12767534680495	0.02294585596010316	12.640466605929431	0.02757912188423866
72.77777777777779	156.0	110.12767534680495	0.02294585596010316	12.640466605929431	0.02757912188423866
73.88888888888889	221.0	110.12767534680495	0.02294585596010316	12.640466605929431	0.02757912188423866
75.0	280.0	110.12767534680495	0.02294585596010316	12.640466605929431	0.02757912188423866
76.11111111111111	412.0	110.12767534680495	0.02294585596010316	12.640466605929431	0.02757912188423866
77.22222222222223	559.0	110.12767534680495	0.02294585596010316	12.640466605929431	0.02757912188423866
78.33333333333334	726.0	110.12767534680495	0.02294585596010316	12.640466605929431	0.02757912188423866
79.44444444444444	921.0	110.12767534680495	0.02294585596010316	12.640466605929431	0.02757912188423866
80.55555555555556	1141.0	110.12767534680495	0.02294585596010316	12.640466605929431	0.02757912188423866
81.66666666666667	1499.0	110.12767534680495	0.02294585596010316	12.640466605929431	0.02757912188423866
82.77777777777779	1823.0	110.12767534680495	0.02294585596010316	12.640466605929431	0.02757912188423866
83.88888888888889	2297.0	110.12767534680495	0.02294585596010316	12.640466605929431	0.02757912188423866
85.0	2704.0	110.12767534680495	0.02294585596010316	12.640466605929431	0.02757912188423866
86.11111111111111	3366.0	110.12767534680495	0.02294585596010316	12.640466605929431	0.02757912188423866
87.22222222222223	4068.0	110.12767534680495	0.02294585596010316	12.640466605929431	0.02757912188423866
88.33333333333334	4899.0	110.12767534680495	0.02294585596010316	12.640466605929431	0.02757912188423866
89.44444444444444	5623.0	110.12767534680495	0.02294585596010316	12.640466605929431	0.02757912188423866
90.55555555555556	6698.0	110.12767534680495	0.02294585596010316	12.640466605929431	0.02757912188423866
91.66666666666667	7722.0	110.12767534680495	0.02294585596010316	12.640466605929431	0.02757912188423866
92.77777777777779	8616.0	110.12767534680495	0.02294585596010316	12.640466605929431	0.02757912188423866
93.88888888888889	9878.0	110.12767534680495	0.02294585596010316	12.640466605929431	0.02757912188423866
95.0	11326.0	110.12767534680495	0.02294585596010316	12.640466605929431	0.02757912188423866
96.11111111111111	12440.0	110.12767534680495	0.02294585596010316	12.640466605929431	0.02757912188423866
97.22222222222223	13745.0	110.12767534680495	0.02294585596010316	12.640466605929431	0.02757912188423866
98.33333333333334	15158.0	110.12767534680495	0.02294585596010316	12.640466605929431	0.02757912188423866
99.44444444444446	16427.0	110.12767534680495	0.02294585596010316	12.640466605929431	0.02757912188423866
100.55555555555556	17531.0	110.12767534680495	0.02294585596010316	12.640466605929431	0.02757912188423866	17186.860008439773	2.6250457327169565	90	108
101.66666666666667	18593.0	110.12767534680495	0.02294585596010316	12.640466605929431	0.02757912188423866	18298.989407022123	2.1734488558810057	90	108
102.77777777777779	19633.0	110.12767534680495	0.02294585596010316	12.640466605929431	0.02757912188423866	19333.1245834727	2.15670050205478	90	108
103.88888888888889	20638.0	110.12767534680495	0.02294585596010316	12.640466605929431	0.02757912188423866	20268.488880191177	2.5954748609070286	90	108
105.0	21538.0	110.12767534680495	0.02294585596010316	12.640466605929431	0.02757912188423866	21085.55662108671	3.115815274836582	90	108
106.11111111111111	22022.0	110.12767534680495	0.02294585596010316	12.640466605929431	0.02757912188423866	21766.727825602764	1.730242216678388	90	108
107.22222222222223	22312.0	110.12767534680495	0.02294585596010316	12.640466605929431	0.02757912188423866	22296.95724872068	0.10074058634034297	90	108
108.33333333333334	22504.0	110.12767534680495	0.02294585596010316	12.640466605929431	0.02757912188423866	22664.306416636813	-1.064828557196809	90	108
109.44444444444446	22893.0	110.12767534680495	0.02294585596010316	12.640466605929431	0.02757912188423866	22860.390394728543	0.2156769436296182	90	108
110.55555555555556	22718.0	110.12767534680495	0.02294585596010316	12.640466605929431	0.02757912188423866	22880.695945603187	-1.0755785074903066	90	108
111.66666666666667	22468.0	110.12767534680495	0.02294585596010316	12.640466605929431	0.02757912188423866	22724.754219868373	-1.703209193891398	90	108
112.77777777777779	22089.0	110.12767534680495	0.02294585596010316	12.640466605929431	0.02757912188423866	22396.15875250826	-2.0524667319083947	90	108
113.88888888888889	21760.0	110.12767534680495	0.02294585596010316	12.640466605929431	0.02757912188423866	21902.427800257545	-0.9623845408170222	90	108
115.0	20863.0	110.12767534680495	0.02294585596010316	12.640466605929431	0.02757912188423866	21254.71838417796	-2.6868676647811127	90	108
116.11111111111111	20061.0	110.12767534680495	0.02294585596010316	12.640466605929431	0.02757912188423866	20467.407225248106	-2.8407303100449504	90	108
117.22222222222223	19101.0	110.12767534680495	0.02294585596010316	12.640466605929431	0.02757912188423866	19557.56054991591	-3.264683173900943	90	108
118.33333333333334	18269.0	110.12767534680495	0.02294585596010316	12.640466605929431	0.02757912188423866	18544.320053871314	-2.021772983200309	90	108
119.44444444444446	17298.0	110.12767534680495	0.02294585596010316	12.640466605929431	0.02757912188423866	17448.23582354215	-1.1373594510675216	90	108
120.55555555555556	16310.0	110.12767534680495	0.02294585596010316	12.640466605929431	0.02757912188423866
121.66666666666667	14844.0	110.12767534680495	0.02294585596010316	12.640466605929431	0.02757912188423866
122.77777777777779	13768.0	110.12767534680495	0.02294585596010316	12.640466605929431	0.02757912188423866
123.8888888888889	12754.0	110.12767534680495	0.02294585596010316	12.640466605929431	0.02757912188423866
125.0	11652.0	110.12767534680495	0.02294585596010316	12.640466605929431	0.02757912188423866
126.11111111111111	10732.0	110.12767534680495	0.02294585596010316	12.640466605929431	0.02757912188423866
127.22222222222223	9740.0	110.12767534680495	0.02294585596010316	12.640466605929431	0.02757912188423866
128.33333333333334	8724.0	110.12767534680495	0.02294585596010316	12.640466605929431	0.02757912188423866
129.44444444444446	7909.0	110.12767534680495	0.02294585596010316	12.640466605929431	0.02757912188423866
130.55555555555554	6984.0	110.12767534680495	0.02294585596010316	12.640466605929431	0.02757912188423866
131.66666666666669	6310.0	110.12767534680495	0.02294585596010316	12.640466605929431	0.02757912188423866
132.77777777777777	5563.0	110.12767534680495	0.02294585596010316	12.640466605929431	0.02757912188423866
133.8888888888889	5008.0	110.12767534680495	0.02294585596010316	12.640466605929431	0.02757912188423866
135.0	4301.0	110.12767534680495	0.02294585596010316	12.640466605929431	0.02757912188423866
136.11111111111114	3778.0	110.12767534680495	0.02294585596010316	12.640466605929431	0.02757912188423866
137.22222222222223	3441.0	110.12767534680495	0.02294585596010316	12.640466605929431	0.02757912188423866
138.33333333333331	2889.0	110.12767534680495	0.02294585596010316	12.640466605929431	0.02757912188423866
139.44444444444446	2592.0	110.12767534680495	0.02294585596010316	12.640466605929431	0.02757912188423866
140.55555555555554	2245.0	110.12767534680495	0.02294585596010316	12.640466605929431	0.02757912188423866
141.66666666666669	1968.0	110.12767534680495	0.02294585596010316	12.640466605929431	0.02757912188423866
142.77777777777777	1667.0	110.12767534680495	0.02294585596010316	12.640466605929431	0.02757912188423866
143.8888888888889	1413.0	110.12767534680495	0.02294585596010316	12.640466605929431	0.02757912188423866
145.0	1277.0	110.12767534680495	0.02294585596010316	12.640466605929431	0.02757912188423866
146.11111111111114	1063.0	110.12767534680495	0.02294585596010316	12.640466605929431	0.02757912188423866
147.22222222222223	932.0	110.12767534680495	0.02294585596010316	12.640466605929431	0.02757912188423866
148.33333333333331	835.0	110.12767534680495	0.02294585596010316	12.640466605929431	0.02757912188423866
149.44444444444446	706.0	110.12767534680495	0.02294585596010316	12.640466605929431	0.02757912188423866
150.55555555555554	562.0	110.12767534680495	0.02294585596010316	12.640466605929431	0.02757912188423866
151.66666666666669	524.0	110.12767534680495	0.02294585596010316	12.640466605929431	0.02757912188423866
152.77777777777777	446.0	110.12767534680495	0.02294585596010316	12.640466605929431	0.02757912188423866
153.8888888888889	372.0	110.12767534680495	0.02294585596010316	12.640466605929431	0.02757912188423866
155.0	347.0	110.12767534680495	0.02294585596010316	12.640466605929431	0.02757912188423866
156.11111111111114	272.0	110.12767534680495	0.02294585596010316	12.640466605929431	0.02757912188423866
157.22222222222223	246.0	110.12767534680495	0.02294585596010316	12.640466605929431	0.02757912188423866
158.33333333333331	198.0	110.12767534680495	0.02294585596010316	12.640466605929431	0.02757912188423866
159.44444444444446	196.0	110.12767534680495	0.02294585596010316	12.640466605929431	0.02757912188423866
160.55555555555554	153.0	110.12767534680495	0.02294585596010316	12.640466605929431	0.02757912188423866
161.66666666666669	135.0	110.12767534680495	0.02294585596010316	12.640466605929431	0.02757912188423866
162.77777777777777	99.0	110.12767534680495	0.02294585596010316	12.640466605929431	0.02757912188423866
163.8888888888889	82.0	110.12767534680495	0.02294585596010316	12.640466605929431	0.02757912188423866
165.0	89.0	110.12767534680495	0.02294585596010316	12.640466605929431	0.02757912188423866
166.11111111111114	59.0	110.12767534680495	0.02294585596010316	12.640466605929431	0.02757912188423866
167.22222222222223	61.0	110.12767534680495	0.02294585596010316	12.640466605929431	0.02757912188423866
168.33333333333331	54.0	110.12767534680495	0.02294585596010316	12.640466605929431	0.02757912188423866
169.44444444444446	31.0	110.12767534680495	0.02294585596010316	12.640466605929431	0.02757912188423866
170.55555555555554	37.0	110.12767534680495	0.02294585596010316	12.640466605929431	0.02757912188423866
171.66666666666669	24.0	110.12767534680495	0.02294585596010316	12.640466605929431	0.02757912188423866
172.77777777777777	23.0	110.12767534680495	0.02294585596010316	12.640466605929431	0.02757912188423866
173.8888888888889	24.0	110.12767534680495	0.02294585596010316	12.640466605929431	0.02757912188423866
175.0	21.0	110.12767534680495	0.02294585596010316	12.640466605929431	0.02757912188423866
176.11111111111114	14.0	110.12767534680495	0.02294585596010316	12.640466605929431	0.02757912188423866
177.22222222222223	14.0	110.12767534680495	0.02294585596010316	12.640466605929431	0.02757912188423866
178.33333333333331	16.0	110.12767534680495	0.02294585596010316	12.640466605929431	0.02757912188423866
179.44444444444446	11.0	110.12767534680495	0.02294585596010316	12.640466605929431	0.02757912188423866
180.55555555555554	8.0	110.12767534680495	0.02294585596010316	12.640466605929431	0.02757912188423866
181.66666666666669	9.0	110.12767534680495	0.02294585596010316	12.640466605929431	0.02757912188423866
182.77777777777777	5.0	110.12767534680495	0.02294585596010316	12.640466605929431	0.02757912188423866
183.8888888888889	7.0	110.12767534680495	0.02294585596010316	12.640466605929431	0.02757912188423866
185.0	1.0	110.12767534680495	0.02294585596010316	12.640466605929431	0.02757912188423866
186.11111111111114	6.0	110.12767534680495	0.02294585596010316	12.640466605929431	0.02757912188423866
187.22222222222223	2.0	110.12767534680495	0.02294585596010316	12.640466605929431	0.02757912188423866
188.33333333333334	3.0	110.12767534680495	0.02294585596010316	12.640466605929431	0.02757912188423866
189.44444444444446	2.0	110.12767534680495	0.02294585596010316	12.640466605929431	0.02757912188423866
190.55555555555554	3.0	110.12767534680495	0.02294585596010316	12.640466605929431	0.02757912188423866
191.66666666666669	1.0	110.12767534680495	0.02294585596010316	12.640466605929431	0.02757912188423866
192.77777777777777	1.0	110.12767534680495	0.02294585596010316	12.640466605929431	0.02757912188423866
193.8888888888889	1.0	110.12767534680495	0.02294585596010316	12.640466605929431	0.02757912188423866
195.0	4.0	110.12767534680495	0.02294585596010316	12.640466605929431	0.02757912188423866
196.11111111111114	0.0	110.12767534680495	0.02294585596010316	12.640466605929431	0.02757912188423866
197.22222222222223	1.0	110.12767534680495	0.02294585596010316	12.640466605929431	0.02757912188423866
198.33333333333334	0.0	110.12767534680495	0.02294585596010316	12.640466605929431	0.02757912188423866
199.44444444444446	1.0	110.12767534680495	0.02294585596010316	12.640466605929431	0.02757912188423866
