0.5555555555555556	2.0	33.86402820209779	0.008343844954709877	7.863612820862439	0.006758075086679476
1.6666666666666667	2.0	33.86402820209779	0.008343844954709877	7.863612820862439	0.006758075086679476
2.7777777777777777	3.0	33.86402820209779	0.008343844954709877	7.863612820862439	0.006758075086679476
3.8888888888888893	6.0	33.86402820209779	0.008343844954709877	7.863612820862439	0.006758075086679476
5.0	19.0	33.86402820209779	0.008343844954709877	7.863612820862439	0.006758075086679476
6.111111111111111	34.0	33.86402820209779	0.008343844954709877	7.863612820862439	0.006758075086679476
7.222222222222223	72.0	33.86402820209779	0.008343844954709877	7.863612820862439	0.006758075086679476
8.333333333333334	139.0	33.86402820209779	0.008343844954709877	7.863612820862439	0.006758075086679476
9.444444444444445	242.0	33.86402820209779	0.008343844954709877	7.863612820862439	0.006758075086679476
10.555555555555555	382.0	33.86402820209779	0.008343844954709877	7.863612820862439	0.006758075086679476
11.666666666666668	659.0	33.86402820209779	0.008343844954709877	7.863612820862439	0.006758075086679476
12.777777777777779	1074.0	33.86402820209779	0.008343844954709877	7.863612820862439	0.006758075086679476
13.88888888888889	1657.0	33.86402820209779	0.008343844954709877	7.863612820862439	0.006758075086679476
15.0	2514.0	33.86402820209779	0.008343844954709877	7.863612820862439	0.006758075086679476
16.111111111111114	3727.0	33.86402820209779	0.008343844954709877	7.863612820862439	0.006758075086679476
17.22222222222222	5268.0	33.86402820209779	0.008343844954709877	7.863612820862439	0.006758075086679476
18.333333333333336	7233.0	33.86402820209779	0.008343844954709877	7.863612820862439	0.006758075086679476
19.444444444444443	9886.0	33.86402820209779	0.008343844954709877	7.863612820862439	0.006758075086679476
20.555555555555557	13002.0	33.86402820209779	0.008343844954709877	7.863612820862439	0.006758075086679476
21.666666666666664	16786.0	33.86402820209779	0.008343844954709877	7.863612820862439	0.006758075086679476
22.77777777777778	21187.0	33.86402820209779	0.008343844954709877	7.863612820862439	0.006758075086679476
23.888888888888893	25699.0	33.86402820209779	0.008343844954709877	7.863612820862439	0.006758075086679476	24868.087797268887	5.269069670020663	21	39
25.0	31112.0	33.86402820209779	0.008343844954709877	7.863612820862439	0.006758075086679476	29454.35308893954	9.658669026003013	21	39
26.111111111111114	35643.0	33.86402820209779	0.008343844954709877	7.863612820862439	0.006758075086679476	34196.831437817564	7.8203462565734085	21	39
27.22222222222222	40881.0	33.86402820209779	0.008343844954709877	7.863612820862439	0.006758075086679476	38918.09097289531	9.950030404158603	21	39
28.333333333333336	45566.0	33.86402820209779	0.008343844954709877	7.863612820862439	0.006758075086679476	43415.666490919735	10.320068654425251	21	39
29.444444444444443	48953.0	33.86402820209779	0.008343844954709877	7.863612820862439	0.006758075086679476	47475.62581337618	6.780397536953062	21	39
30.555555555555557	52445.0	33.86402820209779	0.008343844954709877	7.863612820862439	0.006758075086679476	50889.03391958853	6.897441442666013	21	39
31.666666666666668	54742.0	33.86402820209779	0.008343844954709877	7.863612820862439	0.006758075086679476	53469.607559711854	5.502595413646836	21	39
32.77777777777778	55211.0	33.86402820209779	0.008343844954709877	7.863612820862439	0.006758075086679476	55070.50629299057	0.5986835664690554	21	39
33.888888888888886	55557.0	33.86402820209779	0.008343844954709877	7.863612820862439	0.006758075086679476	55598.16064806516	-0.1745629175943093	21	39
35.0	54454.0	33.86402820209779	0.008343844954709877	7.863612820862439	0.006758075086679476	55021.32709479643	-2.418621976909983	21	39
36.111111111111114	52281.0	33.86402820209779	0.008343844954709877	7.863612820862439	0.006758075086679476	53374.15108175508	-4.731672729048284	21	39
37.22222222222223	49193.0	33.86402820209779	0.008343844954709877	7.863612820862439	0.006758075086679476	50752.82048516353	-6.92380022459918	21	39
38.333333333333336	45615.0	33.86402820209779	0.008343844954709877	7.863612820862439	0.006758075086679476	47306.26564809793	-7.775932728170715	21	39
39.44444444444444	41164.0	33.86402820209779	0.008343844954709877	7.863612820862439	0.006758075086679476	43222.15659379253	-9.899772136333029	21	39
40.55555555555556	37191.0	33.86402820209779	0.008343844954709877	7.863612820862439	0.006758075086679476	38710.027597625034	-7.720651042907172	21	39
41.66666666666667	32397.0	33.86402820209779	0.008343844954709877	7.863612820862439	0.006758075086679476	33983.63352355434	-8.606800180320903	21	39
42.77777777777778	27872.0	33.86402820209779	0.008343844954709877	7.863612820862439	0.006758075086679476	29244.58243489744	-8.026306212100856	21	39
43.888888888888886	24149.0	33.86402820209779	0.008343844954709877	7.863612820862439	0.006758075086679476
45.0	20009.0	33.86402820209779	0.008343844954709877	7.863612820862439	0.006758075086679476
46.111111111111114	16667.0	33.86402820209779	0.008343844954709877	7.863612820862439	0.006758075086679476
47.22222222222223	13532.0	33.86402820209779	0.008343844954709877	7.863612820862439	0.006758075086679476
48.333333333333336	10819.0	33.86402820209779	0.008343844954709877	7.863612820862439	0.006758075086679476
49.44444444444444	8750.0	33.86402820209779	0.008343844954709877	7.863612820862439	0.006758075086679476
50.55555555555556	6965.0	33.86402820209779	0.008343844954709877	7.863612820862439	0.006758075086679476
51.66666666666667	5522.0	33.86402820209779	0.008343844954709877	7.863612820862439	0.006758075086679476
52.77777777777778	4226.0	33.86402820209779	0.008343844954709877	7.863612820862439	0.006758075086679476
53.88888888888889	3444.0	33.86402820209779	0.008343844954709877	7.863612820862439	0.006758075086679476
55.0	2749.0	33.86402820209779	0.008343844954709877	7.863612820862439	0.006758075086679476
56.111111111111114	2049.0	33.86402820209779	0.008343844954709877	7.863612820862439	0.006758075086679476
57.22222222222223	1606.0	33.86402820209779	0.008343844954709877	7.863612820862439	0.006758075086679476
58.333333333333336	1281.0	33.86402820209779	0.008343844954709877	7.863612820862439	0.006758075086679476
59.44444444444444	1039.0	33.86402820209779	0.008343844954709877	7.863612820862439	0.006758075086679476
60.55555555555556	793.0	33.86402820209779	0.008343844954709877	7.863612820862439	0.006758075086679476
61.66666666666667	583.0	33.86402820209779	0.008343844954709877	7.863612820862439	0.006758075086679476
62.777777777777786	535.0	33.86402820209779	0.008343844954709877	7.863612820862439	0.006758075086679476
63.888888888888886	417.0	33.86402820209779	0.008343844954709877	7.863612820862439	0.006758075086679476
65.0	338.0	33.86402820209779	0.008343844954709877	7.863612820862439	0.006758075086679476
66.11111111111111	279.0	33.86402820209779	0.008343844954709877	7.863612820862439	0.006758075086679476
67.22222222222223	210.0	33.86402820209779	0.008343844954709877	7.863612820862439	0.006758075086679476
68.33333333333334	172.0	33.86402820209779	0.008343844954709877	7.863612820862439	0.006758075086679476
69.44444444444444	154.0	33.86402820209779	0.008343844954709877	7.863612820862439	0.006758075086679476
70.55555555555556	134.0	33.86402820209779	0.008343844954709877	7.863612820862439	0.006758075086679476
71.66666666666667	110.0	33.86402820209779	0.008343844954709877	7.863612820862439	0.006758075086679476
72.77777777777779	83.0	33.86402820209779	0.008343844954709877	7.863612820862439	0.006758075086679476
73.88888888888889	71.0	33.86402820209779	0.008343844954709877	7.863612820862439	0.006758075086679476
75.0	54.0	33.86402820209779	0.008343844954709877	7.863612820862439	0.006758075086679476
76.11111111111111	39.0	33.86402820209779	0.008343844954709877	7.863612820862439	0.006758075086679476
77.22222222222223	37.0	33.86402820209779	0.008343844954709877	7.863612820862439	0.006758075086679476
78.33333333333334	44.0	33.86402820209779	0.008343844954709877	7.863612820862439	0.006758075086679476
79.44444444444444	26.0	33.86402820209779	0.008343844954709877	7.863612820862439	0.006758075086679476
80.55555555555556	32.0	33.86402820209779	0.008343844954709877	7.863612820862439	0.006758075086679476
81.66666666666667	24.0	33.86402820209779	0.008343844954709877	7.863612820862439	0.006758075086679476
82.77777777777779	20.0	33.86402820209779	0.008343844954709877	7.863612820862439	0.006758075086679476
83.88888888888889	20.0	33.86402820209779	0.008343844954709877	7.863612820862439	0.006758075086679476
85.0	16.0	33.86402820209779	0.008343844954709877	7.863612820862439	0.006758075086679476
86.11111111111111	14.0	33.86402820209779	0.008343844954709877	7.863612820862439	0.006758075086679476
87.22222222222223	12.0	33.86402820209779	0.008343844954709877	7.863612820862439	0.006758075086679476
88.33333333333334	8.0	33.86402820209779	0.008343844954709877	7.863612820862439	0.006758075086679476
89.44444444444444	13.0	33.86402820209779	0.008343844954709877	7.863612820862439	0.006758075086679476
90.55555555555556	9.0	33.86402820209779	0.008343844954709877	7.863612820862439	0.006758075086679476
91.66666666666667	13.0	33.86402820209779	0.008343844954709877	7.863612820862439	0.006758075086679476
92.77777777777779	16.0	33.86402820209779	0.008343844954709877	7.863612820862439	0.006758075086679476
93.88888888888889	14.0	33.86402820209779	0.008343844954709877	7.863612820862439	0.006758075086679476
95.0	2.0	33.86402820209779	0.008343844954709877	7.863612820862439	0.006758075086679476
96.11111111111111	9.0	33.86402820209779	0.008343844954709877	7.863612820862439	0.006758075086679476
97.22222222222223	6.0	33.86402820209779	0.008343844954709877	7.863612820862439	0.006758075086679476
98.33333333333334	3.0	33.86402820209779	0.008343844954709877	7.863612820862439	0.006758075086679476
99.44444444444446	7.0	33.86402820209779	0.008343844954709877	7.863612820862439	0.006758075086679476
100.55555555555556	4.0	33.86402820209779	0.008343844954709877	7.863612820862439	0.006758075086679476
101.66666666666667	5.0	33.86402820209779	0.008343844954709877	7.863612820862439	0.006758075086679476
102.77777777777779	6.0	33.86402820209779	0.008343844954709877	7.863612820862439	0.006758075086679476
103.88888888888889	7.0	33.86402820209779	0.008343844954709877	7.863612820862439	0.006758075086679476
105.0	4.0	33.86402820209779	0.008343844954709877	7.863612820862439	0.006758075086679476
106.11111111111111	7.0	33.86402820209779	0.008343844954709877	7.863612820862439	0.006758075086679476
107.22222222222223	8.0	33.86402820209779	0.008343844954709877	7.863612820862439	0.006758075086679476
108.33333333333334	4.0	33.86402820209779	0.008343844954709877	7.863612820862439	0.006758075086679476
109.44444444444446	6.0	33.86402820209779	0.008343844954709877	7.863612820862439	0.006758075086679476
110.55555555555556	5.0	33.86402820209779	0.008343844954709877	7.863612820862439	0.006758075086679476
111.66666666666667	3.0	33.86402820209779	0.008343844954709877	7.863612820862439	0.006758075086679476
112.77777777777779	6.0	33.86402820209779	0.008343844954709877	7.863612820862439	0.006758075086679476
113.88888888888889	4.0	33.86402820209779	0.008343844954709877	7.863612820862439	0.006758075086679476
115.0	1.0	33.86402820209779	0.008343844954709877	7.863612820862439	0.006758075086679476
116.11111111111111	4.0	33.86402820209779	0.008343844954709877	7.863612820862439	0.006758075086679476
117.22222222222223	5.0	33.86402820209779	0.008343844954709877	7.863612820862439	0.006758075086679476
118.33333333333334	5.0	33.86402820209779	0.008343844954709877	7.863612820862439	0.006758075086679476
119.44444444444446	7.0	33.86402820209779	0.008343844954709877	7.863612820862439	0.006758075086679476
120.55555555555556	3.0	33.86402820209779	0.008343844954709877	7.863612820862439	0.006758075086679476
121.66666666666667	5.0	33.86402820209779	0.008343844954709877	7.863612820862439	0.006758075086679476
122.77777777777779	2.0	33.86402820209779	0.008343844954709877	7.863612820862439	0.006758075086679476
123.8888888888889	9.0	33.86402820209779	0.008343844954709877	7.863612820862439	0.006758075086679476
125.0	4.0	33.86402820209779	0.008343844954709877	7.863612820862439	0.006758075086679476
126.11111111111111	4.0	33.86402820209779	0.008343844954709877	7.863612820862439	0.006758075086679476
127.22222222222223	3.0	33.86402820209779	0.008343844954709877	7.863612820862439	0.006758075086679476
128.33333333333334	6.0	33.86402820209779	0.008343844954709877	7.863612820862439	0.006758075086679476
129.44444444444446	4.0	33.86402820209779	0.008343844954709877	7.863612820862439	0.006758075086679476
130.55555555555554	3.0	33.86402820209779	0.008343844954709877	7.863612820862439	0.006758075086679476
131.66666666666669	3.0	33.86402820209779	0.008343844954709877	7.863612820862439	0.006758075086679476
132.77777777777777	4.0	33.86402820209779	0.008343844954709877	7.863612820862439	0.006758075086679476
133.8888888888889	3.0	33.86402820209779	0.008343844954709877	7.863612820862439	0.006758075086679476
135.0	2.0	33.86402820209779	0.008343844954709877	7.863612820862439	0.006758075086679476
136.11111111111114	1.0	33.86402820209779	0.008343844954709877	7.863612820862439	0.006758075086679476
137.22222222222223	4.0	33.86402820209779	0.008343844954709877	7.863612820862439	0.006758075086679476
138.33333333333331	2.0	33.86402820209779	0.008343844954709877	7.863612820862439	0.006758075086679476
139.44444444444446	0.0	33.86402820209779	0.008343844954709877	7.863612820862439	0.006758075086679476
140.55555555555554	2.0	33.86402820209779	0.008343844954709877	7.863612820862439	0.006758075086679476
141.66666666666669	1.0	33.86402820209779	0.008343844954709877	7.863612820862439	0.006758075086679476
142.77777777777777	0.0	33.86402820209779	0.008343844954709877	7.863612820862439	0.006758075086679476
143.8888888888889	3.0	33.86402820209779	0.008343844954709877	7.863612820862439	0.006758075086679476
145.0	0.0	33.86402820209779	0.008343844954709877	7.863612820862439	0.006758075086679476
146.11111111111114	3.0	33.86402820209779	0.008343844954709877	7.863612820862439	0.006758075086679476
147.22222222222223	3.0	33.86402820209779	0.008343844954709877	7.863612820862439	0.006758075086679476
148.33333333333331	3.0	33.86402820209779	0.008343844954709877	7.863612820862439	0.006758075086679476
149.44444444444446	4.0	33.86402820209779	0.008343844954709877	7.863612820862439	0.006758075086679476
150.55555555555554	4.0	33.86402820209779	0.008343844954709877	7.863612820862439	0.006758075086679476
151.66666666666669	2.0	33.86402820209779	0.008343844954709877	7.863612820862439	0.006758075086679476
152.77777777777777	4.0	33.86402820209779	0.008343844954709877	7.863612820862439	0.006758075086679476
153.8888888888889	1.0	33.86402820209779	0.008343844954709877	7.863612820862439	0.006758075086679476
155.0	0.0	33.86402820209779	0.008343844954709877	7.863612820862439	0.006758075086679476
156.11111111111114	3.0	33.86402820209779	0.008343844954709877	7.863612820862439	0.006758075086679476
157.22222222222223	1.0	33.86402820209779	0.008343844954709877	7.863612820862439	0.006758075086679476
158.33333333333331	1.0	33.86402820209779	0.008343844954709877	7.863612820862439	0.006758075086679476
159.44444444444446	1.0	33.86402820209779	0.008343844954709877	7.863612820862439	0.006758075086679476
160.55555555555554	1.0	33.86402820209779	0.008343844954709877	7.863612820862439	0.006758075086679476
161.66666666666669	4.0	33.86402820209779	0.008343844954709877	7.863612820862439	0.006758075086679476
162.77777777777777	0.0	33.86402820209779	0.008343844954709877	7.863612820862439	0.006758075086679476
163.8888888888889	1.0	33.86402820209779	0.008343844954709877	7.863612820862439	0.006758075086679476
165.0	1.0	33.86402820209779	0.008343844954709877	7.863612820862439	0.006758075086679476
166.11111111111114	1.0	33.86402820209779	0.008343844954709877	7.863612820862439	0.006758075086679476
167.22222222222223	1.0	33.86402820209779	0.008343844954709877	7.863612820862439	0.006758075086679476
168.33333333333331	5.0	33.86402820209779	0.008343844954709877	7.863612820862439	0.006758075086679476
169.44444444444446	0.0	33.86402820209779	0.008343844954709877	7.863612820862439	0.006758075086679476
170.55555555555554	3.0	33.86402820209779	0.008343844954709877	7.863612820862439	0.006758075086679476
171.66666666666669	2.0	33.86402820209779	0.008343844954709877	7.863612820862439	0.006758075086679476
172.77777777777777	1.0	33.86402820209779	0.008343844954709877	7.863612820862439	0.006758075086679476
173.8888888888889	0.0	33.86402820209779	0.008343844954709877	7.863612820862439	0.006758075086679476
175.0	0.0	33.86402820209779	0.008343844954709877	7.863612820862439	0.006758075086679476
176.11111111111114	2.0	33.86402820209779	0.008343844954709877	7.863612820862439	0.006758075086679476
177.22222222222223	2.0	33.86402820209779	0.008343844954709877	7.863612820862439	0.006758075086679476
178.33333333333331	3.0	33.86402820209779	0.008343844954709877	7.863612820862439	0.006758075086679476
179.44444444444446	1.0	33.86402820209779	0.008343844954709877	7.863612820862439	0.006758075086679476
180.55555555555554	2.0	33.86402820209779	0.008343844954709877	7.863612820862439	0.006758075086679476
181.66666666666669	1.0	33.86402820209779	0.008343844954709877	7.863612820862439	0.006758075086679476
182.77777777777777	2.0	33.86402820209779	0.008343844954709877	7.863612820862439	0.006758075086679476
183.8888888888889	1.0	33.86402820209779	0.008343844954709877	7.863612820862439	0.006758075086679476
185.0	3.0	33.86402820209779	0.008343844954709877	7.863612820862439	0.006758075086679476
186.11111111111114	1.0	33.86402820209779	0.008343844954709877	7.863612820862439	0.006758075086679476
187.22222222222223	0.0	33.86402820209779	0.008343844954709877	7.863612820862439	0.006758075086679476
188.33333333333334	0.0	33.86402820209779	0.008343844954709877	7.863612820862439	0.006758075086679476
189.44444444444446	1.0	33.86402820209779	0.008343844954709877	7.863612820862439	0.006758075086679476
190.55555555555554	2.0	33.86402820209779	0.008343844954709877	7.863612820862439	0.006758075086679476
191.66666666666669	1.0	33.86402820209779	0.008343844954709877	7.863612820862439	0.006758075086679476
192.77777777777777	0.0	33.86402820209779	0.008343844954709877	7.863612820862439	0.006758075086679476
193.8888888888889	1.0	33.86402820209779	0.008343844954709877	7.863612820862439	0.006758075086679476
195.0	0.0	33.86402820209779	0.008343844954709877	7.863612820862439	0.006758075086679476
196.11111111111114	1.0	33.86402820209779	0.008343844954709877	7.863612820862439	0.006758075086679476
197.22222222222223	1.0	33.86402820209779	0.008343844954709877	7.863612820862439	0.006758075086679476
198.33333333333334	1.0	33.86402820209779	0.008343844954709877	7.863612820862439	0.006758075086679476
199.44444444444446	2.0	33.86402820209779	0.008343844954709877	7.863612820862439	0.006758075086679476
