0.5555555555555556	1.0	33.44425727496838	0.008193755985317184	7.725767339844688	0.006409931472206463
1.6666666666666667	5.0	33.44425727496838	0.008193755985317184	7.725767339844688	0.006409931472206463
2.7777777777777777	8.0	33.44425727496838	0.008193755985317184	7.725767339844688	0.006409931472206463
3.8888888888888893	13.0	33.44425727496838	0.008193755985317184	7.725767339844688	0.006409931472206463
5.0	23.0	33.44425727496838	0.008193755985317184	7.725767339844688	0.006409931472206463
6.111111111111111	37.0	33.44425727496838	0.008193755985317184	7.725767339844688	0.006409931472206463
7.222222222222223	74.0	33.44425727496838	0.008193755985317184	7.725767339844688	0.006409931472206463
8.333333333333334	139.0	33.44425727496838	0.008193755985317184	7.725767339844688	0.006409931472206463
9.444444444444445	272.0	33.44425727496838	0.008193755985317184	7.725767339844688	0.006409931472206463
10.555555555555555	431.0	33.44425727496838	0.008193755985317184	7.725767339844688	0.006409931472206463
11.666666666666668	718.0	33.44425727496838	0.008193755985317184	7.725767339844688	0.006409931472206463
12.777777777777779	1165.0	33.44425727496838	0.008193755985317184	7.725767339844688	0.006409931472206463
13.88888888888889	1800.0	33.44425727496838	0.008193755985317184	7.725767339844688	0.006409931472206463
15.0	2732.0	33.44425727496838	0.008193755985317184	7.725767339844688	0.006409931472206463
16.111111111111114	3914.0	33.44425727496838	0.008193755985317184	7.725767339844688	0.006409931472206463
17.22222222222222	5768.0	33.44425727496838	0.008193755985317184	7.725767339844688	0.006409931472206463
18.333333333333336	8031.0	33.44425727496838	0.008193755985317184	7.725767339844688	0.006409931472206463
19.444444444444443	10705.0	33.44425727496838	0.008193755985317184	7.725767339844688	0.006409931472206463
20.555555555555557	14230.0	33.44425727496838	0.008193755985317184	7.725767339844688	0.006409931472206463
21.666666666666664	17947.0	33.44425727496838	0.008193755985317184	7.725767339844688	0.006409931472206463
22.77777777777778	22756.0	33.44425727496838	0.008193755985317184	7.725767339844688	0.006409931472206463
23.888888888888893	27405.0	33.44425727496838	0.008193755985317184	7.725767339844688	0.006409931472206463	26302.606680907098	6.797311569717227	21	39
25.0	32497.0	33.44425727496838	0.008193755985317184	7.725767339844688	0.006409931472206463	31099.87760797206	7.922369850938348	21	39
26.111111111111114	37942.0	33.44425727496838	0.008193755985317184	7.725767339844688	0.006409931472206463	36019.33411914987	10.130618934097482	21	39
27.22222222222222	42972.0	33.44425727496838	0.008193755985317184	7.725767339844688	0.006409931472206463	40862.95700089888	10.433272218765026	21	39
28.333333333333336	47405.0	33.44425727496838	0.008193755985317184	7.725767339844688	0.006409931472206463	45408.903213532954	9.367227960602696	21	39
29.444444444444443	51126.0	33.44425727496838	0.008193755985317184	7.725767339844688	0.006409931472206463	49427.57966008045	7.639422155307408	21	39
30.555555555555557	53912.0	33.44425727496838	0.008193755985317184	7.725767339844688	0.006409931472206463	52700.50635113487	5.277323870584908	21	39
31.666666666666668	55695.0	33.44425727496838	0.008193755985317184	7.725767339844688	0.006409931472206463	55039.862725192	2.792502938601206	21	39
32.77777777777778	56325.0	33.44425727496838	0.008193755985317184	7.725767339844688	0.006409931472206463	56306.30220985813	0.0787973800176775	21	39
33.888888888888886	55872.0	33.44425727496838	0.008193755985317184	7.725767339844688	0.006409931472206463	56422.68935233872	-2.3183541974151867	21	39
35.0	54310.0	33.44425727496838	0.008193755985317184	7.725767339844688	0.006409931472206463	55381.87680752796	-4.554713240236679	21	39
36.111111111111114	51688.0	33.44425727496838	0.008193755985317184	7.725767339844688	0.006409931472206463	53247.431878379524	-6.757982684062297	21	39
37.22222222222223	48001.0	33.44425727496838	0.008193755985317184	7.725767339844688	0.006409931472206463	50147.209915388725	-9.584044235593021	21	39
38.333333333333336	44480.0	33.44425727496838	0.008193755985317184	7.725767339844688	0.006409931472206463	46260.67803028549	-8.279028994586835	21	39
39.44444444444444	39894.0	33.44425727496838	0.008193755985317184	7.725767339844688	0.006409931472206463	41801.73653204118	-9.330850570363367	21	39
40.55555555555556	35172.0	33.44425727496838	0.008193755985317184	7.725767339844688	0.006409931472206463	36999.321870010346	-9.49988110354868	21	39
41.66666666666667	31006.0	33.44425727496838	0.008193755985317184	7.725767339844688	0.006409931472206463	32078.224006346656	-5.986601754878106	21	39
42.77777777777778	26293.0	33.44425727496838	0.008193755985317184	7.725767339844688	0.006409931472206463	27242.31297854819	-5.751583502385421	21	39
43.888888888888886	22191.0	33.44425727496838	0.008193755985317184	7.725767339844688	0.006409931472206463
45.0	18460.0	33.44425727496838	0.008193755985317184	7.725767339844688	0.006409931472206463
46.111111111111114	15255.0	33.44425727496838	0.008193755985317184	7.725767339844688	0.006409931472206463
47.22222222222223	12291.0	33.44425727496838	0.008193755985317184	7.725767339844688	0.006409931472206463
48.333333333333336	9778.0	33.44425727496838	0.008193755985317184	7.725767339844688	0.006409931472206463
49.44444444444444	7851.0	33.44425727496838	0.008193755985317184	7.725767339844688	0.006409931472206463
50.55555555555556	6100.0	33.44425727496838	0.008193755985317184	7.725767339844688	0.006409931472206463
51.66666666666667	4775.0	33.44425727496838	0.008193755985317184	7.725767339844688	0.006409931472206463
52.77777777777778	3784.0	33.44425727496838	0.008193755985317184	7.725767339844688	0.006409931472206463
53.88888888888889	2811.0	33.44425727496838	0.008193755985317184	7.725767339844688	0.006409931472206463
55.0	2268.0	33.44425727496838	0.008193755985317184	7.725767339844688	0.006409931472206463
56.111111111111114	1742.0	33.44425727496838	0.008193755985317184	7.725767339844688	0.006409931472206463
57.22222222222223	1344.0	33.44425727496838	0.008193755985317184	7.725767339844688	0.006409931472206463
58.333333333333336	1085.0	33.44425727496838	0.008193755985317184	7.725767339844688	0.006409931472206463
59.44444444444444	819.0	33.44425727496838	0.008193755985317184	7.725767339844688	0.006409931472206463
60.55555555555556	607.0	33.44425727496838	0.008193755985317184	7.725767339844688	0.006409931472206463
61.66666666666667	534.0	33.44425727496838	0.008193755985317184	7.725767339844688	0.006409931472206463
62.777777777777786	433.0	33.44425727496838	0.008193755985317184	7.725767339844688	0.006409931472206463
63.888888888888886	336.0	33.44425727496838	0.008193755985317184	7.725767339844688	0.006409931472206463
65.0	259.0	33.44425727496838	0.008193755985317184	7.725767339844688	0.006409931472206463
66.11111111111111	233.0	33.44425727496838	0.008193755985317184	7.725767339844688	0.006409931472206463
67.22222222222223	155.0	33.44425727496838	0.008193755985317184	7.725767339844688	0.006409931472206463
68.33333333333334	163.0	33.44425727496838	0.008193755985317184	7.725767339844688	0.006409931472206463
69.44444444444444	125.0	33.44425727496838	0.008193755985317184	7.725767339844688	0.006409931472206463
70.55555555555556	99.0	33.44425727496838	0.008193755985317184	7.725767339844688	0.006409931472206463
71.66666666666667	81.0	33.44425727496838	0.008193755985317184	7.725767339844688	0.006409931472206463
72.77777777777779	75.0	33.44425727496838	0.008193755985317184	7.725767339844688	0.006409931472206463
73.88888888888889	45.0	33.44425727496838	0.008193755985317184	7.725767339844688	0.006409931472206463
75.0	46.0	33.44425727496838	0.008193755985317184	7.725767339844688	0.006409931472206463
76.11111111111111	55.0	33.44425727496838	0.008193755985317184	7.725767339844688	0.006409931472206463
77.22222222222223	36.0	33.44425727496838	0.008193755985317184	7.725767339844688	0.006409931472206463
78.33333333333334	25.0	33.44425727496838	0.008193755985317184	7.725767339844688	0.006409931472206463
79.44444444444444	23.0	33.44425727496838	0.008193755985317184	7.725767339844688	0.006409931472206463
80.55555555555556	24.0	33.44425727496838	0.008193755985317184	7.725767339844688	0.006409931472206463
81.66666666666667	20.0	33.44425727496838	0.008193755985317184	7.725767339844688	0.006409931472206463
82.77777777777779	16.0	33.44425727496838	0.008193755985317184	7.725767339844688	0.006409931472206463
83.88888888888889	20.0	33.44425727496838	0.008193755985317184	7.725767339844688	0.006409931472206463
85.0	9.0	33.44425727496838	0.008193755985317184	7.725767339844688	0.006409931472206463
86.11111111111111	13.0	33.44425727496838	0.008193755985317184	7.725767339844688	0.006409931472206463
87.22222222222223	7.0	33.44425727496838	0.008193755985317184	7.725767339844688	0.006409931472206463
88.33333333333334	15.0	33.44425727496838	0.008193755985317184	7.725767339844688	0.006409931472206463
89.44444444444444	9.0	33.44425727496838	0.008193755985317184	7.725767339844688	0.006409931472206463
90.55555555555556	10.0	33.44425727496838	0.008193755985317184	7.725767339844688	0.006409931472206463
91.66666666666667	12.0	33.44425727496838	0.008193755985317184	7.725767339844688	0.006409931472206463
92.77777777777779	11.0	33.44425727496838	0.008193755985317184	7.725767339844688	0.006409931472206463
93.88888888888889	5.0	33.44425727496838	0.008193755985317184	7.725767339844688	0.006409931472206463
95.0	6.0	33.44425727496838	0.008193755985317184	7.725767339844688	0.006409931472206463
96.11111111111111	7.0	33.44425727496838	0.008193755985317184	7.725767339844688	0.006409931472206463
97.22222222222223	8.0	33.44425727496838	0.008193755985317184	7.725767339844688	0.006409931472206463
98.33333333333334	6.0	33.44425727496838	0.008193755985317184	7.725767339844688	0.006409931472206463
99.44444444444446	4.0	33.44425727496838	0.008193755985317184	7.725767339844688	0.006409931472206463
100.55555555555556	2.0	33.44425727496838	0.008193755985317184	7.725767339844688	0.006409931472206463
101.66666666666667	7.0	33.44425727496838	0.008193755985317184	7.725767339844688	0.006409931472206463
102.77777777777779	6.0	33.44425727496838	0.008193755985317184	7.725767339844688	0.006409931472206463
103.88888888888889	7.0	33.44425727496838	0.008193755985317184	7.725767339844688	0.006409931472206463
105.0	6.0	33.44425727496838	0.008193755985317184	7.725767339844688	0.006409931472206463
106.11111111111111	8.0	33.44425727496838	0.008193755985317184	7.725767339844688	0.006409931472206463
107.22222222222223	8.0	33.44425727496838	0.008193755985317184	7.725767339844688	0.006409931472206463
108.33333333333334	3.0	33.44425727496838	0.008193755985317184	7.725767339844688	0.006409931472206463
109.44444444444446	9.0	33.44425727496838	0.008193755985317184	7.725767339844688	0.006409931472206463
110.55555555555556	4.0	33.44425727496838	0.008193755985317184	7.725767339844688	0.006409931472206463
111.66666666666667	7.0	33.44425727496838	0.008193755985317184	7.725767339844688	0.006409931472206463
112.77777777777779	2.0	33.44425727496838	0.008193755985317184	7.725767339844688	0.006409931472206463
113.88888888888889	3.0	33.44425727496838	0.008193755985317184	7.725767339844688	0.006409931472206463
115.0	6.0	33.44425727496838	0.008193755985317184	7.725767339844688	0.006409931472206463
116.11111111111111	3.0	33.44425727496838	0.008193755985317184	7.725767339844688	0.006409931472206463
117.22222222222223	3.0	33.44425727496838	0.008193755985317184	7.725767339844688	0.006409931472206463
118.33333333333334	6.0	33.44425727496838	0.008193755985317184	7.725767339844688	0.006409931472206463
119.44444444444446	2.0	33.44425727496838	0.008193755985317184	7.725767339844688	0.006409931472206463
120.55555555555556	2.0	33.44425727496838	0.008193755985317184	7.725767339844688	0.006409931472206463
121.66666666666667	4.0	33.44425727496838	0.008193755985317184	7.725767339844688	0.006409931472206463
122.77777777777779	7.0	33.44425727496838	0.008193755985317184	7.725767339844688	0.006409931472206463
123.8888888888889	4.0	33.44425727496838	0.008193755985317184	7.725767339844688	0.006409931472206463
125.0	2.0	33.44425727496838	0.008193755985317184	7.725767339844688	0.006409931472206463
126.11111111111111	5.0	33.44425727496838	0.008193755985317184	7.725767339844688	0.006409931472206463
127.22222222222223	4.0	33.44425727496838	0.008193755985317184	7.725767339844688	0.006409931472206463
128.33333333333334	2.0	33.44425727496838	0.008193755985317184	7.725767339844688	0.006409931472206463
129.44444444444446	6.0	33.44425727496838	0.008193755985317184	7.725767339844688	0.006409931472206463
130.55555555555554	2.0	33.44425727496838	0.008193755985317184	7.725767339844688	0.006409931472206463
131.66666666666669	4.0	33.44425727496838	0.008193755985317184	7.725767339844688	0.006409931472206463
132.77777777777777	0.0	33.44425727496838	0.008193755985317184	7.725767339844688	0.006409931472206463
133.8888888888889	3.0	33.44425727496838	0.008193755985317184	7.725767339844688	0.006409931472206463
135.0	3.0	33.44425727496838	0.008193755985317184	7.725767339844688	0.006409931472206463
136.11111111111114	4.0	33.44425727496838	0.008193755985317184	7.725767339844688	0.006409931472206463
137.22222222222223	4.0	33.44425727496838	0.008193755985317184	7.725767339844688	0.006409931472206463
138.33333333333331	0.0	33.44425727496838	0.008193755985317184	7.725767339844688	0.006409931472206463
139.44444444444446	1.0	33.44425727496838	0.008193755985317184	7.725767339844688	0.006409931472206463
140.55555555555554	8.0	33.44425727496838	0.008193755985317184	7.725767339844688	0.006409931472206463
141.66666666666669	2.0	33.44425727496838	0.008193755985317184	7.725767339844688	0.006409931472206463
142.77777777777777	2.0	33.44425727496838	0.008193755985317184	7.725767339844688	0.006409931472206463
143.8888888888889	4.0	33.44425727496838	0.008193755985317184	7.725767339844688	0.006409931472206463
145.0	3.0	33.44425727496838	0.008193755985317184	7.725767339844688	0.006409931472206463
146.11111111111114	3.0	33.44425727496838	0.008193755985317184	7.725767339844688	0.006409931472206463
147.22222222222223	3.0	33.44425727496838	0.008193755985317184	7.725767339844688	0.006409931472206463
148.33333333333331	3.0	33.44425727496838	0.008193755985317184	7.725767339844688	0.006409931472206463
149.44444444444446	1.0	33.44425727496838	0.008193755985317184	7.725767339844688	0.006409931472206463
150.55555555555554	0.0	33.44425727496838	0.008193755985317184	7.725767339844688	0.006409931472206463
151.66666666666669	1.0	33.44425727496838	0.008193755985317184	7.725767339844688	0.006409931472206463
152.77777777777777	2.0	33.44425727496838	0.008193755985317184	7.725767339844688	0.006409931472206463
153.8888888888889	3.0	33.44425727496838	0.008193755985317184	7.725767339844688	0.006409931472206463
155.0	3.0	33.44425727496838	0.008193755985317184	7.725767339844688	0.006409931472206463
156.11111111111114	2.0	33.44425727496838	0.008193755985317184	7.725767339844688	0.006409931472206463
157.22222222222223	1.0	33.44425727496838	0.008193755985317184	7.725767339844688	0.006409931472206463
158.33333333333331	2.0	33.44425727496838	0.008193755985317184	7.725767339844688	0.006409931472206463
159.44444444444446	1.0	33.44425727496838	0.008193755985317184	7.725767339844688	0.006409931472206463
160.55555555555554	1.0	33.44425727496838	0.008193755985317184	7.725767339844688	0.006409931472206463
161.66666666666669	0.0	33.44425727496838	0.008193755985317184	7.725767339844688	0.006409931472206463
162.77777777777777	0.0	33.44425727496838	0.008193755985317184	7.725767339844688	0.006409931472206463
163.8888888888889	0.0	33.44425727496838	0.008193755985317184	7.725767339844688	0.006409931472206463
165.0	3.0	33.44425727496838	0.008193755985317184	7.725767339844688	0.006409931472206463
166.11111111111114	0.0	33.44425727496838	0.008193755985317184	7.725767339844688	0.006409931472206463
167.22222222222223	1.0	33.44425727496838	0.008193755985317184	7.725767339844688	0.006409931472206463
168.33333333333331	0.0	33.44425727496838	0.008193755985317184	7.725767339844688	0.006409931472206463
169.44444444444446	1.0	33.44425727496838	0.008193755985317184	7.725767339844688	0.006409931472206463
170.55555555555554	2.0	33.44425727496838	0.008193755985317184	7.725767339844688	0.006409931472206463
171.66666666666669	4.0	33.44425727496838	0.008193755985317184	7.725767339844688	0.006409931472206463
172.77777777777777	5.0	33.44425727496838	0.008193755985317184	7.725767339844688	0.006409931472206463
173.8888888888889	0.0	33.44425727496838	0.008193755985317184	7.725767339844688	0.006409931472206463
175.0	3.0	33.44425727496838	0.008193755985317184	7.725767339844688	0.006409931472206463
176.11111111111114	2.0	33.44425727496838	0.008193755985317184	7.725767339844688	0.006409931472206463
177.22222222222223	1.0	33.44425727496838	0.008193755985317184	7.725767339844688	0.006409931472206463
178.33333333333331	2.0	33.44425727496838	0.008193755985317184	7.725767339844688	0.006409931472206463
179.44444444444446	1.0	33.44425727496838	0.008193755985317184	7.725767339844688	0.006409931472206463
180.55555555555554	3.0	33.44425727496838	0.008193755985317184	7.725767339844688	0.006409931472206463
181.66666666666669	1.0	33.44425727496838	0.008193755985317184	7.725767339844688	0.006409931472206463
182.77777777777777	1.0	33.44425727496838	0.008193755985317184	7.725767339844688	0.006409931472206463
183.8888888888889	0.0	33.44425727496838	0.008193755985317184	7.725767339844688	0.006409931472206463
185.0	1.0	33.44425727496838	0.008193755985317184	7.725767339844688	0.006409931472206463
186.11111111111114	1.0	33.44425727496838	0.008193755985317184	7.725767339844688	0.006409931472206463
187.22222222222223	1.0	33.44425727496838	0.008193755985317184	7.725767339844688	0.006409931472206463
188.33333333333334	1.0	33.44425727496838	0.008193755985317184	7.725767339844688	0.006409931472206463
189.44444444444446	1.0	33.44425727496838	0.008193755985317184	7.725767339844688	0.006409931472206463
190.55555555555554	2.0	33.44425727496838	0.008193755985317184	7.725767339844688	0.006409931472206463
191.66666666666669	0.0	33.44425727496838	0.008193755985317184	7.725767339844688	0.006409931472206463
192.77777777777777	1.0	33.44425727496838	0.008193755985317184	7.725767339844688	0.006409931472206463
193.8888888888889	4.0	33.44425727496838	0.008193755985317184	7.725767339844688	0.006409931472206463
195.0	5.0	33.44425727496838	0.008193755985317184	7.725767339844688	0.006409931472206463
196.11111111111114	0.0	33.44425727496838	0.008193755985317184	7.725767339844688	0.006409931472206463
197.22222222222223	0.0	33.44425727496838	0.008193755985317184	7.725767339844688	0.006409931472206463
198.33333333333334	0.0	33.44425727496838	0.008193755985317184	7.725767339844688	0.006409931472206463
199.44444444444446	1.0	33.44425727496838	0.008193755985317184	7.725767339844688	0.006409931472206463
