0.5555555555555556	0.0	110.59497770529843	0.027187106176033635	12.65836074231423	0.03220621643164272
1.6666666666666667	0.0	110.59497770529843	0.027187106176033635	12.65836074231423	0.03220621643164272
2.7777777777777777	0.0	110.59497770529843	0.027187106176033635	12.65836074231423	0.03220621643164272
3.8888888888888893	0.0	110.59497770529843	0.027187106176033635	12.65836074231423	0.03220621643164272
5.0	0.0	110.59497770529843	0.027187106176033635	12.65836074231423	0.03220621643164272
6.111111111111111	0.0	110.59497770529843	0.027187106176033635	12.65836074231423	0.03220621643164272
7.222222222222223	0.0	110.59497770529843	0.027187106176033635	12.65836074231423	0.03220621643164272
8.333333333333334	0.0	110.59497770529843	0.027187106176033635	12.65836074231423	0.03220621643164272
9.444444444444445	0.0	110.59497770529843	0.027187106176033635	12.65836074231423	0.03220621643164272
10.555555555555555	0.0	110.59497770529843	0.027187106176033635	12.65836074231423	0.03220621643164272
11.666666666666668	0.0	110.59497770529843	0.027187106176033635	12.65836074231423	0.03220621643164272
12.777777777777779	0.0	110.59497770529843	0.027187106176033635	12.65836074231423	0.03220621643164272
13.88888888888889	0.0	110.59497770529843	0.027187106176033635	12.65836074231423	0.03220621643164272
15.0	0.0	110.59497770529843	0.027187106176033635	12.65836074231423	0.03220621643164272
16.111111111111114	0.0	110.59497770529843	0.027187106176033635	12.65836074231423	0.03220621643164272
17.22222222222222	0.0	110.59497770529843	0.027187106176033635	12.65836074231423	0.03220621643164272
18.333333333333336	0.0	110.59497770529843	0.027187106176033635	12.65836074231423	0.03220621643164272
19.444444444444443	0.0	110.59497770529843	0.027187106176033635	12.65836074231423	0.03220621643164272
20.555555555555557	0.0	110.59497770529843	0.027187106176033635	12.65836074231423	0.03220621643164272
21.666666666666664	0.0	110.59497770529843	0.027187106176033635	12.65836074231423	0.03220621643164272
22.77777777777778	0.0	110.59497770529843	0.027187106176033635	12.65836074231423	0.03220621643164272
23.888888888888893	0.0	110.59497770529843	0.027187106176033635	12.65836074231423	0.03220621643164272
25.0	0.0	110.59497770529843	0.027187106176033635	12.65836074231423	0.03220621643164272
26.111111111111114	0.0	110.59497770529843	0.027187106176033635	12.65836074231423	0.03220621643164272
27.22222222222222	0.0	110.59497770529843	0.027187106176033635	12.65836074231423	0.03220621643164272
28.333333333333336	0.0	110.59497770529843	0.027187106176033635	12.65836074231423	0.03220621643164272
29.444444444444443	0.0	110.59497770529843	0.027187106176033635	12.65836074231423	0.03220621643164272
30.555555555555557	0.0	110.59497770529843	0.027187106176033635	12.65836074231423	0.03220621643164272
31.666666666666668	0.0	110.59497770529843	0.027187106176033635	12.65836074231423	0.03220621643164272
32.77777777777778	0.0	110.59497770529843	0.027187106176033635	12.65836074231423	0.03220621643164272
33.888888888888886	0.0	110.59497770529843	0.027187106176033635	12.65836074231423	0.03220621643164272
35.0	0.0	110.59497770529843	0.027187106176033635	12.65836074231423	0.03220621643164272
36.111111111111114	0.0	110.59497770529843	0.027187106176033635	12.65836074231423	0.03220621643164272
37.22222222222223	0.0	110.59497770529843	0.027187106176033635	12.65836074231423	0.03220621643164272
38.333333333333336	0.0	110.59497770529843	0.027187106176033635	12.65836074231423	0.03220621643164272
39.44444444444444	0.0	110.59497770529843	0.027187106176033635	12.65836074231423	0.03220621643164272
40.55555555555556	0.0	110.59497770529843	0.027187106176033635	12.65836074231423	0.03220621643164272
41.66666666666667	0.0	110.59497770529843	0.027187106176033635	12.65836074231423	0.03220621643164272
42.77777777777778	0.0	110.59497770529843	0.027187106176033635	12.65836074231423	0.03220621643164272
43.888888888888886	0.0	110.59497770529843	0.027187106176033635	12.65836074231423	0.03220621643164272
45.0	0.0	110.59497770529843	0.027187106176033635	12.65836074231423	0.03220621643164272
46.111111111111114	0.0	110.59497770529843	0.027187106176033635	12.65836074231423	0.03220621643164272
47.22222222222223	0.0	110.59497770529843	0.027187106176033635	12.65836074231423	0.03220621643164272
48.333333333333336	0.0	110.59497770529843	0.027187106176033635	12.65836074231423	0.03220621643164272
49.44444444444444	0.0	110.59497770529843	0.027187106176033635	12.65836074231423	0.03220621643164272
50.55555555555556	0.0	110.59497770529843	0.027187106176033635	12.65836074231423	0.03220621643164272
51.66666666666667	0.0	110.59497770529843	0.027187106176033635	12.65836074231423	0.03220621643164272
52.77777777777778	0.0	110.59497770529843	0.027187106176033635	12.65836074231423	0.03220621643164272
53.88888888888889	0.0	110.59497770529843	0.027187106176033635	12.65836074231423	0.03220621643164272
55.0	1.0	110.59497770529843	0.027187106176033635	12.65836074231423	0.03220621643164272
56.111111111111114	1.0	110.59497770529843	0.027187106176033635	12.65836074231423	0.03220621643164272
57.22222222222223	0.0	110.59497770529843	0.027187106176033635	12.65836074231423	0.03220621643164272
58.333333333333336	1.0	110.59497770529843	0.027187106176033635	12.65836074231423	0.03220621643164272
59.44444444444444	2.0	110.59497770529843	0.027187106176033635	12.65836074231423	0.03220621643164272
60.55555555555556	0.0	110.59497770529843	0.027187106176033635	12.65836074231423	0.03220621643164272
61.66666666666667	6.0	110.59497770529843	0.027187106176033635	12.65836074231423	0.03220621643164272
62.777777777777786	2.0	110.59497770529843	0.027187106176033635	12.65836074231423	0.03220621643164272
63.888888888888886	7.0	110.59497770529843	0.027187106176033635	12.65836074231423	0.03220621643164272
65.0	14.0	110.59497770529843	0.027187106176033635	12.65836074231423	0.03220621643164272
66.11111111111111	13.0	110.59497770529843	0.027187106176033635	12.65836074231423	0.03220621643164272
67.22222222222223	18.0	110.59497770529843	0.027187106176033635	12.65836074231423	0.03220621643164272
68.33333333333334	22.0	110.59497770529843	0.027187106176033635	12.65836074231423	0.03220621643164272
69.44444444444444	32.0	110.59497770529843	0.027187106176033635	12.65836074231423	0.03220621643164272
70.55555555555556	54.0	110.59497770529843	0.027187106176033635	12.65836074231423	0.03220621643164272
71.66666666666667	89.0	110.59497770529843	0.027187106176033635	12.65836074231423	0.03220621643164272
72.77777777777779	120.0	110.59497770529843	0.027187106176033635	12.65836074231423	0.03220621643164272
73.88888888888889	145.0	110.59497770529843	0.027187106176033635	12.65836074231423	0.03220621643164272
75.0	193.0	110.59497770529843	0.027187106176033635	12.65836074231423	0.03220621643164272
76.11111111111111	279.0	110.59497770529843	0.027187106176033635	12.65836074231423	0.03220621643164272
77.22222222222223	344.0	110.59497770529843	0.027187106176033635	12.65836074231423	0.03220621643164272
78.33333333333334	435.0	110.59497770529843	0.027187106176033635	12.65836074231423	0.03220621643164272
79.44444444444444	628.0	110.59497770529843	0.027187106176033635	12.65836074231423	0.03220621643164272
80.55555555555556	789.0	110.59497770529843	0.027187106176033635	12.65836074231423	0.03220621643164272
81.66666666666667	1054.0	110.59497770529843	0.027187106176033635	12.65836074231423	0.03220621643164272
82.77777777777779	1240.0	110.59497770529843	0.027187106176033635	12.65836074231423	0.03220621643164272
83.88888888888889	1583.0	110.59497770529843	0.027187106176033635	12.65836074231423	0.03220621643164272
85.0	1912.0	110.59497770529843	0.027187106176033635	12.65836074231423	0.03220621643164272
86.11111111111111	2344.0	110.59497770529843	0.027187106176033635	12.65836074231423	0.03220621643164272
87.22222222222223	2891.0	110.59497770529843	0.027187106176033635	12.65836074231423	0.03220621643164272
88.33333333333334	3373.0	110.59497770529843	0.027187106176033635	12.65836074231423	0.03220621643164272
89.44444444444444	3991.0	110.59497770529843	0.027187106176033635	12.65836074231423	0.03220621643164272
90.55555555555556	4597.0	110.59497770529843	0.027187106176033635	12.65836074231423	0.03220621643164272
91.66666666666667	5353.0	110.59497770529843	0.027187106176033635	12.65836074231423	0.03220621643164272
92.77777777777779	6304.0	110.59497770529843	0.027187106176033635	12.65836074231423	0.03220621643164272
93.88888888888889	7154.0	110.59497770529843	0.027187106176033635	12.65836074231423	0.03220621643164272
95.0	7917.0	110.59497770529843	0.027187106176033635	12.65836074231423	0.03220621643164272
96.11111111111111	9000.0	110.59497770529843	0.027187106176033635	12.65836074231423	0.03220621643164272
97.22222222222223	9801.0	110.59497770529843	0.027187106176033635	12.65836074231423	0.03220621643164272
98.33333333333334	10944.0	110.59497770529843	0.027187106176033635	12.65836074231423	0.03220621643164272
99.44444444444446	11751.0	110.59497770529843	0.027187106176033635	12.65836074231423	0.03220621643164272
100.55555555555556	12561.0	110.59497770529843	0.027187106176033635	12.65836074231423	0.03220621643164272	12406.97981059706	1.3827530190387471	90	108
101.66666666666667	13326.0	110.59497770529843	0.027187106176033635	12.65836074231423	0.03220621643164272	13250.339401931407	0.6572888551849811	90	108
102.77777777777779	14205.0	110.59497770529843	0.027187106176033635	12.65836074231423	0.03220621643164272	14042.41448947277	1.3720215888659757	90	108
103.88888888888889	14737.0	110.59497770529843	0.027187106176033635	12.65836074231423	0.03220621643164272	14767.617371947117	-0.2519490322233989	90	108
105.0	15684.0	110.59497770529843	0.027187106176033635	12.65836074231423	0.03220621643164272	15411.074954271045	2.198502305510947	90	108
106.11111111111111	16181.0	110.59497770529843	0.027187106176033635	12.65836074231423	0.03220621643164272	15959.132932467874	1.7562575212068956	90	108
107.22222222222223	16566.0	110.59497770529843	0.027187106176033635	12.65836074231423	0.03220621643164272	16399.83617897468	1.2975279315412749	90	108
108.33333333333334	16763.0	110.59497770529843	0.027187106176033635	12.65836074231423	0.03220621643164272	16723.36179749147	0.30651530123235954	90	108
109.44444444444446	17010.0	110.59497770529843	0.027187106176033635	12.65836074231423	0.03220621643164272	16922.382967657646	0.6735312949170111	90	108
110.55555555555556	16857.0	110.59497770529843	0.027187106176033635	12.65836074231423	0.03220621643164272	16992.344766877213	-1.0382807754905576	90	108
111.66666666666667	16805.0	110.59497770529843	0.027187106176033635	12.65836074231423	0.03220621643164272	16931.637470617883	-0.9732238584655463	90	108
112.77777777777779	16582.0	110.59497770529843	0.027187106176033635	12.65836074231423	0.03220621643164272	16741.658123822774	-1.2339335906421263	90	108
113.88888888888889	16012.0	110.59497770529843	0.027187106176033635	12.65836074231423	0.03220621643164272	16426.757094731904	-3.2360699906886152	90	108
115.0	15878.0	110.59497770529843	0.027187106176033635	12.65836074231423	0.03220621643164272	15994.072466341144	-0.9178034436395783	90	108
116.11111111111111	15239.0	110.59497770529843	0.027187106176033635	12.65836074231423	0.03220621643164272	15453.261069042055	-1.7235869477135464	90	108
117.22222222222223	14745.0	110.59497770529843	0.027187106176033635	12.65836074231423	0.03220621643164272	14816.140306139883	-0.58445111127972	90	108
118.33333333333334	13933.0	110.59497770529843	0.027187106176033635	12.65836074231423	0.03220621643164272	14096.259317271004	-1.3750738900635704	90	108
119.44444444444446	13088.0	110.59497770529843	0.027187106176033635	12.65836074231423	0.03220621643164272	13308.421187100965	-1.9106892865739693	90	108
120.55555555555556	12198.0	110.59497770529843	0.027187106176033635	12.65836074231423	0.03220621643164272
121.66666666666667	11554.0	110.59497770529843	0.027187106176033635	12.65836074231423	0.03220621643164272
122.77777777777779	10581.0	110.59497770529843	0.027187106176033635	12.65836074231423	0.03220621643164272
123.8888888888889	9847.0	110.59497770529843	0.027187106176033635	12.65836074231423	0.03220621643164272
125.0	9112.0	110.59497770529843	0.027187106176033635	12.65836074231423	0.03220621643164272
126.11111111111111	8320.0	110.59497770529843	0.027187106176033635	12.65836074231423	0.03220621643164272
127.22222222222223	7507.0	110.59497770529843	0.027187106176033635	12.65836074231423	0.03220621643164272
128.33333333333334	6800.0	110.59497770529843	0.027187106176033635	12.65836074231423	0.03220621643164272
129.44444444444446	6245.0	110.59497770529843	0.027187106176033635	12.65836074231423	0.03220621643164272
130.55555555555554	5500.0	110.59497770529843	0.027187106176033635	12.65836074231423	0.03220621643164272
131.66666666666669	5041.0	110.59497770529843	0.027187106176033635	12.65836074231423	0.03220621643164272
132.77777777777777	4492.0	110.59497770529843	0.027187106176033635	12.65836074231423	0.03220621643164272
133.8888888888889	3885.0	110.59497770529843	0.027187106176033635	12.65836074231423	0.03220621643164272
135.0	3513.0	110.59497770529843	0.027187106176033635	12.65836074231423	0.03220621643164272
136.11111111111114	2985.0	110.59497770529843	0.027187106176033635	12.65836074231423	0.03220621643164272
137.22222222222223	2699.0	110.59497770529843	0.027187106176033635	12.65836074231423	0.03220621643164272
138.33333333333331	2305.0	110.59497770529843	0.027187106176033635	12.65836074231423	0.03220621643164272
139.44444444444446	2038.0	110.59497770529843	0.027187106176033635	12.65836074231423	0.03220621643164272
140.55555555555554	1752.0	110.59497770529843	0.027187106176033635	12.65836074231423	0.03220621643164272
141.66666666666669	1527.0	110.59497770529843	0.027187106176033635	12.65836074231423	0.03220621643164272
142.77777777777777	1380.0	110.59497770529843	0.027187106176033635	12.65836074231423	0.03220621643164272
143.8888888888889	1202.0	110.59497770529843	0.027187106176033635	12.65836074231423	0.03220621643164272
145.0	1063.0	110.59497770529843	0.027187106176033635	12.65836074231423	0.03220621643164272
146.11111111111114	902.0	110.59497770529843	0.027187106176033635	12.65836074231423	0.03220621643164272
147.22222222222223	789.0	110.59497770529843	0.027187106176033635	12.65836074231423	0.03220621643164272
148.33333333333331	615.0	110.59497770529843	0.027187106176033635	12.65836074231423	0.03220621643164272
149.44444444444446	581.0	110.59497770529843	0.027187106176033635	12.65836074231423	0.03220621643164272
150.55555555555554	478.0	110.59497770529843	0.027187106176033635	12.65836074231423	0.03220621643164272
151.66666666666669	381.0	110.59497770529843	0.027187106176033635	12.65836074231423	0.03220621643164272
152.77777777777777	359.0	110.59497770529843	0.027187106176033635	12.65836074231423	0.03220621643164272
153.8888888888889	322.0	110.59497770529843	0.027187106176033635	12.65836074231423	0.03220621643164272
155.0	266.0	110.59497770529843	0.027187106176033635	12.65836074231423	0.03220621643164272
156.11111111111114	239.0	110.59497770529843	0.027187106176033635	12.65836074231423	0.03220621643164272
157.22222222222223	172.0	110.59497770529843	0.027187106176033635	12.65836074231423	0.03220621643164272
158.33333333333331	190.0	110.59497770529843	0.027187106176033635	12.65836074231423	0.03220621643164272
159.44444444444446	135.0	110.59497770529843	0.027187106176033635	12.65836074231423	0.03220621643164272
160.55555555555554	108.0	110.59497770529843	0.027187106176033635	12.65836074231423	0.03220621643164272
161.66666666666669	94.0	110.59497770529843	0.027187106176033635	12.65836074231423	0.03220621643164272
162.77777777777777	92.0	110.59497770529843	0.027187106176033635	12.65836074231423	0.03220621643164272
163.8888888888889	74.0	110.59497770529843	0.027187106176033635	12.65836074231423	0.03220621643164272
165.0	66.0	110.59497770529843	0.027187106176033635	12.65836074231423	0.03220621643164272
166.11111111111114	55.0	110.59497770529843	0.027187106176033635	12.65836074231423	0.03220621643164272
167.22222222222223	52.0	110.59497770529843	0.027187106176033635	12.65836074231423	0.03220621643164272
168.33333333333331	40.0	110.59497770529843	0.027187106176033635	12.65836074231423	0.03220621643164272
169.44444444444446	37.0	110.59497770529843	0.027187106176033635	12.65836074231423	0.03220621643164272
170.55555555555554	30.0	110.59497770529843	0.027187106176033635	12.65836074231423	0.03220621643164272
171.66666666666669	17.0	110.59497770529843	0.027187106176033635	12.65836074231423	0.03220621643164272
172.77777777777777	17.0	110.59497770529843	0.027187106176033635	12.65836074231423	0.03220621643164272
173.8888888888889	12.0	110.59497770529843	0.027187106176033635	12.65836074231423	0.03220621643164272
175.0	19.0	110.59497770529843	0.027187106176033635	12.65836074231423	0.03220621643164272
176.11111111111114	9.0	110.59497770529843	0.027187106176033635	12.65836074231423	0.03220621643164272
177.22222222222223	16.0	110.59497770529843	0.027187106176033635	12.65836074231423	0.03220621643164272
178.33333333333331	8.0	110.59497770529843	0.027187106176033635	12.65836074231423	0.03220621643164272
179.44444444444446	6.0	110.59497770529843	0.027187106176033635	12.65836074231423	0.03220621643164272
180.55555555555554	11.0	110.59497770529843	0.027187106176033635	12.65836074231423	0.03220621643164272
181.66666666666669	3.0	110.59497770529843	0.027187106176033635	12.65836074231423	0.03220621643164272
182.77777777777777	9.0	110.59497770529843	0.027187106176033635	12.65836074231423	0.03220621643164272
183.8888888888889	3.0	110.59497770529843	0.027187106176033635	12.65836074231423	0.03220621643164272
185.0	4.0	110.59497770529843	0.027187106176033635	12.65836074231423	0.03220621643164272
186.11111111111114	2.0	110.59497770529843	0.027187106176033635	12.65836074231423	0.03220621643164272
187.22222222222223	4.0	110.59497770529843	0.027187106176033635	12.65836074231423	0.03220621643164272
188.33333333333334	6.0	110.59497770529843	0.027187106176033635	12.65836074231423	0.03220621643164272
189.44444444444446	3.0	110.59497770529843	0.027187106176033635	12.65836074231423	0.03220621643164272
190.55555555555554	1.0	110.59497770529843	0.027187106176033635	12.65836074231423	0.03220621643164272
191.66666666666669	1.0	110.59497770529843	0.027187106176033635	12.65836074231423	0.03220621643164272
192.77777777777777	0.0	110.59497770529843	0.027187106176033635	12.65836074231423	0.03220621643164272
193.8888888888889	1.0	110.59497770529843	0.027187106176033635	12.65836074231423	0.03220621643164272
195.0	0.0	110.59497770529843	0.027187106176033635	12.65836074231423	0.03220621643164272
196.11111111111114	0.0	110.59497770529843	0.027187106176033635	12.65836074231423	0.03220621643164272
197.22222222222223	2.0	110.59497770529843	0.027187106176033635	12.65836074231423	0.03220621643164272
198.33333333333334	1.0	110.59497770529843	0.027187106176033635	12.65836074231423	0.03220621643164272
199.44444444444446	0.0	110.59497770529843	0.027187106176033635	12.65836074231423	0.03220621643164272
