1.3888888888888888	0.0	135.69426935440512	0.11886405424871722	13.861505464297277	0.43158230686548765
4.166666666666666	0.0	135.69426935440512	0.11886405424871722	13.861505464297277	0.43158230686548765
6.944444444444444	0.0	135.69426935440512	0.11886405424871722	13.861505464297277	0.43158230686548765
9.722222222222221	0.0	135.69426935440512	0.11886405424871722	13.861505464297277	0.43158230686548765
12.5	0.0	135.69426935440512	0.11886405424871722	13.861505464297277	0.43158230686548765
15.277777777777777	0.0	135.69426935440512	0.11886405424871722	13.861505464297277	0.43158230686548765
18.055555555555554	0.0	135.69426935440512	0.11886405424871722	13.861505464297277	0.43158230686548765
20.833333333333332	0.0	135.69426935440512	0.11886405424871722	13.861505464297277	0.43158230686548765
23.61111111111111	0.0	135.69426935440512	0.11886405424871722	13.861505464297277	0.43158230686548765
26.38888888888889	0.0	135.69426935440512	0.11886405424871722	13.861505464297277	0.43158230686548765
29.166666666666664	0.0	135.69426935440512	0.11886405424871722	13.861505464297277	0.43158230686548765
31.944444444444443	0.0	135.69426935440512	0.11886405424871722	13.861505464297277	0.43158230686548765
34.722222222222214	0.0	135.69426935440512	0.11886405424871722	13.861505464297277	0.43158230686548765
37.5	0.0	135.69426935440512	0.11886405424871722	13.861505464297277	0.43158230686548765
40.27777777777777	0.0	135.69426935440512	0.11886405424871722	13.861505464297277	0.43158230686548765
43.05555555555556	0.0	135.69426935440512	0.11886405424871722	13.861505464297277	0.43158230686548765
45.83333333333333	0.0	135.69426935440512	0.11886405424871722	13.861505464297277	0.43158230686548765
48.611111111111114	0.0	135.69426935440512	0.11886405424871722	13.861505464297277	0.43158230686548765
51.388888888888886	0.0	135.69426935440512	0.11886405424871722	13.861505464297277	0.43158230686548765
54.16666666666667	0.0	135.69426935440512	0.11886405424871722	13.861505464297277	0.43158230686548765
56.94444444444444	0.0	135.69426935440512	0.11886405424871722	13.861505464297277	0.43158230686548765
59.722222222222214	0.0	135.69426935440512	0.11886405424871722	13.861505464297277	0.43158230686548765
62.5	0.0	135.69426935440512	0.11886405424871722	13.861505464297277	0.43158230686548765
65.27777777777777	0.0	135.69426935440512	0.11886405424871722	13.861505464297277	0.43158230686548765
68.05555555555554	0.0	135.69426935440512	0.11886405424871722	13.861505464297277	0.43158230686548765
70.83333333333333	0.0	135.69426935440512	0.11886405424871722	13.861505464297277	0.43158230686548765
73.61111111111111	0.0	135.69426935440512	0.11886405424871722	13.861505464297277	0.43158230686548765
76.38888888888889	0.0	135.69426935440512	0.11886405424871722	13.861505464297277	0.43158230686548765
79.16666666666666	0.0	135.69426935440512	0.11886405424871722	13.861505464297277	0.43158230686548765
81.94444444444444	10.0	135.69426935440512	0.11886405424871722	13.861505464297277	0.43158230686548765
84.72222222222223	15.0	135.69426935440512	0.11886405424871722	13.861505464297277	0.43158230686548765
87.5	38.0	135.69426935440512	0.11886405424871722	13.861505464297277	0.43158230686548765
90.27777777777777	106.0	135.69426935440512	0.11886405424871722	13.861505464297277	0.43158230686548765
93.05555555555554	210.0	135.69426935440512	0.11886405424871722	13.861505464297277	0.43158230686548765
95.83333333333333	435.0	135.69426935440512	0.11886405424871722	13.861505464297277	0.43158230686548765
98.61111111111111	847.0	135.69426935440512	0.11886405424871722	13.861505464297277	0.43158230686548765
101.38888888888889	1626.0	135.69426935440512	0.11886405424871722	13.861505464297277	0.43158230686548765
104.16666666666666	2815.0	135.69426935440512	0.11886405424871722	13.861505464297277	0.43158230686548765
106.94444444444444	4667.0	135.69426935440512	0.11886405424871722	13.861505464297277	0.43158230686548765
109.72222222222223	7358.0	135.69426935440512	0.11886405424871722	13.861505464297277	0.43158230686548765
112.5	10863.0	135.69426935440512	0.11886405424871722	13.861505464297277	0.43158230686548765
115.27777777777777	15368.0	135.69426935440512	0.11886405424871722	13.861505464297277	0.43158230686548765
118.05555555555554	20536.0	135.69426935440512	0.11886405424871722	13.861505464297277	0.43158230686548765
120.83333333333333	26509.0	135.69426935440512	0.11886405424871722	13.861505464297277	0.43158230686548765
123.61111111111111	32853.0	135.69426935440512	0.11886405424871722	13.861505464297277	0.43158230686548765
126.38888888888889	38508.0	135.69426935440512	0.11886405424871722	13.861505464297277	0.43158230686548765	38386.1118445916	0.6221203999544126	45	52
129.16666666666666	43043.0	135.69426935440512	0.11886405424871722	13.861505464297277	0.43158230686548765	43040.608399438104	0.011527879971663242	45	52
131.94444444444443	46385.0	135.69426935440512	0.11886405424871722	13.861505464297277	0.43158230686548765	46359.86855572116	0.11672028781927911	45	52
134.72222222222223	47880.0	135.69426935440512	0.11886405424871722	13.861505464297277	0.43158230686548765	47969.53484579267	-0.4087985402712036	45	52
137.5	47776.0	135.69426935440512	0.11886405424871722	13.861505464297277	0.43158230686548765	47681.327202488035	0.4335618319655974	45	52
140.27777777777777	45497.0	135.69426935440512	0.11886405424871722	13.861505464297277	0.43158230686548765	45529.26932773579	-0.15123230711575408	45	52
143.05555555555554	42811.0	135.69426935440512	0.11886405424871722	13.861505464297277	0.43158230686548765	41763.082183248305	5.127798522818156	45	52
145.83333333333331	38192.0	135.69426935440512	0.11886405424871722	13.861505464297277	0.43158230686548765
148.61111111111111	33510.0	135.69426935440512	0.11886405424871722	13.861505464297277	0.43158230686548765
151.38888888888889	28519.0	135.69426935440512	0.11886405424871722	13.861505464297277	0.43158230686548765
154.16666666666666	24005.0	135.69426935440512	0.11886405424871722	13.861505464297277	0.43158230686548765
156.94444444444443	18897.0	135.69426935440512	0.11886405424871722	13.861505464297277	0.43158230686548765
159.72222222222223	15085.0	135.69426935440512	0.11886405424871722	13.861505464297277	0.43158230686548765
162.5	11917.0	135.69426935440512	0.11886405424871722	13.861505464297277	0.43158230686548765
165.27777777777777	9112.0	135.69426935440512	0.11886405424871722	13.861505464297277	0.43158230686548765
168.05555555555554	6839.0	135.69426935440512	0.11886405424871722	13.861505464297277	0.43158230686548765
170.83333333333331	5066.0	135.69426935440512	0.11886405424871722	13.861505464297277	0.43158230686548765
173.61111111111111	3864.0	135.69426935440512	0.11886405424871722	13.861505464297277	0.43158230686548765
176.38888888888889	2851.0	135.69426935440512	0.11886405424871722	13.861505464297277	0.43158230686548765
179.16666666666666	1921.0	135.69426935440512	0.11886405424871722	13.861505464297277	0.43158230686548765
181.94444444444443	1406.0	135.69426935440512	0.11886405424871722	13.861505464297277	0.43158230686548765
184.72222222222223	1072.0	135.69426935440512	0.11886405424871722	13.861505464297277	0.43158230686548765
187.5	788.0	135.69426935440512	0.11886405424871722	13.861505464297277	0.43158230686548765
190.27777777777777	569.0	135.69426935440512	0.11886405424871722	13.861505464297277	0.43158230686548765
193.05555555555554	384.0	135.69426935440512	0.11886405424871722	13.861505464297277	0.43158230686548765
195.83333333333331	274.0	135.69426935440512	0.11886405424871722	13.861505464297277	0.43158230686548765
198.61111111111111	195.0	135.69426935440512	0.11886405424871722	13.861505464297277	0.43158230686548765
201.38888888888889	126.0	135.69426935440512	0.11886405424871722	13.861505464297277	0.43158230686548765
204.16666666666666	83.0	135.69426935440512	0.11886405424871722	13.861505464297277	0.43158230686548765
206.94444444444443	73.0	135.69426935440512	0.11886405424871722	13.861505464297277	0.43158230686548765
209.72222222222223	31.0	135.69426935440512	0.11886405424871722	13.861505464297277	0.43158230686548765
212.5	37.0	135.69426935440512	0.11886405424871722	13.861505464297277	0.43158230686548765
215.27777777777777	23.0	135.69426935440512	0.11886405424871722	13.861505464297277	0.43158230686548765
218.05555555555554	18.0	135.69426935440512	0.11886405424871722	13.861505464297277	0.43158230686548765
220.83333333333331	7.0	135.69426935440512	0.11886405424871722	13.861505464297277	0.43158230686548765
223.61111111111111	7.0	135.69426935440512	0.11886405424871722	13.861505464297277	0.43158230686548765
226.38888888888889	5.0	135.69426935440512	0.11886405424871722	13.861505464297277	0.43158230686548765
229.16666666666666	3.0	135.69426935440512	0.11886405424871722	13.861505464297277	0.43158230686548765
231.94444444444443	0.0	135.69426935440512	0.11886405424871722	13.861505464297277	0.43158230686548765
234.72222222222223	4.0	135.69426935440512	0.11886405424871722	13.861505464297277	0.43158230686548765
237.5	0.0	135.69426935440512	0.11886405424871722	13.861505464297277	0.43158230686548765
240.27777777777777	0.0	135.69426935440512	0.11886405424871722	13.861505464297277	0.43158230686548765
243.05555555555554	0.0	135.69426935440512	0.11886405424871722	13.861505464297277	0.43158230686548765
245.83333333333331	0.0	135.69426935440512	0.11886405424871722	13.861505464297277	0.43158230686548765
248.6111111111111	1.0	135.69426935440512	0.11886405424871722	13.861505464297277	0.43158230686548765
251.38888888888889	1.0	135.69426935440512	0.11886405424871722	13.861505464297277	0.43158230686548765
254.16666666666666	0.0	135.69426935440512	0.11886405424871722	13.861505464297277	0.43158230686548765
256.94444444444446	0.0	135.69426935440512	0.11886405424871722	13.861505464297277	0.43158230686548765
259.7222222222222	0.0	135.69426935440512	0.11886405424871722	13.861505464297277	0.43158230686548765
262.5	0.0	135.69426935440512	0.11886405424871722	13.861505464297277	0.43158230686548765
265.2777777777777	0.0	135.69426935440512	0.11886405424871722	13.861505464297277	0.43158230686548765
268.05555555555554	0.0	135.69426935440512	0.11886405424871722	13.861505464297277	0.43158230686548765
270.83333333333337	0.0	135.69426935440512	0.11886405424871722	13.861505464297277	0.43158230686548765
273.6111111111111	0.0	135.69426935440512	0.11886405424871722	13.861505464297277	0.43158230686548765
276.3888888888889	0.0	135.69426935440512	0.11886405424871722	13.861505464297277	0.43158230686548765
279.16666666666663	1.0	135.69426935440512	0.11886405424871722	13.861505464297277	0.43158230686548765
281.94444444444446	0.0	135.69426935440512	0.11886405424871722	13.861505464297277	0.43158230686548765
284.7222222222222	0.0	135.69426935440512	0.11886405424871722	13.861505464297277	0.43158230686548765
287.5	0.0	135.69426935440512	0.11886405424871722	13.861505464297277	0.43158230686548765
290.2777777777777	0.0	135.69426935440512	0.11886405424871722	13.861505464297277	0.43158230686548765
293.05555555555554	0.0	135.69426935440512	0.11886405424871722	13.861505464297277	0.43158230686548765
295.83333333333337	0.0	135.69426935440512	0.11886405424871722	13.861505464297277	0.43158230686548765
298.6111111111111	0.0	135.69426935440512	0.11886405424871722	13.861505464297277	0.43158230686548765
301.3888888888889	0.0	135.69426935440512	0.11886405424871722	13.861505464297277	0.43158230686548765
304.16666666666663	0.0	135.69426935440512	0.11886405424871722	13.861505464297277	0.43158230686548765
306.94444444444446	1.0	135.69426935440512	0.11886405424871722	13.861505464297277	0.43158230686548765
309.7222222222222	0.0	135.69426935440512	0.11886405424871722	13.861505464297277	0.43158230686548765
312.5	0.0	135.69426935440512	0.11886405424871722	13.861505464297277	0.43158230686548765
315.2777777777777	0.0	135.69426935440512	0.11886405424871722	13.861505464297277	0.43158230686548765
318.05555555555554	0.0	135.69426935440512	0.11886405424871722	13.861505464297277	0.43158230686548765
320.83333333333337	0.0	135.69426935440512	0.11886405424871722	13.861505464297277	0.43158230686548765
323.6111111111111	0.0	135.69426935440512	0.11886405424871722	13.861505464297277	0.43158230686548765
326.3888888888889	0.0	135.69426935440512	0.11886405424871722	13.861505464297277	0.43158230686548765
329.16666666666663	0.0	135.69426935440512	0.11886405424871722	13.861505464297277	0.43158230686548765
331.94444444444446	0.0	135.69426935440512	0.11886405424871722	13.861505464297277	0.43158230686548765
334.7222222222222	0.0	135.69426935440512	0.11886405424871722	13.861505464297277	0.43158230686548765
337.5	0.0	135.69426935440512	0.11886405424871722	13.861505464297277	0.43158230686548765
340.2777777777777	1.0	135.69426935440512	0.11886405424871722	13.861505464297277	0.43158230686548765
343.05555555555554	0.0	135.69426935440512	0.11886405424871722	13.861505464297277	0.43158230686548765
345.83333333333337	0.0	135.69426935440512	0.11886405424871722	13.861505464297277	0.43158230686548765
348.6111111111111	0.0	135.69426935440512	0.11886405424871722	13.861505464297277	0.43158230686548765
351.3888888888889	0.0	135.69426935440512	0.11886405424871722	13.861505464297277	0.43158230686548765
354.16666666666663	1.0	135.69426935440512	0.11886405424871722	13.861505464297277	0.43158230686548765
356.94444444444446	0.0	135.69426935440512	0.11886405424871722	13.861505464297277	0.43158230686548765
359.7222222222222	0.0	135.69426935440512	0.11886405424871722	13.861505464297277	0.43158230686548765
362.5	0.0	135.69426935440512	0.11886405424871722	13.861505464297277	0.43158230686548765
365.2777777777777	0.0	135.69426935440512	0.11886405424871722	13.861505464297277	0.43158230686548765
368.05555555555554	0.0	135.69426935440512	0.11886405424871722	13.861505464297277	0.43158230686548765
370.83333333333337	0.0	135.69426935440512	0.11886405424871722	13.861505464297277	0.43158230686548765
373.6111111111111	0.0	135.69426935440512	0.11886405424871722	13.861505464297277	0.43158230686548765
376.3888888888889	0.0	135.69426935440512	0.11886405424871722	13.861505464297277	0.43158230686548765
379.16666666666663	0.0	135.69426935440512	0.11886405424871722	13.861505464297277	0.43158230686548765
381.94444444444446	0.0	135.69426935440512	0.11886405424871722	13.861505464297277	0.43158230686548765
384.7222222222222	0.0	135.69426935440512	0.11886405424871722	13.861505464297277	0.43158230686548765
387.5	0.0	135.69426935440512	0.11886405424871722	13.861505464297277	0.43158230686548765
390.2777777777777	0.0	135.69426935440512	0.11886405424871722	13.861505464297277	0.43158230686548765
393.05555555555554	1.0	135.69426935440512	0.11886405424871722	13.861505464297277	0.43158230686548765
395.83333333333337	0.0	135.69426935440512	0.11886405424871722	13.861505464297277	0.43158230686548765
398.6111111111111	0.0	135.69426935440512	0.11886405424871722	13.861505464297277	0.43158230686548765
401.3888888888889	0.0	135.69426935440512	0.11886405424871722	13.861505464297277	0.43158230686548765
404.16666666666663	0.0	135.69426935440512	0.11886405424871722	13.861505464297277	0.43158230686548765
406.94444444444446	0.0	135.69426935440512	0.11886405424871722	13.861505464297277	0.43158230686548765
409.7222222222222	0.0	135.69426935440512	0.11886405424871722	13.861505464297277	0.43158230686548765
412.5	0.0	135.69426935440512	0.11886405424871722	13.861505464297277	0.43158230686548765
415.2777777777777	0.0	135.69426935440512	0.11886405424871722	13.861505464297277	0.43158230686548765
418.05555555555554	0.0	135.69426935440512	0.11886405424871722	13.861505464297277	0.43158230686548765
420.83333333333337	0.0	135.69426935440512	0.11886405424871722	13.861505464297277	0.43158230686548765
423.6111111111111	0.0	135.69426935440512	0.11886405424871722	13.861505464297277	0.43158230686548765
426.3888888888889	0.0	135.69426935440512	0.11886405424871722	13.861505464297277	0.43158230686548765
429.16666666666663	0.0	135.69426935440512	0.11886405424871722	13.861505464297277	0.43158230686548765
431.94444444444446	0.0	135.69426935440512	0.11886405424871722	13.861505464297277	0.43158230686548765
434.7222222222222	0.0	135.69426935440512	0.11886405424871722	13.861505464297277	0.43158230686548765
437.5	0.0	135.69426935440512	0.11886405424871722	13.861505464297277	0.43158230686548765
440.2777777777777	0.0	135.69426935440512	0.11886405424871722	13.861505464297277	0.43158230686548765
443.05555555555554	0.0	135.69426935440512	0.11886405424871722	13.861505464297277	0.43158230686548765
445.83333333333337	0.0	135.69426935440512	0.11886405424871722	13.861505464297277	0.43158230686548765
448.6111111111111	0.0	135.69426935440512	0.11886405424871722	13.861505464297277	0.43158230686548765
451.3888888888889	0.0	135.69426935440512	0.11886405424871722	13.861505464297277	0.43158230686548765
454.16666666666663	0.0	135.69426935440512	0.11886405424871722	13.861505464297277	0.43158230686548765
456.94444444444446	0.0	135.69426935440512	0.11886405424871722	13.861505464297277	0.43158230686548765
459.7222222222222	0.0	135.69426935440512	0.11886405424871722	13.861505464297277	0.43158230686548765
462.5	0.0	135.69426935440512	0.11886405424871722	13.861505464297277	0.43158230686548765
465.2777777777777	0.0	135.69426935440512	0.11886405424871722	13.861505464297277	0.43158230686548765
468.05555555555554	0.0	135.69426935440512	0.11886405424871722	13.861505464297277	0.43158230686548765
470.8333333333333	0.0	135.69426935440512	0.11886405424871722	13.861505464297277	0.43158230686548765
473.6111111111111	0.0	135.69426935440512	0.11886405424871722	13.861505464297277	0.43158230686548765
476.3888888888889	1.0	135.69426935440512	0.11886405424871722	13.861505464297277	0.43158230686548765
479.16666666666663	0.0	135.69426935440512	0.11886405424871722	13.861505464297277	0.43158230686548765
481.94444444444446	0.0	135.69426935440512	0.11886405424871722	13.861505464297277	0.43158230686548765
484.7222222222222	0.0	135.69426935440512	0.11886405424871722	13.861505464297277	0.43158230686548765
487.5	0.0	135.69426935440512	0.11886405424871722	13.861505464297277	0.43158230686548765
490.2777777777777	0.0	135.69426935440512	0.11886405424871722	13.861505464297277	0.43158230686548765
493.05555555555554	0.0	135.69426935440512	0.11886405424871722	13.861505464297277	0.43158230686548765
495.8333333333333	0.0	135.69426935440512	0.11886405424871722	13.861505464297277	0.43158230686548765
498.6111111111111	0.0	135.69426935440512	0.11886405424871722	13.861505464297277	0.43158230686548765
