0.5555555555555556	0.0	121.05197766664075	0.02785077854575242	13.412225140007967	0.03567107170422877
1.6666666666666667	0.0	121.05197766664075	0.02785077854575242	13.412225140007967	0.03567107170422877
2.7777777777777777	0.0	121.05197766664075	0.02785077854575242	13.412225140007967	0.03567107170422877
3.8888888888888893	0.0	121.05197766664075	0.02785077854575242	13.412225140007967	0.03567107170422877
5.0	0.0	121.05197766664075	0.02785077854575242	13.412225140007967	0.03567107170422877
6.111111111111111	0.0	121.05197766664075	0.02785077854575242	13.412225140007967	0.03567107170422877
7.222222222222223	0.0	121.05197766664075	0.02785077854575242	13.412225140007967	0.03567107170422877
8.333333333333334	0.0	121.05197766664075	0.02785077854575242	13.412225140007967	0.03567107170422877
9.444444444444445	0.0	121.05197766664075	0.02785077854575242	13.412225140007967	0.03567107170422877
10.555555555555555	0.0	121.05197766664075	0.02785077854575242	13.412225140007967	0.03567107170422877
11.666666666666668	0.0	121.05197766664075	0.02785077854575242	13.412225140007967	0.03567107170422877
12.777777777777779	0.0	121.05197766664075	0.02785077854575242	13.412225140007967	0.03567107170422877
13.88888888888889	0.0	121.05197766664075	0.02785077854575242	13.412225140007967	0.03567107170422877
15.0	0.0	121.05197766664075	0.02785077854575242	13.412225140007967	0.03567107170422877
16.111111111111114	0.0	121.05197766664075	0.02785077854575242	13.412225140007967	0.03567107170422877
17.22222222222222	0.0	121.05197766664075	0.02785077854575242	13.412225140007967	0.03567107170422877
18.333333333333336	0.0	121.05197766664075	0.02785077854575242	13.412225140007967	0.03567107170422877
19.444444444444443	0.0	121.05197766664075	0.02785077854575242	13.412225140007967	0.03567107170422877
20.555555555555557	0.0	121.05197766664075	0.02785077854575242	13.412225140007967	0.03567107170422877
21.666666666666664	0.0	121.05197766664075	0.02785077854575242	13.412225140007967	0.03567107170422877
22.77777777777778	0.0	121.05197766664075	0.02785077854575242	13.412225140007967	0.03567107170422877
23.888888888888893	0.0	121.05197766664075	0.02785077854575242	13.412225140007967	0.03567107170422877
25.0	0.0	121.05197766664075	0.02785077854575242	13.412225140007967	0.03567107170422877
26.111111111111114	0.0	121.05197766664075	0.02785077854575242	13.412225140007967	0.03567107170422877
27.22222222222222	0.0	121.05197766664075	0.02785077854575242	13.412225140007967	0.03567107170422877
28.333333333333336	0.0	121.05197766664075	0.02785077854575242	13.412225140007967	0.03567107170422877
29.444444444444443	0.0	121.05197766664075	0.02785077854575242	13.412225140007967	0.03567107170422877
30.555555555555557	0.0	121.05197766664075	0.02785077854575242	13.412225140007967	0.03567107170422877
31.666666666666668	0.0	121.05197766664075	0.02785077854575242	13.412225140007967	0.03567107170422877
32.77777777777778	0.0	121.05197766664075	0.02785077854575242	13.412225140007967	0.03567107170422877
33.888888888888886	0.0	121.05197766664075	0.02785077854575242	13.412225140007967	0.03567107170422877
35.0	0.0	121.05197766664075	0.02785077854575242	13.412225140007967	0.03567107170422877
36.111111111111114	0.0	121.05197766664075	0.02785077854575242	13.412225140007967	0.03567107170422877
37.22222222222223	0.0	121.05197766664075	0.02785077854575242	13.412225140007967	0.03567107170422877
38.333333333333336	0.0	121.05197766664075	0.02785077854575242	13.412225140007967	0.03567107170422877
39.44444444444444	0.0	121.05197766664075	0.02785077854575242	13.412225140007967	0.03567107170422877
40.55555555555556	0.0	121.05197766664075	0.02785077854575242	13.412225140007967	0.03567107170422877
41.66666666666667	0.0	121.05197766664075	0.02785077854575242	13.412225140007967	0.03567107170422877
42.77777777777778	0.0	121.05197766664075	0.02785077854575242	13.412225140007967	0.03567107170422877
43.888888888888886	0.0	121.05197766664075	0.02785077854575242	13.412225140007967	0.03567107170422877
45.0	0.0	121.05197766664075	0.02785077854575242	13.412225140007967	0.03567107170422877
46.111111111111114	0.0	121.05197766664075	0.02785077854575242	13.412225140007967	0.03567107170422877
47.22222222222223	0.0	121.05197766664075	0.02785077854575242	13.412225140007967	0.03567107170422877
48.333333333333336	0.0	121.05197766664075	0.02785077854575242	13.412225140007967	0.03567107170422877
49.44444444444444	0.0	121.05197766664075	0.02785077854575242	13.412225140007967	0.03567107170422877
50.55555555555556	0.0	121.05197766664075	0.02785077854575242	13.412225140007967	0.03567107170422877
51.66666666666667	0.0	121.05197766664075	0.02785077854575242	13.412225140007967	0.03567107170422877
52.77777777777778	0.0	121.05197766664075	0.02785077854575242	13.412225140007967	0.03567107170422877
53.88888888888889	0.0	121.05197766664075	0.02785077854575242	13.412225140007967	0.03567107170422877
55.0	0.0	121.05197766664075	0.02785077854575242	13.412225140007967	0.03567107170422877
56.111111111111114	0.0	121.05197766664075	0.02785077854575242	13.412225140007967	0.03567107170422877
57.22222222222223	0.0	121.05197766664075	0.02785077854575242	13.412225140007967	0.03567107170422877
58.333333333333336	0.0	121.05197766664075	0.02785077854575242	13.412225140007967	0.03567107170422877
59.44444444444444	0.0	121.05197766664075	0.02785077854575242	13.412225140007967	0.03567107170422877
60.55555555555556	0.0	121.05197766664075	0.02785077854575242	13.412225140007967	0.03567107170422877
61.66666666666667	0.0	121.05197766664075	0.02785077854575242	13.412225140007967	0.03567107170422877
62.777777777777786	0.0	121.05197766664075	0.02785077854575242	13.412225140007967	0.03567107170422877
63.888888888888886	0.0	121.05197766664075	0.02785077854575242	13.412225140007967	0.03567107170422877
65.0	0.0	121.05197766664075	0.02785077854575242	13.412225140007967	0.03567107170422877
66.11111111111111	0.0	121.05197766664075	0.02785077854575242	13.412225140007967	0.03567107170422877
67.22222222222223	3.0	121.05197766664075	0.02785077854575242	13.412225140007967	0.03567107170422877
68.33333333333334	3.0	121.05197766664075	0.02785077854575242	13.412225140007967	0.03567107170422877
69.44444444444444	1.0	121.05197766664075	0.02785077854575242	13.412225140007967	0.03567107170422877
70.55555555555556	3.0	121.05197766664075	0.02785077854575242	13.412225140007967	0.03567107170422877
71.66666666666667	1.0	121.05197766664075	0.02785077854575242	13.412225140007967	0.03567107170422877
72.77777777777779	7.0	121.05197766664075	0.02785077854575242	13.412225140007967	0.03567107170422877
73.88888888888889	10.0	121.05197766664075	0.02785077854575242	13.412225140007967	0.03567107170422877
75.0	10.0	121.05197766664075	0.02785077854575242	13.412225140007967	0.03567107170422877
76.11111111111111	31.0	121.05197766664075	0.02785077854575242	13.412225140007967	0.03567107170422877
77.22222222222223	31.0	121.05197766664075	0.02785077854575242	13.412225140007967	0.03567107170422877
78.33333333333334	28.0	121.05197766664075	0.02785077854575242	13.412225140007967	0.03567107170422877
79.44444444444444	39.0	121.05197766664075	0.02785077854575242	13.412225140007967	0.03567107170422877
80.55555555555556	73.0	121.05197766664075	0.02785077854575242	13.412225140007967	0.03567107170422877
81.66666666666667	90.0	121.05197766664075	0.02785077854575242	13.412225140007967	0.03567107170422877
82.77777777777779	149.0	121.05197766664075	0.02785077854575242	13.412225140007967	0.03567107170422877
83.88888888888889	185.0	121.05197766664075	0.02785077854575242	13.412225140007967	0.03567107170422877
85.0	237.0	121.05197766664075	0.02785077854575242	13.412225140007967	0.03567107170422877
86.11111111111111	318.0	121.05197766664075	0.02785077854575242	13.412225140007967	0.03567107170422877
87.22222222222223	412.0	121.05197766664075	0.02785077854575242	13.412225140007967	0.03567107170422877
88.33333333333334	579.0	121.05197766664075	0.02785077854575242	13.412225140007967	0.03567107170422877
89.44444444444444	687.0	121.05197766664075	0.02785077854575242	13.412225140007967	0.03567107170422877
90.55555555555556	889.0	121.05197766664075	0.02785077854575242	13.412225140007967	0.03567107170422877
91.66666666666667	1084.0	121.05197766664075	0.02785077854575242	13.412225140007967	0.03567107170422877
92.77777777777779	1341.0	121.05197766664075	0.02785077854575242	13.412225140007967	0.03567107170422877
93.88888888888889	1644.0	121.05197766664075	0.02785077854575242	13.412225140007967	0.03567107170422877
95.0	2040.0	121.05197766664075	0.02785077854575242	13.412225140007967	0.03567107170422877
96.11111111111111	2398.0	121.05197766664075	0.02785077854575242	13.412225140007967	0.03567107170422877
97.22222222222223	2828.0	121.05197766664075	0.02785077854575242	13.412225140007967	0.03567107170422877
98.33333333333334	3483.0	121.05197766664075	0.02785077854575242	13.412225140007967	0.03567107170422877
99.44444444444446	4084.0	121.05197766664075	0.02785077854575242	13.412225140007967	0.03567107170422877
100.55555555555556	4738.0	121.05197766664075	0.02785077854575242	13.412225140007967	0.03567107170422877
101.66666666666667	5460.0	121.05197766664075	0.02785077854575242	13.412225140007967	0.03567107170422877
102.77777777777779	6150.0	121.05197766664075	0.02785077854575242	13.412225140007967	0.03567107170422877
103.88888888888889	6860.0	121.05197766664075	0.02785077854575242	13.412225140007967	0.03567107170422877
105.0	7938.0	121.05197766664075	0.02785077854575242	13.412225140007967	0.03567107170422877
106.11111111111111	8787.0	121.05197766664075	0.02785077854575242	13.412225140007967	0.03567107170422877
107.22222222222223	9440.0	121.05197766664075	0.02785077854575242	13.412225140007967	0.03567107170422877
108.33333333333334	10418.0	121.05197766664075	0.02785077854575242	13.412225140007967	0.03567107170422877
109.44444444444446	11430.0	121.05197766664075	0.02785077854575242	13.412225140007967	0.03567107170422877
110.55555555555556	12116.0	121.05197766664075	0.02785077854575242	13.412225140007967	0.03567107170422877	11938.56967429166	1.6238716528748236	99	117
111.66666666666667	12782.0	121.05197766664075	0.02785077854575242	13.412225140007967	0.03567107170422877	12694.59054314761	0.7757987452570682	99	117
112.77777777777779	13639.0	121.05197766664075	0.02785077854575242	13.412225140007967	0.03567107170422877	13406.164323688863	2.0109314058119696	99	117
113.88888888888889	14338.0	121.05197766664075	0.02785077854575242	13.412225140007967	0.03567107170422877	14060.793201972932	2.337754846045255	99	117
115.0	14996.0	121.05197766664075	0.02785077854575242	13.412225140007967	0.03567107170422877	14646.523244770347	2.8876930139391446	99	117
116.11111111111111	15233.0	121.05197766664075	0.02785077854575242	13.412225140007967	0.03567107170422877	15152.305260920368	0.6555500670008104	99	117
117.22222222222223	15926.0	121.05197766664075	0.02785077854575242	13.412225140007967	0.03567107170422877	15568.340397037951	2.8664787774111153	99	117
118.33333333333334	15952.0	121.05197766664075	0.02785077854575242	13.412225140007967	0.03567107170422877	15886.395416960891	0.520500912927783	99	117
119.44444444444446	16238.0	121.05197766664075	0.02785077854575242	13.412225140007967	0.03567107170422877	16100.073514629867	1.0870105024512033	99	117
120.55555555555556	16049.0	121.05197766664075	0.02785077854575242	13.412225140007967	0.03567107170422877	16205.028223901621	-1.225683300367991	99	117
121.66666666666667	16373.0	121.05197766664075	0.02785077854575242	13.412225140007967	0.03567107170422877	16199.110434863824	1.3662429637508062	99	117
122.77777777777779	15969.0	121.05197766664075	0.02785077854575242	13.412225140007967	0.03567107170422877	16082.44157075549	-0.894532739482111	99	117
123.8888888888889	15769.0	121.05197766664075	0.02785077854575242	13.412225140007967	0.03567107170422877	15857.40944509366	-0.7020734417237442	99	117
125.0	15385.0	121.05197766664075	0.02785077854575242	13.412225140007967	0.03567107170422877	15528.58699644832	-1.152256432594159	99	117
126.11111111111111	14963.0	121.05197766664075	0.02785077854575242	13.412225140007967	0.03567107170422877	15102.57776407832	-1.1357707938810906	99	117
127.22222222222223	14148.0	121.05197766664075	0.02785077854575242	13.412225140007967	0.03567107170422877	14587.795397825463	-3.6412948652204915	99	117
128.33333333333334	13957.0	121.05197766664075	0.02785077854575242	13.412225140007967	0.03567107170422877	13994.187484266004	-0.3143568695700689	99	117
129.44444444444446	13185.0	121.05197766664075	0.02785077854575242	13.412225140007967	0.03567107170422877	13332.91634474462	-1.2810131532894118	99	117
130.55555555555554	12292.0	121.05197766664075	0.02785077854575242	13.412225140007967	0.03567107170422877
131.66666666666669	11465.0	121.05197766664075	0.02785077854575242	13.412225140007967	0.03567107170422877
132.77777777777777	10888.0	121.05197766664075	0.02785077854575242	13.412225140007967	0.03567107170422877
133.8888888888889	10222.0	121.05197766664075	0.02785077854575242	13.412225140007967	0.03567107170422877
135.0	9323.0	121.05197766664075	0.02785077854575242	13.412225140007967	0.03567107170422877
136.11111111111114	8722.0	121.05197766664075	0.02785077854575242	13.412225140007967	0.03567107170422877
137.22222222222223	7911.0	121.05197766664075	0.02785077854575242	13.412225140007967	0.03567107170422877
138.33333333333331	7134.0	121.05197766664075	0.02785077854575242	13.412225140007967	0.03567107170422877
139.44444444444446	6774.0	121.05197766664075	0.02785077854575242	13.412225140007967	0.03567107170422877
140.55555555555554	5965.0	121.05197766664075	0.02785077854575242	13.412225140007967	0.03567107170422877
141.66666666666669	5577.0	121.05197766664075	0.02785077854575242	13.412225140007967	0.03567107170422877
142.77777777777777	4874.0	121.05197766664075	0.02785077854575242	13.412225140007967	0.03567107170422877
143.8888888888889	4290.0	121.05197766664075	0.02785077854575242	13.412225140007967	0.03567107170422877
145.0	3946.0	121.05197766664075	0.02785077854575242	13.412225140007967	0.03567107170422877
146.11111111111114	3474.0	121.05197766664075	0.02785077854575242	13.412225140007967	0.03567107170422877
147.22222222222223	3084.0	121.05197766664075	0.02785077854575242	13.412225140007967	0.03567107170422877
148.33333333333331	2735.0	121.05197766664075	0.02785077854575242	13.412225140007967	0.03567107170422877
149.44444444444446	2291.0	121.05197766664075	0.02785077854575242	13.412225140007967	0.03567107170422877
150.55555555555554	2075.0	121.05197766664075	0.02785077854575242	13.412225140007967	0.03567107170422877
151.66666666666669	1821.0	121.05197766664075	0.02785077854575242	13.412225140007967	0.03567107170422877
152.77777777777777	1591.0	121.05197766664075	0.02785077854575242	13.412225140007967	0.03567107170422877
153.8888888888889	1333.0	121.05197766664075	0.02785077854575242	13.412225140007967	0.03567107170422877
155.0	1225.0	121.05197766664075	0.02785077854575242	13.412225140007967	0.03567107170422877
156.11111111111114	1056.0	121.05197766664075	0.02785077854575242	13.412225140007967	0.03567107170422877
157.22222222222223	892.0	121.05197766664075	0.02785077854575242	13.412225140007967	0.03567107170422877
158.33333333333331	800.0	121.05197766664075	0.02785077854575242	13.412225140007967	0.03567107170422877
159.44444444444446	699.0	121.05197766664075	0.02785077854575242	13.412225140007967	0.03567107170422877
160.55555555555554	650.0	121.05197766664075	0.02785077854575242	13.412225140007967	0.03567107170422877
161.66666666666669	505.0	121.05197766664075	0.02785077854575242	13.412225140007967	0.03567107170422877
162.77777777777777	485.0	121.05197766664075	0.02785077854575242	13.412225140007967	0.03567107170422877
163.8888888888889	397.0	121.05197766664075	0.02785077854575242	13.412225140007967	0.03567107170422877
165.0	290.0	121.05197766664075	0.02785077854575242	13.412225140007967	0.03567107170422877
166.11111111111114	274.0	121.05197766664075	0.02785077854575242	13.412225140007967	0.03567107170422877
167.22222222222223	230.0	121.05197766664075	0.02785077854575242	13.412225140007967	0.03567107170422877
168.33333333333331	207.0	121.05197766664075	0.02785077854575242	13.412225140007967	0.03567107170422877
169.44444444444446	187.0	121.05197766664075	0.02785077854575242	13.412225140007967	0.03567107170422877
170.55555555555554	134.0	121.05197766664075	0.02785077854575242	13.412225140007967	0.03567107170422877
171.66666666666669	123.0	121.05197766664075	0.02785077854575242	13.412225140007967	0.03567107170422877
172.77777777777777	125.0	121.05197766664075	0.02785077854575242	13.412225140007967	0.03567107170422877
173.8888888888889	94.0	121.05197766664075	0.02785077854575242	13.412225140007967	0.03567107170422877
175.0	82.0	121.05197766664075	0.02785077854575242	13.412225140007967	0.03567107170422877
176.11111111111114	85.0	121.05197766664075	0.02785077854575242	13.412225140007967	0.03567107170422877
177.22222222222223	71.0	121.05197766664075	0.02785077854575242	13.412225140007967	0.03567107170422877
178.33333333333331	49.0	121.05197766664075	0.02785077854575242	13.412225140007967	0.03567107170422877
179.44444444444446	39.0	121.05197766664075	0.02785077854575242	13.412225140007967	0.03567107170422877
180.55555555555554	39.0	121.05197766664075	0.02785077854575242	13.412225140007967	0.03567107170422877
181.66666666666669	36.0	121.05197766664075	0.02785077854575242	13.412225140007967	0.03567107170422877
182.77777777777777	32.0	121.05197766664075	0.02785077854575242	13.412225140007967	0.03567107170422877
183.8888888888889	17.0	121.05197766664075	0.02785077854575242	13.412225140007967	0.03567107170422877
185.0	18.0	121.05197766664075	0.02785077854575242	13.412225140007967	0.03567107170422877
186.11111111111114	17.0	121.05197766664075	0.02785077854575242	13.412225140007967	0.03567107170422877
187.22222222222223	12.0	121.05197766664075	0.02785077854575242	13.412225140007967	0.03567107170422877
188.33333333333334	12.0	121.05197766664075	0.02785077854575242	13.412225140007967	0.03567107170422877
189.44444444444446	10.0	121.05197766664075	0.02785077854575242	13.412225140007967	0.03567107170422877
190.55555555555554	12.0	121.05197766664075	0.02785077854575242	13.412225140007967	0.03567107170422877
191.66666666666669	6.0	121.05197766664075	0.02785077854575242	13.412225140007967	0.03567107170422877
192.77777777777777	4.0	121.05197766664075	0.02785077854575242	13.412225140007967	0.03567107170422877
193.8888888888889	9.0	121.05197766664075	0.02785077854575242	13.412225140007967	0.03567107170422877
195.0	3.0	121.05197766664075	0.02785077854575242	13.412225140007967	0.03567107170422877
196.11111111111114	2.0	121.05197766664075	0.02785077854575242	13.412225140007967	0.03567107170422877
197.22222222222223	1.0	121.05197766664075	0.02785077854575242	13.412225140007967	0.03567107170422877
198.33333333333334	7.0	121.05197766664075	0.02785077854575242	13.412225140007967	0.03567107170422877
199.44444444444446	4.0	121.05197766664075	0.02785077854575242	13.412225140007967	0.03567107170422877
