0.5555555555555556	0.0	86.76755635952631	0.019846622173628148	11.389931386750947	0.02141426828116337
1.6666666666666667	0.0	86.76755635952631	0.019846622173628148	11.389931386750947	0.02141426828116337
2.7777777777777777	0.0	86.76755635952631	0.019846622173628148	11.389931386750947	0.02141426828116337
3.8888888888888893	0.0	86.76755635952631	0.019846622173628148	11.389931386750947	0.02141426828116337
5.0	0.0	86.76755635952631	0.019846622173628148	11.389931386750947	0.02141426828116337
6.111111111111111	0.0	86.76755635952631	0.019846622173628148	11.389931386750947	0.02141426828116337
7.222222222222223	0.0	86.76755635952631	0.019846622173628148	11.389931386750947	0.02141426828116337
8.333333333333334	0.0	86.76755635952631	0.019846622173628148	11.389931386750947	0.02141426828116337
9.444444444444445	0.0	86.76755635952631	0.019846622173628148	11.389931386750947	0.02141426828116337
10.555555555555555	0.0	86.76755635952631	0.019846622173628148	11.389931386750947	0.02141426828116337
11.666666666666668	0.0	86.76755635952631	0.019846622173628148	11.389931386750947	0.02141426828116337
12.777777777777779	0.0	86.76755635952631	0.019846622173628148	11.389931386750947	0.02141426828116337
13.88888888888889	0.0	86.76755635952631	0.019846622173628148	11.389931386750947	0.02141426828116337
15.0	0.0	86.76755635952631	0.019846622173628148	11.389931386750947	0.02141426828116337
16.111111111111114	0.0	86.76755635952631	0.019846622173628148	11.389931386750947	0.02141426828116337
17.22222222222222	0.0	86.76755635952631	0.019846622173628148	11.389931386750947	0.02141426828116337
18.333333333333336	0.0	86.76755635952631	0.019846622173628148	11.389931386750947	0.02141426828116337
19.444444444444443	0.0	86.76755635952631	0.019846622173628148	11.389931386750947	0.02141426828116337
20.555555555555557	0.0	86.76755635952631	0.019846622173628148	11.389931386750947	0.02141426828116337
21.666666666666664	0.0	86.76755635952631	0.019846622173628148	11.389931386750947	0.02141426828116337
22.77777777777778	0.0	86.76755635952631	0.019846622173628148	11.389931386750947	0.02141426828116337
23.888888888888893	0.0	86.76755635952631	0.019846622173628148	11.389931386750947	0.02141426828116337
25.0	0.0	86.76755635952631	0.019846622173628148	11.389931386750947	0.02141426828116337
26.111111111111114	0.0	86.76755635952631	0.019846622173628148	11.389931386750947	0.02141426828116337
27.22222222222222	0.0	86.76755635952631	0.019846622173628148	11.389931386750947	0.02141426828116337
28.333333333333336	0.0	86.76755635952631	0.019846622173628148	11.389931386750947	0.02141426828116337
29.444444444444443	0.0	86.76755635952631	0.019846622173628148	11.389931386750947	0.02141426828116337
30.555555555555557	0.0	86.76755635952631	0.019846622173628148	11.389931386750947	0.02141426828116337
31.666666666666668	0.0	86.76755635952631	0.019846622173628148	11.389931386750947	0.02141426828116337
32.77777777777778	0.0	86.76755635952631	0.019846622173628148	11.389931386750947	0.02141426828116337
33.888888888888886	0.0	86.76755635952631	0.019846622173628148	11.389931386750947	0.02141426828116337
35.0	0.0	86.76755635952631	0.019846622173628148	11.389931386750947	0.02141426828116337
36.111111111111114	0.0	86.76755635952631	0.019846622173628148	11.389931386750947	0.02141426828116337
37.22222222222223	0.0	86.76755635952631	0.019846622173628148	11.389931386750947	0.02141426828116337
38.333333333333336	1.0	86.76755635952631	0.019846622173628148	11.389931386750947	0.02141426828116337
39.44444444444444	1.0	86.76755635952631	0.019846622173628148	11.389931386750947	0.02141426828116337
40.55555555555556	1.0	86.76755635952631	0.019846622173628148	11.389931386750947	0.02141426828116337
41.66666666666667	3.0	86.76755635952631	0.019846622173628148	11.389931386750947	0.02141426828116337
42.77777777777778	0.0	86.76755635952631	0.019846622173628148	11.389931386750947	0.02141426828116337
43.888888888888886	2.0	86.76755635952631	0.019846622173628148	11.389931386750947	0.02141426828116337
45.0	6.0	86.76755635952631	0.019846622173628148	11.389931386750947	0.02141426828116337
46.111111111111114	21.0	86.76755635952631	0.019846622173628148	11.389931386750947	0.02141426828116337
47.22222222222223	12.0	86.76755635952631	0.019846622173628148	11.389931386750947	0.02141426828116337
48.333333333333336	24.0	86.76755635952631	0.019846622173628148	11.389931386750947	0.02141426828116337
49.44444444444444	48.0	86.76755635952631	0.019846622173628148	11.389931386750947	0.02141426828116337
50.55555555555556	60.0	86.76755635952631	0.019846622173628148	11.389931386750947	0.02141426828116337
51.66666666666667	78.0	86.76755635952631	0.019846622173628148	11.389931386750947	0.02141426828116337
52.77777777777778	131.0	86.76755635952631	0.019846622173628148	11.389931386750947	0.02141426828116337
53.88888888888889	164.0	86.76755635952631	0.019846622173628148	11.389931386750947	0.02141426828116337
55.0	263.0	86.76755635952631	0.019846622173628148	11.389931386750947	0.02141426828116337
56.111111111111114	340.0	86.76755635952631	0.019846622173628148	11.389931386750947	0.02141426828116337
57.22222222222223	510.0	86.76755635952631	0.019846622173628148	11.389931386750947	0.02141426828116337
58.333333333333336	700.0	86.76755635952631	0.019846622173628148	11.389931386750947	0.02141426828116337
59.44444444444444	859.0	86.76755635952631	0.019846622173628148	11.389931386750947	0.02141426828116337
60.55555555555556	1131.0	86.76755635952631	0.019846622173628148	11.389931386750947	0.02141426828116337
61.66666666666667	1484.0	86.76755635952631	0.019846622173628148	11.389931386750947	0.02141426828116337
62.777777777777786	1925.0	86.76755635952631	0.019846622173628148	11.389931386750947	0.02141426828116337
63.888888888888886	2543.0	86.76755635952631	0.019846622173628148	11.389931386750947	0.02141426828116337
65.0	3199.0	86.76755635952631	0.019846622173628148	11.389931386750947	0.02141426828116337
66.11111111111111	3757.0	86.76755635952631	0.019846622173628148	11.389931386750947	0.02141426828116337
67.22222222222223	4562.0	86.76755635952631	0.019846622173628148	11.389931386750947	0.02141426828116337
68.33333333333334	5395.0	86.76755635952631	0.019846622173628148	11.389931386750947	0.02141426828116337
69.44444444444444	6490.0	86.76755635952631	0.019846622173628148	11.389931386750947	0.02141426828116337
70.55555555555556	7587.0	86.76755635952631	0.019846622173628148	11.389931386750947	0.02141426828116337
71.66666666666667	9051.0	86.76755635952631	0.019846622173628148	11.389931386750947	0.02141426828116337
72.77777777777779	10128.0	86.76755635952631	0.019846622173628148	11.389931386750947	0.02141426828116337
73.88888888888889	11288.0	86.76755635952631	0.019846622173628148	11.389931386750947	0.02141426828116337
75.0	12693.0	86.76755635952631	0.019846622173628148	11.389931386750947	0.02141426828116337
76.11111111111111	13995.0	86.76755635952631	0.019846622173628148	11.389931386750947	0.02141426828116337
77.22222222222223	15461.0	86.76755635952631	0.019846622173628148	11.389931386750947	0.02141426828116337	14985.129708889723	3.8873920227275316	69	87
78.33333333333334	16823.0	86.76755635952631	0.019846622173628148	11.389931386750947	0.02141426828116337	16184.494694881936	5.018973905485216	69	87
79.44444444444444	17785.0	86.76755635952631	0.019846622173628148	11.389931386750947	0.02141426828116337	17314.29696344383	3.5772110943927613	69	87
80.55555555555556	18770.0	86.76755635952631	0.019846622173628148	11.389931386750947	0.02141426828116337	18347.532202333474	3.1189239221233973	69	87
81.66666666666667	19573.0	86.76755635952631	0.019846622173628148	11.389931386750947	0.02141426828116337	19258.28167632496	2.267844443859827	69	87
82.77777777777779	20547.0	86.76755635952631	0.019846622173628148	11.389931386750947	0.02141426828116337	20022.785259867887	3.704648291802498	69	87
83.88888888888889	20780.0	86.76755635952631	0.019846622173628148	11.389931386750947	0.02141426828116337	20620.46830023699	1.110958229711209	69	87
85.0	20950.0	86.76755635952631	0.019846622173628148	11.389931386750947	0.02141426828116337	21034.860576172247	-0.5851081632020152	69	87
86.11111111111111	21155.0	86.76755635952631	0.019846622173628148	11.389931386750947	0.02141426828116337	21254.350135628727	-0.681466559049771	69	87
87.22222222222223	21059.0	86.76755635952631	0.019846622173628148	11.389931386750947	0.02141426828116337	21272.723875140327	-1.4653504045592276	69	87
88.33333333333334	21054.0	86.76755635952631	0.019846622173628148	11.389931386750947	0.02141426828116337	21089.4597406815	-0.24417591739967193	69	87
89.44444444444444	20494.0	86.76755635952631	0.019846622173628148	11.389931386750947	0.02141426828116337	20709.75137153408	-1.4992226080370854	69	87
90.55555555555556	19482.0	86.76755635952631	0.019846622173628148	11.389931386750947	0.02141426828116337	20144.263563631648	-4.666112057157409	69	87
91.66666666666667	19180.0	86.76755635952631	0.019846622173628148	11.389931386750947	0.02141426828116337	19408.63462090335	-1.6411357335692216	69	87
92.77777777777779	18156.0	86.76755635952631	0.019846622173628148	11.389931386750947	0.02141426828116337	18522.75800191132	-2.694801445667209	69	87
93.88888888888889	17150.0	86.76755635952631	0.019846622173628148	11.389931386750947	0.02141426828116337	17509.889303072778	-2.7197390576913496	69	87
95.0	15949.0	86.76755635952631	0.019846622173628148	11.389931386750947	0.02141426828116337	16395.634472520724	-3.4880935680677374	69	87
96.11111111111111	14716.0	86.76755635952631	0.019846622173628148	11.389931386750947	0.02141426828116337	15206.88052199719	-3.980665940217919	69	87
97.22222222222223	13701.0	86.76755635952631	0.019846622173628148	11.389931386750947	0.02141426828116337
98.33333333333334	12619.0	86.76755635952631	0.019846622173628148	11.389931386750947	0.02141426828116337
99.44444444444446	11194.0	86.76755635952631	0.019846622173628148	11.389931386750947	0.02141426828116337
100.55555555555556	10225.0	86.76755635952631	0.019846622173628148	11.389931386750947	0.02141426828116337
101.66666666666667	9404.0	86.76755635952631	0.019846622173628148	11.389931386750947	0.02141426828116337
102.77777777777779	8351.0	86.76755635952631	0.019846622173628148	11.389931386750947	0.02141426828116337
103.88888888888889	7338.0	86.76755635952631	0.019846622173628148	11.389931386750947	0.02141426828116337
105.0	6422.0	86.76755635952631	0.019846622173628148	11.389931386750947	0.02141426828116337
106.11111111111111	5720.0	86.76755635952631	0.019846622173628148	11.389931386750947	0.02141426828116337
107.22222222222223	5017.0	86.76755635952631	0.019846622173628148	11.389931386750947	0.02141426828116337
108.33333333333334	4469.0	86.76755635952631	0.019846622173628148	11.389931386750947	0.02141426828116337
109.44444444444446	3746.0	86.76755635952631	0.019846622173628148	11.389931386750947	0.02141426828116337
110.55555555555556	3353.0	86.76755635952631	0.019846622173628148	11.389931386750947	0.02141426828116337
111.66666666666667	2825.0	86.76755635952631	0.019846622173628148	11.389931386750947	0.02141426828116337
112.77777777777779	2534.0	86.76755635952631	0.019846622173628148	11.389931386750947	0.02141426828116337
113.88888888888889	2160.0	86.76755635952631	0.019846622173628148	11.389931386750947	0.02141426828116337
115.0	1811.0	86.76755635952631	0.019846622173628148	11.389931386750947	0.02141426828116337
116.11111111111111	1534.0	86.76755635952631	0.019846622173628148	11.389931386750947	0.02141426828116337
117.22222222222223	1373.0	86.76755635952631	0.019846622173628148	11.389931386750947	0.02141426828116337
118.33333333333334	1110.0	86.76755635952631	0.019846622173628148	11.389931386750947	0.02141426828116337
119.44444444444446	918.0	86.76755635952631	0.019846622173628148	11.389931386750947	0.02141426828116337
120.55555555555556	843.0	86.76755635952631	0.019846622173628148	11.389931386750947	0.02141426828116337
121.66666666666667	721.0	86.76755635952631	0.019846622173628148	11.389931386750947	0.02141426828116337
122.77777777777779	624.0	86.76755635952631	0.019846622173628148	11.389931386750947	0.02141426828116337
123.8888888888889	527.0	86.76755635952631	0.019846622173628148	11.389931386750947	0.02141426828116337
125.0	444.0	86.76755635952631	0.019846622173628148	11.389931386750947	0.02141426828116337
126.11111111111111	371.0	86.76755635952631	0.019846622173628148	11.389931386750947	0.02141426828116337
127.22222222222223	305.0	86.76755635952631	0.019846622173628148	11.389931386750947	0.02141426828116337
128.33333333333334	263.0	86.76755635952631	0.019846622173628148	11.389931386750947	0.02141426828116337
129.44444444444446	225.0	86.76755635952631	0.019846622173628148	11.389931386750947	0.02141426828116337
130.55555555555554	193.0	86.76755635952631	0.019846622173628148	11.389931386750947	0.02141426828116337
131.66666666666669	173.0	86.76755635952631	0.019846622173628148	11.389931386750947	0.02141426828116337
132.77777777777777	140.0	86.76755635952631	0.019846622173628148	11.389931386750947	0.02141426828116337
133.8888888888889	112.0	86.76755635952631	0.019846622173628148	11.389931386750947	0.02141426828116337
135.0	88.0	86.76755635952631	0.019846622173628148	11.389931386750947	0.02141426828116337
136.11111111111114	80.0	86.76755635952631	0.019846622173628148	11.389931386750947	0.02141426828116337
137.22222222222223	64.0	86.76755635952631	0.019846622173628148	11.389931386750947	0.02141426828116337
138.33333333333331	76.0	86.76755635952631	0.019846622173628148	11.389931386750947	0.02141426828116337
139.44444444444446	46.0	86.76755635952631	0.019846622173628148	11.389931386750947	0.02141426828116337
140.55555555555554	45.0	86.76755635952631	0.019846622173628148	11.389931386750947	0.02141426828116337
141.66666666666669	38.0	86.76755635952631	0.019846622173628148	11.389931386750947	0.02141426828116337
142.77777777777777	38.0	86.76755635952631	0.019846622173628148	11.389931386750947	0.02141426828116337
143.8888888888889	34.0	86.76755635952631	0.019846622173628148	11.389931386750947	0.02141426828116337
145.0	28.0	86.76755635952631	0.019846622173628148	11.389931386750947	0.02141426828116337
146.11111111111114	13.0	86.76755635952631	0.019846622173628148	11.389931386750947	0.02141426828116337
147.22222222222223	12.0	86.76755635952631	0.019846622173628148	11.389931386750947	0.02141426828116337
148.33333333333331	14.0	86.76755635952631	0.019846622173628148	11.389931386750947	0.02141426828116337
149.44444444444446	12.0	86.76755635952631	0.019846622173628148	11.389931386750947	0.02141426828116337
150.55555555555554	11.0	86.76755635952631	0.019846622173628148	11.389931386750947	0.02141426828116337
151.66666666666669	8.0	86.76755635952631	0.019846622173628148	11.389931386750947	0.02141426828116337
152.77777777777777	9.0	86.76755635952631	0.019846622173628148	11.389931386750947	0.02141426828116337
153.8888888888889	7.0	86.76755635952631	0.019846622173628148	11.389931386750947	0.02141426828116337
155.0	10.0	86.76755635952631	0.019846622173628148	11.389931386750947	0.02141426828116337
156.11111111111114	3.0	86.76755635952631	0.019846622173628148	11.389931386750947	0.02141426828116337
157.22222222222223	3.0	86.76755635952631	0.019846622173628148	11.389931386750947	0.02141426828116337
158.33333333333331	3.0	86.76755635952631	0.019846622173628148	11.389931386750947	0.02141426828116337
159.44444444444446	4.0	86.76755635952631	0.019846622173628148	11.389931386750947	0.02141426828116337
160.55555555555554	1.0	86.76755635952631	0.019846622173628148	11.389931386750947	0.02141426828116337
161.66666666666669	3.0	86.76755635952631	0.019846622173628148	11.389931386750947	0.02141426828116337
162.77777777777777	2.0	86.76755635952631	0.019846622173628148	11.389931386750947	0.02141426828116337
163.8888888888889	2.0	86.76755635952631	0.019846622173628148	11.389931386750947	0.02141426828116337
165.0	2.0	86.76755635952631	0.019846622173628148	11.389931386750947	0.02141426828116337
166.11111111111114	1.0	86.76755635952631	0.019846622173628148	11.389931386750947	0.02141426828116337
167.22222222222223	1.0	86.76755635952631	0.019846622173628148	11.389931386750947	0.02141426828116337
168.33333333333331	0.0	86.76755635952631	0.019846622173628148	11.389931386750947	0.02141426828116337
169.44444444444446	1.0	86.76755635952631	0.019846622173628148	11.389931386750947	0.02141426828116337
170.55555555555554	2.0	86.76755635952631	0.019846622173628148	11.389931386750947	0.02141426828116337
171.66666666666669	3.0	86.76755635952631	0.019846622173628148	11.389931386750947	0.02141426828116337
172.77777777777777	1.0	86.76755635952631	0.019846622173628148	11.389931386750947	0.02141426828116337
173.8888888888889	1.0	86.76755635952631	0.019846622173628148	11.389931386750947	0.02141426828116337
175.0	0.0	86.76755635952631	0.019846622173628148	11.389931386750947	0.02141426828116337
176.11111111111114	0.0	86.76755635952631	0.019846622173628148	11.389931386750947	0.02141426828116337
177.22222222222223	0.0	86.76755635952631	0.019846622173628148	11.389931386750947	0.02141426828116337
178.33333333333331	1.0	86.76755635952631	0.019846622173628148	11.389931386750947	0.02141426828116337
179.44444444444446	0.0	86.76755635952631	0.019846622173628148	11.389931386750947	0.02141426828116337
180.55555555555554	2.0	86.76755635952631	0.019846622173628148	11.389931386750947	0.02141426828116337
181.66666666666669	1.0	86.76755635952631	0.019846622173628148	11.389931386750947	0.02141426828116337
182.77777777777777	0.0	86.76755635952631	0.019846622173628148	11.389931386750947	0.02141426828116337
183.8888888888889	1.0	86.76755635952631	0.019846622173628148	11.389931386750947	0.02141426828116337
185.0	0.0	86.76755635952631	0.019846622173628148	11.389931386750947	0.02141426828116337
186.11111111111114	0.0	86.76755635952631	0.019846622173628148	11.389931386750947	0.02141426828116337
187.22222222222223	0.0	86.76755635952631	0.019846622173628148	11.389931386750947	0.02141426828116337
188.33333333333334	0.0	86.76755635952631	0.019846622173628148	11.389931386750947	0.02141426828116337
189.44444444444446	0.0	86.76755635952631	0.019846622173628148	11.389931386750947	0.02141426828116337
190.55555555555554	0.0	86.76755635952631	0.019846622173628148	11.389931386750947	0.02141426828116337
191.66666666666669	0.0	86.76755635952631	0.019846622173628148	11.389931386750947	0.02141426828116337
192.77777777777777	0.0	86.76755635952631	0.019846622173628148	11.389931386750947	0.02141426828116337
193.8888888888889	1.0	86.76755635952631	0.019846622173628148	11.389931386750947	0.02141426828116337
195.0	0.0	86.76755635952631	0.019846622173628148	11.389931386750947	0.02141426828116337
196.11111111111114	0.0	86.76755635952631	0.019846622173628148	11.389931386750947	0.02141426828116337
197.22222222222223	1.0	86.76755635952631	0.019846622173628148	11.389931386750947	0.02141426828116337
198.33333333333334	0.0	86.76755635952631	0.019846622173628148	11.389931386750947	0.02141426828116337
199.44444444444446	1.0	86.76755635952631	0.019846622173628148	11.389931386750947	0.02141426828116337
