0.5555555555555556	0.0	82.47129445228309	0.01625570150353071	11.187773883271342	0.01746879115666424
1.6666666666666667	0.0	82.47129445228309	0.01625570150353071	11.187773883271342	0.01746879115666424
2.7777777777777777	0.0	82.47129445228309	0.01625570150353071	11.187773883271342	0.01746879115666424
3.8888888888888893	0.0	82.47129445228309	0.01625570150353071	11.187773883271342	0.01746879115666424
5.0	0.0	82.47129445228309	0.01625570150353071	11.187773883271342	0.01746879115666424
6.111111111111111	0.0	82.47129445228309	0.01625570150353071	11.187773883271342	0.01746879115666424
7.222222222222223	0.0	82.47129445228309	0.01625570150353071	11.187773883271342	0.01746879115666424
8.333333333333334	0.0	82.47129445228309	0.01625570150353071	11.187773883271342	0.01746879115666424
9.444444444444445	0.0	82.47129445228309	0.01625570150353071	11.187773883271342	0.01746879115666424
10.555555555555555	0.0	82.47129445228309	0.01625570150353071	11.187773883271342	0.01746879115666424
11.666666666666668	0.0	82.47129445228309	0.01625570150353071	11.187773883271342	0.01746879115666424
12.777777777777779	0.0	82.47129445228309	0.01625570150353071	11.187773883271342	0.01746879115666424
13.88888888888889	0.0	82.47129445228309	0.01625570150353071	11.187773883271342	0.01746879115666424
15.0	0.0	82.47129445228309	0.01625570150353071	11.187773883271342	0.01746879115666424
16.111111111111114	0.0	82.47129445228309	0.01625570150353071	11.187773883271342	0.01746879115666424
17.22222222222222	0.0	82.47129445228309	0.01625570150353071	11.187773883271342	0.01746879115666424
18.333333333333336	0.0	82.47129445228309	0.01625570150353071	11.187773883271342	0.01746879115666424
19.444444444444443	0.0	82.47129445228309	0.01625570150353071	11.187773883271342	0.01746879115666424
20.555555555555557	0.0	82.47129445228309	0.01625570150353071	11.187773883271342	0.01746879115666424
21.666666666666664	0.0	82.47129445228309	0.01625570150353071	11.187773883271342	0.01746879115666424
22.77777777777778	0.0	82.47129445228309	0.01625570150353071	11.187773883271342	0.01746879115666424
23.888888888888893	0.0	82.47129445228309	0.01625570150353071	11.187773883271342	0.01746879115666424
25.0	0.0	82.47129445228309	0.01625570150353071	11.187773883271342	0.01746879115666424
26.111111111111114	0.0	82.47129445228309	0.01625570150353071	11.187773883271342	0.01746879115666424
27.22222222222222	0.0	82.47129445228309	0.01625570150353071	11.187773883271342	0.01746879115666424
28.333333333333336	0.0	82.47129445228309	0.01625570150353071	11.187773883271342	0.01746879115666424
29.444444444444443	0.0	82.47129445228309	0.01625570150353071	11.187773883271342	0.01746879115666424
30.555555555555557	0.0	82.47129445228309	0.01625570150353071	11.187773883271342	0.01746879115666424
31.666666666666668	0.0	82.47129445228309	0.01625570150353071	11.187773883271342	0.01746879115666424
32.77777777777778	0.0	82.47129445228309	0.01625570150353071	11.187773883271342	0.01746879115666424
33.888888888888886	0.0	82.47129445228309	0.01625570150353071	11.187773883271342	0.01746879115666424
35.0	0.0	82.47129445228309	0.01625570150353071	11.187773883271342	0.01746879115666424
36.111111111111114	2.0	82.47129445228309	0.01625570150353071	11.187773883271342	0.01746879115666424
37.22222222222223	2.0	82.47129445228309	0.01625570150353071	11.187773883271342	0.01746879115666424
38.333333333333336	0.0	82.47129445228309	0.01625570150353071	11.187773883271342	0.01746879115666424
39.44444444444444	1.0	82.47129445228309	0.01625570150353071	11.187773883271342	0.01746879115666424
40.55555555555556	9.0	82.47129445228309	0.01625570150353071	11.187773883271342	0.01746879115666424
41.66666666666667	8.0	82.47129445228309	0.01625570150353071	11.187773883271342	0.01746879115666424
42.77777777777778	16.0	82.47129445228309	0.01625570150353071	11.187773883271342	0.01746879115666424
43.888888888888886	15.0	82.47129445228309	0.01625570150353071	11.187773883271342	0.01746879115666424
45.0	48.0	82.47129445228309	0.01625570150353071	11.187773883271342	0.01746879115666424
46.111111111111114	49.0	82.47129445228309	0.01625570150353071	11.187773883271342	0.01746879115666424
47.22222222222223	86.0	82.47129445228309	0.01625570150353071	11.187773883271342	0.01746879115666424
48.333333333333336	128.0	82.47129445228309	0.01625570150353071	11.187773883271342	0.01746879115666424
49.44444444444444	169.0	82.47129445228309	0.01625570150353071	11.187773883271342	0.01746879115666424
50.55555555555556	265.0	82.47129445228309	0.01625570150353071	11.187773883271342	0.01746879115666424
51.66666666666667	421.0	82.47129445228309	0.01625570150353071	11.187773883271342	0.01746879115666424
52.77777777777778	499.0	82.47129445228309	0.01625570150353071	11.187773883271342	0.01746879115666424
53.88888888888889	745.0	82.47129445228309	0.01625570150353071	11.187773883271342	0.01746879115666424
55.0	972.0	82.47129445228309	0.01625570150353071	11.187773883271342	0.01746879115666424
56.111111111111114	1326.0	82.47129445228309	0.01625570150353071	11.187773883271342	0.01746879115666424
57.22222222222223	1750.0	82.47129445228309	0.01625570150353071	11.187773883271342	0.01746879115666424
58.333333333333336	2242.0	82.47129445228309	0.01625570150353071	11.187773883271342	0.01746879115666424
59.44444444444444	2943.0	82.47129445228309	0.01625570150353071	11.187773883271342	0.01746879115666424
60.55555555555556	3703.0	82.47129445228309	0.01625570150353071	11.187773883271342	0.01746879115666424
61.66666666666667	4604.0	82.47129445228309	0.01625570150353071	11.187773883271342	0.01746879115666424
62.777777777777786	5746.0	82.47129445228309	0.01625570150353071	11.187773883271342	0.01746879115666424
63.888888888888886	6937.0	82.47129445228309	0.01625570150353071	11.187773883271342	0.01746879115666424
65.0	8182.0	82.47129445228309	0.01625570150353071	11.187773883271342	0.01746879115666424
66.11111111111111	9804.0	82.47129445228309	0.01625570150353071	11.187773883271342	0.01746879115666424
67.22222222222223	11408.0	82.47129445228309	0.01625570150353071	11.187773883271342	0.01746879115666424
68.33333333333334	13487.0	82.47129445228309	0.01625570150353071	11.187773883271342	0.01746879115666424
69.44444444444444	15244.0	82.47129445228309	0.01625570150353071	11.187773883271342	0.01746879115666424
70.55555555555556	16989.0	82.47129445228309	0.01625570150353071	11.187773883271342	0.01746879115666424
71.66666666666667	18833.0	82.47129445228309	0.01625570150353071	11.187773883271342	0.01746879115666424
72.77777777777779	21144.0	82.47129445228309	0.01625570150353071	11.187773883271342	0.01746879115666424	20292.677099474644	5.976193400731436	65	83
73.88888888888889	22640.0	82.47129445228309	0.01625570150353071	11.187773883271342	0.01746879115666424	22007.394227901095	4.264310685514694	65	83
75.0	24190.0	82.47129445228309	0.01625570150353071	11.187773883271342	0.01746879115666424	23632.750598145674	3.6248703268888365	65	83
76.11111111111111	25715.0	82.47129445228309	0.01625570150353071	11.187773883271342	0.01746879115666424	25129.062733711908	3.696263938507959	65	83
77.22222222222223	27167.0	82.47129445228309	0.01625570150353071	11.187773883271342	0.01746879115666424	26457.857891808988	4.35969326216168	65	83
78.33333333333334	28244.0	82.47129445228309	0.01625570150353071	11.187773883271342	0.01746879115666424	27583.5042402042	3.976905896313504	65	83
79.44444444444444	28809.0	82.47129445228309	0.01625570150353071	11.187773883271342	0.01746879115666424	28474.792496784416	1.9805504609346647	65	83
80.55555555555556	29485.0	82.47129445228309	0.01625570150353071	11.187773883271342	0.01746879115666424	29106.371452563937	2.21931690667016	65	83
81.66666666666667	29538.0	82.47129445228309	0.01625570150353071	11.187773883271342	0.01746879115666424	29459.945371465044	0.4547604553327629	65	83
82.77777777777779	29709.0	82.47129445228309	0.01625570150353071	11.187773883271342	0.01746879115666424	29525.154378173527	1.0699345289872035	65	83
83.88888888888889	28927.0	82.47129445228309	0.01625570150353071	11.187773883271342	0.01746879115666424	29300.07872124741	-2.1795462336434963	65	83
85.0	28454.0	82.47129445228309	0.01625570150353071	11.187773883271342	0.01746879115666424	28791.332660711454	-1.9880509396341	65	83
86.11111111111111	27556.0	82.47129445228309	0.01625570150353071	11.187773883271342	0.01746879115666424	28013.741572774827	-2.7348581058488377	65	83
87.22222222222223	26484.0	82.47129445228309	0.01625570150353071	11.187773883271342	0.01746879115666424	26989.62426808755	-3.0777227230839674	65	83
88.33333333333334	24962.0	82.47129445228309	0.01625570150353071	11.187773883271342	0.01746879115666424	25747.729003420558	-4.89669799572828	65	83
89.44444444444444	23850.0	82.47129445228309	0.01625570150353071	11.187773883271342	0.01746879115666424	24321.893953365627	-3.0258383105952547	65	83
90.55555555555556	21962.0	82.47129445228309	0.01625570150353071	11.187773883271342	0.01746879115666424	22749.519164742134	-5.2212563985669815	65	83
91.66666666666667	20212.0	82.47129445228309	0.01625570150353071	11.187773883271342	0.01746879115666424	21069.9460339608	-5.91055495052492	65	83
92.77777777777779	18878.0	82.47129445228309	0.01625570150353071	11.187773883271342	0.01746879115666424
93.88888888888889	17017.0	82.47129445228309	0.01625570150353071	11.187773883271342	0.01746879115666424
95.0	15508.0	82.47129445228309	0.01625570150353071	11.187773883271342	0.01746879115666424
96.11111111111111	13984.0	82.47129445228309	0.01625570150353071	11.187773883271342	0.01746879115666424
97.22222222222223	12786.0	82.47129445228309	0.01625570150353071	11.187773883271342	0.01746879115666424
98.33333333333334	11156.0	82.47129445228309	0.01625570150353071	11.187773883271342	0.01746879115666424
99.44444444444446	10003.0	82.47129445228309	0.01625570150353071	11.187773883271342	0.01746879115666424
100.55555555555556	8663.0	82.47129445228309	0.01625570150353071	11.187773883271342	0.01746879115666424
101.66666666666667	7397.0	82.47129445228309	0.01625570150353071	11.187773883271342	0.01746879115666424
102.77777777777779	6643.0	82.47129445228309	0.01625570150353071	11.187773883271342	0.01746879115666424
103.88888888888889	5741.0	82.47129445228309	0.01625570150353071	11.187773883271342	0.01746879115666424
105.0	4963.0	82.47129445228309	0.01625570150353071	11.187773883271342	0.01746879115666424
106.11111111111111	4289.0	82.47129445228309	0.01625570150353071	11.187773883271342	0.01746879115666424
107.22222222222223	3642.0	82.47129445228309	0.01625570150353071	11.187773883271342	0.01746879115666424
108.33333333333334	3286.0	82.47129445228309	0.01625570150353071	11.187773883271342	0.01746879115666424
109.44444444444446	2715.0	82.47129445228309	0.01625570150353071	11.187773883271342	0.01746879115666424
110.55555555555556	2309.0	82.47129445228309	0.01625570150353071	11.187773883271342	0.01746879115666424
111.66666666666667	2010.0	82.47129445228309	0.01625570150353071	11.187773883271342	0.01746879115666424
112.77777777777779	1691.0	82.47129445228309	0.01625570150353071	11.187773883271342	0.01746879115666424
113.88888888888889	1410.0	82.47129445228309	0.01625570150353071	11.187773883271342	0.01746879115666424
115.0	1235.0	82.47129445228309	0.01625570150353071	11.187773883271342	0.01746879115666424
116.11111111111111	993.0	82.47129445228309	0.01625570150353071	11.187773883271342	0.01746879115666424
117.22222222222223	954.0	82.47129445228309	0.01625570150353071	11.187773883271342	0.01746879115666424
118.33333333333334	807.0	82.47129445228309	0.01625570150353071	11.187773883271342	0.01746879115666424
119.44444444444446	638.0	82.47129445228309	0.01625570150353071	11.187773883271342	0.01746879115666424
120.55555555555556	561.0	82.47129445228309	0.01625570150353071	11.187773883271342	0.01746879115666424
121.66666666666667	473.0	82.47129445228309	0.01625570150353071	11.187773883271342	0.01746879115666424
122.77777777777779	390.0	82.47129445228309	0.01625570150353071	11.187773883271342	0.01746879115666424
123.8888888888889	347.0	82.47129445228309	0.01625570150353071	11.187773883271342	0.01746879115666424
125.0	281.0	82.47129445228309	0.01625570150353071	11.187773883271342	0.01746879115666424
126.11111111111111	250.0	82.47129445228309	0.01625570150353071	11.187773883271342	0.01746879115666424
127.22222222222223	215.0	82.47129445228309	0.01625570150353071	11.187773883271342	0.01746879115666424
128.33333333333334	189.0	82.47129445228309	0.01625570150353071	11.187773883271342	0.01746879115666424
129.44444444444446	141.0	82.47129445228309	0.01625570150353071	11.187773883271342	0.01746879115666424
130.55555555555554	123.0	82.47129445228309	0.01625570150353071	11.187773883271342	0.01746879115666424
131.66666666666669	102.0	82.47129445228309	0.01625570150353071	11.187773883271342	0.01746879115666424
132.77777777777777	87.0	82.47129445228309	0.01625570150353071	11.187773883271342	0.01746879115666424
133.8888888888889	74.0	82.47129445228309	0.01625570150353071	11.187773883271342	0.01746879115666424
135.0	67.0	82.47129445228309	0.01625570150353071	11.187773883271342	0.01746879115666424
136.11111111111114	55.0	82.47129445228309	0.01625570150353071	11.187773883271342	0.01746879115666424
137.22222222222223	42.0	82.47129445228309	0.01625570150353071	11.187773883271342	0.01746879115666424
138.33333333333331	33.0	82.47129445228309	0.01625570150353071	11.187773883271342	0.01746879115666424
139.44444444444446	39.0	82.47129445228309	0.01625570150353071	11.187773883271342	0.01746879115666424
140.55555555555554	40.0	82.47129445228309	0.01625570150353071	11.187773883271342	0.01746879115666424
141.66666666666669	22.0	82.47129445228309	0.01625570150353071	11.187773883271342	0.01746879115666424
142.77777777777777	22.0	82.47129445228309	0.01625570150353071	11.187773883271342	0.01746879115666424
143.8888888888889	16.0	82.47129445228309	0.01625570150353071	11.187773883271342	0.01746879115666424
145.0	11.0	82.47129445228309	0.01625570150353071	11.187773883271342	0.01746879115666424
146.11111111111114	20.0	82.47129445228309	0.01625570150353071	11.187773883271342	0.01746879115666424
147.22222222222223	10.0	82.47129445228309	0.01625570150353071	11.187773883271342	0.01746879115666424
148.33333333333331	14.0	82.47129445228309	0.01625570150353071	11.187773883271342	0.01746879115666424
149.44444444444446	4.0	82.47129445228309	0.01625570150353071	11.187773883271342	0.01746879115666424
150.55555555555554	9.0	82.47129445228309	0.01625570150353071	11.187773883271342	0.01746879115666424
151.66666666666669	6.0	82.47129445228309	0.01625570150353071	11.187773883271342	0.01746879115666424
152.77777777777777	5.0	82.47129445228309	0.01625570150353071	11.187773883271342	0.01746879115666424
153.8888888888889	2.0	82.47129445228309	0.01625570150353071	11.187773883271342	0.01746879115666424
155.0	5.0	82.47129445228309	0.01625570150353071	11.187773883271342	0.01746879115666424
156.11111111111114	1.0	82.47129445228309	0.01625570150353071	11.187773883271342	0.01746879115666424
157.22222222222223	3.0	82.47129445228309	0.01625570150353071	11.187773883271342	0.01746879115666424
158.33333333333331	3.0	82.47129445228309	0.01625570150353071	11.187773883271342	0.01746879115666424
159.44444444444446	3.0	82.47129445228309	0.01625570150353071	11.187773883271342	0.01746879115666424
160.55555555555554	6.0	82.47129445228309	0.01625570150353071	11.187773883271342	0.01746879115666424
161.66666666666669	5.0	82.47129445228309	0.01625570150353071	11.187773883271342	0.01746879115666424
162.77777777777777	1.0	82.47129445228309	0.01625570150353071	11.187773883271342	0.01746879115666424
163.8888888888889	1.0	82.47129445228309	0.01625570150353071	11.187773883271342	0.01746879115666424
165.0	0.0	82.47129445228309	0.01625570150353071	11.187773883271342	0.01746879115666424
166.11111111111114	0.0	82.47129445228309	0.01625570150353071	11.187773883271342	0.01746879115666424
167.22222222222223	2.0	82.47129445228309	0.01625570150353071	11.187773883271342	0.01746879115666424
168.33333333333331	0.0	82.47129445228309	0.01625570150353071	11.187773883271342	0.01746879115666424
169.44444444444446	1.0	82.47129445228309	0.01625570150353071	11.187773883271342	0.01746879115666424
170.55555555555554	1.0	82.47129445228309	0.01625570150353071	11.187773883271342	0.01746879115666424
171.66666666666669	1.0	82.47129445228309	0.01625570150353071	11.187773883271342	0.01746879115666424
172.77777777777777	0.0	82.47129445228309	0.01625570150353071	11.187773883271342	0.01746879115666424
173.8888888888889	0.0	82.47129445228309	0.01625570150353071	11.187773883271342	0.01746879115666424
175.0	2.0	82.47129445228309	0.01625570150353071	11.187773883271342	0.01746879115666424
176.11111111111114	1.0	82.47129445228309	0.01625570150353071	11.187773883271342	0.01746879115666424
177.22222222222223	0.0	82.47129445228309	0.01625570150353071	11.187773883271342	0.01746879115666424
178.33333333333331	0.0	82.47129445228309	0.01625570150353071	11.187773883271342	0.01746879115666424
179.44444444444446	0.0	82.47129445228309	0.01625570150353071	11.187773883271342	0.01746879115666424
180.55555555555554	0.0	82.47129445228309	0.01625570150353071	11.187773883271342	0.01746879115666424
181.66666666666669	2.0	82.47129445228309	0.01625570150353071	11.187773883271342	0.01746879115666424
182.77777777777777	0.0	82.47129445228309	0.01625570150353071	11.187773883271342	0.01746879115666424
183.8888888888889	0.0	82.47129445228309	0.01625570150353071	11.187773883271342	0.01746879115666424
185.0	0.0	82.47129445228309	0.01625570150353071	11.187773883271342	0.01746879115666424
186.11111111111114	0.0	82.47129445228309	0.01625570150353071	11.187773883271342	0.01746879115666424
187.22222222222223	0.0	82.47129445228309	0.01625570150353071	11.187773883271342	0.01746879115666424
188.33333333333334	0.0	82.47129445228309	0.01625570150353071	11.187773883271342	0.01746879115666424
189.44444444444446	0.0	82.47129445228309	0.01625570150353071	11.187773883271342	0.01746879115666424
190.55555555555554	0.0	82.47129445228309	0.01625570150353071	11.187773883271342	0.01746879115666424
191.66666666666669	0.0	82.47129445228309	0.01625570150353071	11.187773883271342	0.01746879115666424
192.77777777777777	0.0	82.47129445228309	0.01625570150353071	11.187773883271342	0.01746879115666424
193.8888888888889	0.0	82.47129445228309	0.01625570150353071	11.187773883271342	0.01746879115666424
195.0	0.0	82.47129445228309	0.01625570150353071	11.187773883271342	0.01746879115666424
196.11111111111114	0.0	82.47129445228309	0.01625570150353071	11.187773883271342	0.01746879115666424
197.22222222222223	0.0	82.47129445228309	0.01625570150353071	11.187773883271342	0.01746879115666424
198.33333333333334	0.0	82.47129445228309	0.01625570150353071	11.187773883271342	0.01746879115666424
199.44444444444446	0.0	82.47129445228309	0.01625570150353071	11.187773883271342	0.01746879115666424
