0.5555555555555556	0.0	110.59060109647416	0.022464069520829945	12.82866854478109	0.02741580939729269
1.6666666666666667	0.0	110.59060109647416	0.022464069520829945	12.82866854478109	0.02741580939729269
2.7777777777777777	0.0	110.59060109647416	0.022464069520829945	12.82866854478109	0.02741580939729269
3.8888888888888893	0.0	110.59060109647416	0.022464069520829945	12.82866854478109	0.02741580939729269
5.0	0.0	110.59060109647416	0.022464069520829945	12.82866854478109	0.02741580939729269
6.111111111111111	0.0	110.59060109647416	0.022464069520829945	12.82866854478109	0.02741580939729269
7.222222222222223	0.0	110.59060109647416	0.022464069520829945	12.82866854478109	0.02741580939729269
8.333333333333334	0.0	110.59060109647416	0.022464069520829945	12.82866854478109	0.02741580939729269
9.444444444444445	0.0	110.59060109647416	0.022464069520829945	12.82866854478109	0.02741580939729269
10.555555555555555	0.0	110.59060109647416	0.022464069520829945	12.82866854478109	0.02741580939729269
11.666666666666668	0.0	110.59060109647416	0.022464069520829945	12.82866854478109	0.02741580939729269
12.777777777777779	0.0	110.59060109647416	0.022464069520829945	12.82866854478109	0.02741580939729269
13.88888888888889	0.0	110.59060109647416	0.022464069520829945	12.82866854478109	0.02741580939729269
15.0	0.0	110.59060109647416	0.022464069520829945	12.82866854478109	0.02741580939729269
16.111111111111114	0.0	110.59060109647416	0.022464069520829945	12.82866854478109	0.02741580939729269
17.22222222222222	0.0	110.59060109647416	0.022464069520829945	12.82866854478109	0.02741580939729269
18.333333333333336	0.0	110.59060109647416	0.022464069520829945	12.82866854478109	0.02741580939729269
19.444444444444443	0.0	110.59060109647416	0.022464069520829945	12.82866854478109	0.02741580939729269
20.555555555555557	0.0	110.59060109647416	0.022464069520829945	12.82866854478109	0.02741580939729269
21.666666666666664	0.0	110.59060109647416	0.022464069520829945	12.82866854478109	0.02741580939729269
22.77777777777778	0.0	110.59060109647416	0.022464069520829945	12.82866854478109	0.02741580939729269
23.888888888888893	0.0	110.59060109647416	0.022464069520829945	12.82866854478109	0.02741580939729269
25.0	0.0	110.59060109647416	0.022464069520829945	12.82866854478109	0.02741580939729269
26.111111111111114	0.0	110.59060109647416	0.022464069520829945	12.82866854478109	0.02741580939729269
27.22222222222222	0.0	110.59060109647416	0.022464069520829945	12.82866854478109	0.02741580939729269
28.333333333333336	0.0	110.59060109647416	0.022464069520829945	12.82866854478109	0.02741580939729269
29.444444444444443	0.0	110.59060109647416	0.022464069520829945	12.82866854478109	0.02741580939729269
30.555555555555557	0.0	110.59060109647416	0.022464069520829945	12.82866854478109	0.02741580939729269
31.666666666666668	0.0	110.59060109647416	0.022464069520829945	12.82866854478109	0.02741580939729269
32.77777777777778	0.0	110.59060109647416	0.022464069520829945	12.82866854478109	0.02741580939729269
33.888888888888886	0.0	110.59060109647416	0.022464069520829945	12.82866854478109	0.02741580939729269
35.0	0.0	110.59060109647416	0.022464069520829945	12.82866854478109	0.02741580939729269
36.111111111111114	0.0	110.59060109647416	0.022464069520829945	12.82866854478109	0.02741580939729269
37.22222222222223	0.0	110.59060109647416	0.022464069520829945	12.82866854478109	0.02741580939729269
38.333333333333336	0.0	110.59060109647416	0.022464069520829945	12.82866854478109	0.02741580939729269
39.44444444444444	0.0	110.59060109647416	0.022464069520829945	12.82866854478109	0.02741580939729269
40.55555555555556	0.0	110.59060109647416	0.022464069520829945	12.82866854478109	0.02741580939729269
41.66666666666667	0.0	110.59060109647416	0.022464069520829945	12.82866854478109	0.02741580939729269
42.77777777777778	0.0	110.59060109647416	0.022464069520829945	12.82866854478109	0.02741580939729269
43.888888888888886	0.0	110.59060109647416	0.022464069520829945	12.82866854478109	0.02741580939729269
45.0	0.0	110.59060109647416	0.022464069520829945	12.82866854478109	0.02741580939729269
46.111111111111114	0.0	110.59060109647416	0.022464069520829945	12.82866854478109	0.02741580939729269
47.22222222222223	0.0	110.59060109647416	0.022464069520829945	12.82866854478109	0.02741580939729269
48.333333333333336	0.0	110.59060109647416	0.022464069520829945	12.82866854478109	0.02741580939729269
49.44444444444444	0.0	110.59060109647416	0.022464069520829945	12.82866854478109	0.02741580939729269
50.55555555555556	0.0	110.59060109647416	0.022464069520829945	12.82866854478109	0.02741580939729269
51.66666666666667	1.0	110.59060109647416	0.022464069520829945	12.82866854478109	0.02741580939729269
52.77777777777778	0.0	110.59060109647416	0.022464069520829945	12.82866854478109	0.02741580939729269
53.88888888888889	0.0	110.59060109647416	0.022464069520829945	12.82866854478109	0.02741580939729269
55.0	0.0	110.59060109647416	0.022464069520829945	12.82866854478109	0.02741580939729269
56.111111111111114	1.0	110.59060109647416	0.022464069520829945	12.82866854478109	0.02741580939729269
57.22222222222223	1.0	110.59060109647416	0.022464069520829945	12.82866854478109	0.02741580939729269
58.333333333333336	1.0	110.59060109647416	0.022464069520829945	12.82866854478109	0.02741580939729269
59.44444444444444	3.0	110.59060109647416	0.022464069520829945	12.82866854478109	0.02741580939729269
60.55555555555556	3.0	110.59060109647416	0.022464069520829945	12.82866854478109	0.02741580939729269
61.66666666666667	2.0	110.59060109647416	0.022464069520829945	12.82866854478109	0.02741580939729269
62.777777777777786	3.0	110.59060109647416	0.022464069520829945	12.82866854478109	0.02741580939729269
63.888888888888886	9.0	110.59060109647416	0.022464069520829945	12.82866854478109	0.02741580939729269
65.0	17.0	110.59060109647416	0.022464069520829945	12.82866854478109	0.02741580939729269
66.11111111111111	8.0	110.59060109647416	0.022464069520829945	12.82866854478109	0.02741580939729269
67.22222222222223	22.0	110.59060109647416	0.022464069520829945	12.82866854478109	0.02741580939729269
68.33333333333334	36.0	110.59060109647416	0.022464069520829945	12.82866854478109	0.02741580939729269
69.44444444444444	45.0	110.59060109647416	0.022464069520829945	12.82866854478109	0.02741580939729269
70.55555555555556	67.0	110.59060109647416	0.022464069520829945	12.82866854478109	0.02741580939729269
71.66666666666667	108.0	110.59060109647416	0.022464069520829945	12.82866854478109	0.02741580939729269
72.77777777777779	149.0	110.59060109647416	0.022464069520829945	12.82866854478109	0.02741580939729269
73.88888888888889	196.0	110.59060109647416	0.022464069520829945	12.82866854478109	0.02741580939729269
75.0	264.0	110.59060109647416	0.022464069520829945	12.82866854478109	0.02741580939729269
76.11111111111111	324.0	110.59060109647416	0.022464069520829945	12.82866854478109	0.02741580939729269
77.22222222222223	467.0	110.59060109647416	0.022464069520829945	12.82866854478109	0.02741580939729269
78.33333333333334	615.0	110.59060109647416	0.022464069520829945	12.82866854478109	0.02741580939729269
79.44444444444444	736.0	110.59060109647416	0.022464069520829945	12.82866854478109	0.02741580939729269
80.55555555555556	1005.0	110.59060109647416	0.022464069520829945	12.82866854478109	0.02741580939729269
81.66666666666667	1372.0	110.59060109647416	0.022464069520829945	12.82866854478109	0.02741580939729269
82.77777777777779	1630.0	110.59060109647416	0.022464069520829945	12.82866854478109	0.02741580939729269
83.88888888888889	2141.0	110.59060109647416	0.022464069520829945	12.82866854478109	0.02741580939729269
85.0	2479.0	110.59060109647416	0.022464069520829945	12.82866854478109	0.02741580939729269
86.11111111111111	3063.0	110.59060109647416	0.022464069520829945	12.82866854478109	0.02741580939729269
87.22222222222223	3886.0	110.59060109647416	0.022464069520829945	12.82866854478109	0.02741580939729269
88.33333333333334	4410.0	110.59060109647416	0.022464069520829945	12.82866854478109	0.02741580939729269
89.44444444444444	5299.0	110.59060109647416	0.022464069520829945	12.82866854478109	0.02741580939729269
90.55555555555556	6097.0	110.59060109647416	0.022464069520829945	12.82866854478109	0.02741580939729269
91.66666666666667	7201.0	110.59060109647416	0.022464069520829945	12.82866854478109	0.02741580939729269
92.77777777777779	8442.0	110.59060109647416	0.022464069520829945	12.82866854478109	0.02741580939729269
93.88888888888889	9234.0	110.59060109647416	0.022464069520829945	12.82866854478109	0.02741580939729269
95.0	10597.0	110.59060109647416	0.022464069520829945	12.82866854478109	0.02741580939729269
96.11111111111111	11761.0	110.59060109647416	0.022464069520829945	12.82866854478109	0.02741580939729269
97.22222222222223	13015.0	110.59060109647416	0.022464069520829945	12.82866854478109	0.02741580939729269
98.33333333333334	14159.0	110.59060109647416	0.022464069520829945	12.82866854478109	0.02741580939729269
99.44444444444446	15406.0	110.59060109647416	0.022464069520829945	12.82866854478109	0.02741580939729269
100.55555555555556	16653.0	110.59060109647416	0.022464069520829945	12.82866854478109	0.02741580939729269	16373.513149996905	2.1841901410393687	90	108
101.66666666666667	17881.0	110.59060109647416	0.022464069520829945	12.82866854478109	0.02741580939729269	17455.676160787614	3.2192254118985995	90	108
102.77777777777779	18922.0	110.59060109647416	0.022464069520829945	12.82866854478109	0.02741580939729269	18470.284788444602	3.3237467052662253	90	108
103.88888888888889	19757.0	110.59060109647416	0.022464069520829945	12.82866854478109	0.02741580939729269	19397.80635259482	2.5790059109460755	90	108
105.0	20534.0	110.59060109647416	0.022464069520829945	12.82866854478109	0.02741580939729269	20219.655850201	2.2106424355505574	90	108
106.11111111111111	21569.0	110.59060109647416	0.022464069520829945	12.82866854478109	0.02741580939729269	20918.811740272184	4.4954235621751995	90	108
107.22222222222223	21788.0	110.59060109647416	0.022464069520829945	12.82866854478109	0.02741580939729269	21480.40056495083	2.0987675733626485	90	108
108.33333333333334	22073.0	110.59060109647416	0.022464069520829945	12.82866854478109	0.02741580939729269	21892.222443742918	1.2217984931386137	90	108
109.44444444444446	22115.0	110.59060109647416	0.022464069520829945	12.82866854478109	0.02741580939729269	22145.191541245087	-0.20288295573817988	90	108
110.55555555555556	22341.0	110.59060109647416	0.022464069520829945	12.82866854478109	0.02741580939729269	22233.669307527587	0.7198108031376529	90	108
111.66666666666667	22002.0	110.59060109647416	0.022464069520829945	12.82866854478109	0.02741580939729269	22155.67342374663	-1.0324197161645594	90	108
112.77777777777779	21689.0	110.59060109647416	0.022464069520829945	12.82866854478109	0.02741580939729269	21912.9516399951	-1.512877649877562	90	108
113.88888888888889	21226.0	110.59060109647416	0.022464069520829945	12.82866854478109	0.02741580939729269	21510.916664503417	-1.942622401662517	90	108
115.0	20588.0	110.59060109647416	0.022464069520829945	12.82866854478109	0.02741580939729269	20958.445491646573	-2.5588497157976064	90	108
116.11111111111111	19866.0	110.59060109647416	0.022464069520829945	12.82866854478109	0.02741580939729269	20267.553558531148	-2.820608525520854	90	108
117.22222222222223	19112.0	110.59060109647416	0.022464069520829945	12.82866854478109	0.02741580939729269	19452.960432346856	-2.444618710123625	90	108
118.33333333333334	18184.0	110.59060109647416	0.022464069520829945	12.82866854478109	0.02741580939729269	18531.56894514293	-2.553200207054939	90	108
119.44444444444446	17012.0	110.59060109647416	0.022464069520829945	12.82866854478109	0.02741580939729269	17521.883489192125	-3.8519492356634313	90	108
120.55555555555556	16100.0	110.59060109647416	0.022464069520829945	12.82866854478109	0.02741580939729269
121.66666666666667	14991.0	110.59060109647416	0.022464069520829945	12.82866854478109	0.02741580939729269
122.77777777777779	13968.0	110.59060109647416	0.022464069520829945	12.82866854478109	0.02741580939729269
123.8888888888889	12963.0	110.59060109647416	0.022464069520829945	12.82866854478109	0.02741580939729269
125.0	11889.0	110.59060109647416	0.022464069520829945	12.82866854478109	0.02741580939729269
126.11111111111111	10868.0	110.59060109647416	0.022464069520829945	12.82866854478109	0.02741580939729269
127.22222222222223	9894.0	110.59060109647416	0.022464069520829945	12.82866854478109	0.02741580939729269
128.33333333333334	8999.0	110.59060109647416	0.022464069520829945	12.82866854478109	0.02741580939729269
129.44444444444446	8086.0	110.59060109647416	0.022464069520829945	12.82866854478109	0.02741580939729269
130.55555555555554	7169.0	110.59060109647416	0.022464069520829945	12.82866854478109	0.02741580939729269
131.66666666666669	6514.0	110.59060109647416	0.022464069520829945	12.82866854478109	0.02741580939729269
132.77777777777777	5753.0	110.59060109647416	0.022464069520829945	12.82866854478109	0.02741580939729269
133.8888888888889	5102.0	110.59060109647416	0.022464069520829945	12.82866854478109	0.02741580939729269
135.0	4563.0	110.59060109647416	0.022464069520829945	12.82866854478109	0.02741580939729269
136.11111111111114	3928.0	110.59060109647416	0.022464069520829945	12.82866854478109	0.02741580939729269
137.22222222222223	3418.0	110.59060109647416	0.022464069520829945	12.82866854478109	0.02741580939729269
138.33333333333331	3053.0	110.59060109647416	0.022464069520829945	12.82866854478109	0.02741580939729269
139.44444444444446	2602.0	110.59060109647416	0.022464069520829945	12.82866854478109	0.02741580939729269
140.55555555555554	2283.0	110.59060109647416	0.022464069520829945	12.82866854478109	0.02741580939729269
141.66666666666669	2061.0	110.59060109647416	0.022464069520829945	12.82866854478109	0.02741580939729269
142.77777777777777	1754.0	110.59060109647416	0.022464069520829945	12.82866854478109	0.02741580939729269
143.8888888888889	1540.0	110.59060109647416	0.022464069520829945	12.82866854478109	0.02741580939729269
145.0	1264.0	110.59060109647416	0.022464069520829945	12.82866854478109	0.02741580939729269
146.11111111111114	1154.0	110.59060109647416	0.022464069520829945	12.82866854478109	0.02741580939729269
147.22222222222223	943.0	110.59060109647416	0.022464069520829945	12.82866854478109	0.02741580939729269
148.33333333333331	865.0	110.59060109647416	0.022464069520829945	12.82866854478109	0.02741580939729269
149.44444444444446	713.0	110.59060109647416	0.022464069520829945	12.82866854478109	0.02741580939729269
150.55555555555554	610.0	110.59060109647416	0.022464069520829945	12.82866854478109	0.02741580939729269
151.66666666666669	551.0	110.59060109647416	0.022464069520829945	12.82866854478109	0.02741580939729269
152.77777777777777	451.0	110.59060109647416	0.022464069520829945	12.82866854478109	0.02741580939729269
153.8888888888889	366.0	110.59060109647416	0.022464069520829945	12.82866854478109	0.02741580939729269
155.0	330.0	110.59060109647416	0.022464069520829945	12.82866854478109	0.02741580939729269
156.11111111111114	302.0	110.59060109647416	0.022464069520829945	12.82866854478109	0.02741580939729269
157.22222222222223	249.0	110.59060109647416	0.022464069520829945	12.82866854478109	0.02741580939729269
158.33333333333331	222.0	110.59060109647416	0.022464069520829945	12.82866854478109	0.02741580939729269
159.44444444444446	174.0	110.59060109647416	0.022464069520829945	12.82866854478109	0.02741580939729269
160.55555555555554	154.0	110.59060109647416	0.022464069520829945	12.82866854478109	0.02741580939729269
161.66666666666669	145.0	110.59060109647416	0.022464069520829945	12.82866854478109	0.02741580939729269
162.77777777777777	102.0	110.59060109647416	0.022464069520829945	12.82866854478109	0.02741580939729269
163.8888888888889	107.0	110.59060109647416	0.022464069520829945	12.82866854478109	0.02741580939729269
165.0	92.0	110.59060109647416	0.022464069520829945	12.82866854478109	0.02741580939729269
166.11111111111114	71.0	110.59060109647416	0.022464069520829945	12.82866854478109	0.02741580939729269
167.22222222222223	55.0	110.59060109647416	0.022464069520829945	12.82866854478109	0.02741580939729269
168.33333333333331	63.0	110.59060109647416	0.022464069520829945	12.82866854478109	0.02741580939729269
169.44444444444446	43.0	110.59060109647416	0.022464069520829945	12.82866854478109	0.02741580939729269
170.55555555555554	50.0	110.59060109647416	0.022464069520829945	12.82866854478109	0.02741580939729269
171.66666666666669	34.0	110.59060109647416	0.022464069520829945	12.82866854478109	0.02741580939729269
172.77777777777777	22.0	110.59060109647416	0.022464069520829945	12.82866854478109	0.02741580939729269
173.8888888888889	24.0	110.59060109647416	0.022464069520829945	12.82866854478109	0.02741580939729269
175.0	21.0	110.59060109647416	0.022464069520829945	12.82866854478109	0.02741580939729269
176.11111111111114	25.0	110.59060109647416	0.022464069520829945	12.82866854478109	0.02741580939729269
177.22222222222223	7.0	110.59060109647416	0.022464069520829945	12.82866854478109	0.02741580939729269
178.33333333333331	14.0	110.59060109647416	0.022464069520829945	12.82866854478109	0.02741580939729269
179.44444444444446	11.0	110.59060109647416	0.022464069520829945	12.82866854478109	0.02741580939729269
180.55555555555554	10.0	110.59060109647416	0.022464069520829945	12.82866854478109	0.02741580939729269
181.66666666666669	8.0	110.59060109647416	0.022464069520829945	12.82866854478109	0.02741580939729269
182.77777777777777	3.0	110.59060109647416	0.022464069520829945	12.82866854478109	0.02741580939729269
183.8888888888889	6.0	110.59060109647416	0.022464069520829945	12.82866854478109	0.02741580939729269
185.0	7.0	110.59060109647416	0.022464069520829945	12.82866854478109	0.02741580939729269
186.11111111111114	6.0	110.59060109647416	0.022464069520829945	12.82866854478109	0.02741580939729269
187.22222222222223	1.0	110.59060109647416	0.022464069520829945	12.82866854478109	0.02741580939729269
188.33333333333334	4.0	110.59060109647416	0.022464069520829945	12.82866854478109	0.02741580939729269
189.44444444444446	0.0	110.59060109647416	0.022464069520829945	12.82866854478109	0.02741580939729269
190.55555555555554	3.0	110.59060109647416	0.022464069520829945	12.82866854478109	0.02741580939729269
191.66666666666669	1.0	110.59060109647416	0.022464069520829945	12.82866854478109	0.02741580939729269
192.77777777777777	2.0	110.59060109647416	0.022464069520829945	12.82866854478109	0.02741580939729269
193.8888888888889	0.0	110.59060109647416	0.022464069520829945	12.82866854478109	0.02741580939729269
195.0	1.0	110.59060109647416	0.022464069520829945	12.82866854478109	0.02741580939729269
196.11111111111114	1.0	110.59060109647416	0.022464069520829945	12.82866854478109	0.02741580939729269
197.22222222222223	2.0	110.59060109647416	0.022464069520829945	12.82866854478109	0.02741580939729269
198.33333333333334	1.0	110.59060109647416	0.022464069520829945	12.82866854478109	0.02741580939729269
199.44444444444446	0.0	110.59060109647416	0.022464069520829945	12.82866854478109	0.02741580939729269
