2.5	297156.0	714.337986877582	0.6887891627342072	44.87243782715596	1.1127323439889132
7.5	126427.0	714.337986877582	0.6887891627342072	44.87243782715596	1.1127323439889132
12.5	35731.0	714.337986877582	0.6887891627342072	44.87243782715596	1.1127323439889132
17.5	26108.0	714.337986877582	0.6887891627342072	44.87243782715596	1.1127323439889132
22.5	23132.0	714.337986877582	0.6887891627342072	44.87243782715596	1.1127323439889132
27.5	20172.0	714.337986877582	0.6887891627342072	44.87243782715596	1.1127323439889132
32.5	17668.0	714.337986877582	0.6887891627342072	44.87243782715596	1.1127323439889132
37.5	15275.0	714.337986877582	0.6887891627342072	44.87243782715596	1.1127323439889132
42.5	13394.0	714.337986877582	0.6887891627342072	44.87243782715596	1.1127323439889132
47.5	11656.0	714.337986877582	0.6887891627342072	44.87243782715596	1.1127323439889132
52.5	10284.0	714.337986877582	0.6887891627342072	44.87243782715596	1.1127323439889132
57.5	9141.0	714.337986877582	0.6887891627342072	44.87243782715596	1.1127323439889132
62.5	8120.0	714.337986877582	0.6887891627342072	44.87243782715596	1.1127323439889132
67.5	7222.0	714.337986877582	0.6887891627342072	44.87243782715596	1.1127323439889132
72.5	6546.0	714.337986877582	0.6887891627342072	44.87243782715596	1.1127323439889132
77.5	5940.0	714.337986877582	0.6887891627342072	44.87243782715596	1.1127323439889132
82.5	5394.0	714.337986877582	0.6887891627342072	44.87243782715596	1.1127323439889132
87.5	4775.0	714.337986877582	0.6887891627342072	44.87243782715596	1.1127323439889132
92.5	4615.0	714.337986877582	0.6887891627342072	44.87243782715596	1.1127323439889132
97.5	4225.0	714.337986877582	0.6887891627342072	44.87243782715596	1.1127323439889132
102.5	3862.0	714.337986877582	0.6887891627342072	44.87243782715596	1.1127323439889132
107.5	3656.0	714.337986877582	0.6887891627342072	44.87243782715596	1.1127323439889132
112.5	3521.0	714.337986877582	0.6887891627342072	44.87243782715596	1.1127323439889132
117.5	3191.0	714.337986877582	0.6887891627342072	44.87243782715596	1.1127323439889132
122.5	2994.0	714.337986877582	0.6887891627342072	44.87243782715596	1.1127323439889132
127.5	2763.0	714.337986877582	0.6887891627342072	44.87243782715596	1.1127323439889132
132.5	2585.0	714.337986877582	0.6887891627342072	44.87243782715596	1.1127323439889132
137.5	2439.0	714.337986877582	0.6887891627342072	44.87243782715596	1.1127323439889132
142.5	2358.0	714.337986877582	0.6887891627342072	44.87243782715596	1.1127323439889132
147.5	2163.0	714.337986877582	0.6887891627342072	44.87243782715596	1.1127323439889132
152.5	2073.0	714.337986877582	0.6887891627342072	44.87243782715596	1.1127323439889132
157.5	1939.0	714.337986877582	0.6887891627342072	44.87243782715596	1.1127323439889132
162.5	1928.0	714.337986877582	0.6887891627342072	44.87243782715596	1.1127323439889132
167.5	1731.0	714.337986877582	0.6887891627342072	44.87243782715596	1.1127323439889132
172.5	1689.0	714.337986877582	0.6887891627342072	44.87243782715596	1.1127323439889132
177.5	1695.0	714.337986877582	0.6887891627342072	44.87243782715596	1.1127323439889132
182.5	1579.0	714.337986877582	0.6887891627342072	44.87243782715596	1.1127323439889132
187.5	1524.0	714.337986877582	0.6887891627342072	44.87243782715596	1.1127323439889132
192.5	1474.0	714.337986877582	0.6887891627342072	44.87243782715596	1.1127323439889132
197.5	1348.0	714.337986877582	0.6887891627342072	44.87243782715596	1.1127323439889132
202.5	1330.0	714.337986877582	0.6887891627342072	44.87243782715596	1.1127323439889132
207.5	1272.0	714.337986877582	0.6887891627342072	44.87243782715596	1.1127323439889132
212.5	1179.0	714.337986877582	0.6887891627342072	44.87243782715596	1.1127323439889132
217.5	1161.0	714.337986877582	0.6887891627342072	44.87243782715596	1.1127323439889132
222.5	1180.0	714.337986877582	0.6887891627342072	44.87243782715596	1.1127323439889132
227.5	1023.0	714.337986877582	0.6887891627342072	44.87243782715596	1.1127323439889132
232.5	1065.0	714.337986877582	0.6887891627342072	44.87243782715596	1.1127323439889132
237.5	996.0	714.337986877582	0.6887891627342072	44.87243782715596	1.1127323439889132
242.5	903.0	714.337986877582	0.6887891627342072	44.87243782715596	1.1127323439889132
247.5	866.0	714.337986877582	0.6887891627342072	44.87243782715596	1.1127323439889132
252.5	874.0	714.337986877582	0.6887891627342072	44.87243782715596	1.1127323439889132
257.5	823.0	714.337986877582	0.6887891627342072	44.87243782715596	1.1127323439889132
262.5	820.0	714.337986877582	0.6887891627342072	44.87243782715596	1.1127323439889132
267.5	795.0	714.337986877582	0.6887891627342072	44.87243782715596	1.1127323439889132
272.5	789.0	714.337986877582	0.6887891627342072	44.87243782715596	1.1127323439889132
277.5	738.0	714.337986877582	0.6887891627342072	44.87243782715596	1.1127323439889132
282.5	710.0	714.337986877582	0.6887891627342072	44.87243782715596	1.1127323439889132
287.5	683.0	714.337986877582	0.6887891627342072	44.87243782715596	1.1127323439889132
292.5	677.0	714.337986877582	0.6887891627342072	44.87243782715596	1.1127323439889132
297.5	647.0	714.337986877582	0.6887891627342072	44.87243782715596	1.1127323439889132
302.5	646.0	714.337986877582	0.6887891627342072	44.87243782715596	1.1127323439889132
307.5	581.0	714.337986877582	0.6887891627342072	44.87243782715596	1.1127323439889132
312.5	552.0	714.337986877582	0.6887891627342072	44.87243782715596	1.1127323439889132
317.5	517.0	714.337986877582	0.6887891627342072	44.87243782715596	1.1127323439889132
322.5	514.0	714.337986877582	0.6887891627342072	44.87243782715596	1.1127323439889132
327.5	483.0	714.337986877582	0.6887891627342072	44.87243782715596	1.1127323439889132
332.5	530.0	714.337986877582	0.6887891627342072	44.87243782715596	1.1127323439889132
337.5	471.0	714.337986877582	0.6887891627342072	44.87243782715596	1.1127323439889132
342.5	499.0	714.337986877582	0.6887891627342072	44.87243782715596	1.1127323439889132
347.5	532.0	714.337986877582	0.6887891627342072	44.87243782715596	1.1127323439889132
352.5	425.0	714.337986877582	0.6887891627342072	44.87243782715596	1.1127323439889132
357.5	430.0	714.337986877582	0.6887891627342072	44.87243782715596	1.1127323439889132
362.5	451.0	714.337986877582	0.6887891627342072	44.87243782715596	1.1127323439889132
367.5	434.0	714.337986877582	0.6887891627342072	44.87243782715596	1.1127323439889132
372.5	396.0	714.337986877582	0.6887891627342072	44.87243782715596	1.1127323439889132
377.5	420.0	714.337986877582	0.6887891627342072	44.87243782715596	1.1127323439889132
382.5	383.0	714.337986877582	0.6887891627342072	44.87243782715596	1.1127323439889132
387.5	382.0	714.337986877582	0.6887891627342072	44.87243782715596	1.1127323439889132
392.5	401.0	714.337986877582	0.6887891627342072	44.87243782715596	1.1127323439889132
397.5	347.0	714.337986877582	0.6887891627342072	44.87243782715596	1.1127323439889132
402.5	359.0	714.337986877582	0.6887891627342072	44.87243782715596	1.1127323439889132
407.5	340.0	714.337986877582	0.6887891627342072	44.87243782715596	1.1127323439889132
412.5	323.0	714.337986877582	0.6887891627342072	44.87243782715596	1.1127323439889132
417.5	339.0	714.337986877582	0.6887891627342072	44.87243782715596	1.1127323439889132
422.5	305.0	714.337986877582	0.6887891627342072	44.87243782715596	1.1127323439889132
427.5	301.0	714.337986877582	0.6887891627342072	44.87243782715596	1.1127323439889132
432.5	298.0	714.337986877582	0.6887891627342072	44.87243782715596	1.1127323439889132
437.5	274.0	714.337986877582	0.6887891627342072	44.87243782715596	1.1127323439889132
442.5	273.0	714.337986877582	0.6887891627342072	44.87243782715596	1.1127323439889132
447.5	281.0	714.337986877582	0.6887891627342072	44.87243782715596	1.1127323439889132
452.5	236.0	714.337986877582	0.6887891627342072	44.87243782715596	1.1127323439889132
457.5	264.0	714.337986877582	0.6887891627342072	44.87243782715596	1.1127323439889132
462.5	236.0	714.337986877582	0.6887891627342072	44.87243782715596	1.1127323439889132	0.00012063970081859297	19242.00018090621	92	192
467.5	246.0	714.337986877582	0.6887891627342072	44.87243782715596	1.1127323439889132	0.00022407101953559068	15593.366340723398	92	192
472.5	233.0	714.337986877582	0.6887891627342072	44.87243782715596	1.1127323439889132	0.00041104459455751434	11213.993540276755	92	192
477.5	248.0	714.337986877582	0.6887891627342072	44.87243782715596	1.1127323439889132	0.0007447319824454757	8984.40681606257	92	192
482.5	240.0	714.337986877582	0.6887891627342072	44.87243782715596	1.1127323439889132	0.001332658522495264	6539.223983374746	92	192
487.5	231.0	714.337986877582	0.6887891627342072	44.87243782715596	1.1127323439889132	0.0023552964063871737	4747.7390295971845	92	192
492.5	201.0	714.337986877582	0.6887891627342072	44.87243782715596	1.1127323439889132	0.004111308539764368	3130.9242593340923	92	192
497.5	183.0	714.337986877582	0.6887891627342072	44.87243782715596	1.1127323439889132	0.007087978371196995	2172.298392791882	92	192
502.5	226.0	714.337986877582	0.6887891627342072	44.87243782715596	1.1127323439889132	0.012069033961804726	2056.4819676206325	92	192
507.5	210.0	714.337986877582	0.6887891627342072	44.87243782715596	1.1127323439889132	0.020296934375433107	1473.6712984831834	92	192
512.5	218.0	714.337986877582	0.6887891627342072	44.87243782715596	1.1127323439889132	0.033712906660308836	1187.026456606818	92	192
517.5	216.0	714.337986877582	0.6887891627342072	44.87243782715596	1.1127323439889132	0.05530568314557785	918.2099652669705	92	192
522.5	185.0	714.337986877582	0.6887891627342072	44.87243782715596	1.1127323439889132	0.08960889803766503	617.7001363986836	92	192
527.5	186.0	714.337986877582	0.6887891627342072	44.87243782715596	1.1127323439889132	0.1433970854993902	490.7989664598634	92	192
532.5	196.0	714.337986877582	0.6887891627342072	44.87243782715596	1.1127323439889132	0.22664039834899616	411.2280400723972	92	192
537.5	190.0	714.337986877582	0.6887891627342072	44.87243782715596	1.1127323439889132	0.35378721749646375	318.83935650304466	92	192
542.5	192.0	714.337986877582	0.6887891627342072	44.87243782715596	1.1127323439889132	0.5454497697528087	259.23143956004725	92	192
547.5	191.0	714.337986877582	0.6887891627342072	44.87243782715596	1.1127323439889132	0.8305680109140546	208.66651279827252	92	192
552.5	190.0	714.337986877582	0.6887891627342072	44.87243782715596	1.1127323439889132	1.2491179532517722	168.88344110322765	92	192
557.5	167.0	714.337986877582	0.6887891627342072	44.87243782715596	1.1127323439889132	1.855408376168842	121.23959823339668	92	192
562.5	153.0	714.337986877582	0.6887891627342072	44.87243782715596	1.1127323439889132	2.7219703348059996	91.0864413216057	92	192
567.5	170.0	714.337986877582	0.6887891627342072	44.87243782715596	1.1127323439889132	3.9439833703848532	83.61554818196909	92	192
572.5	192.0	714.337986877582	0.6887891627342072	44.87243782715596	1.1127323439889132	5.644098375915876	78.44149128048663	92	192
577.5	167.0	714.337986877582	0.6887891627342072	44.87243782715596	1.1127323439889132	7.977409518465098	56.30252434278083	92	192
582.5	158.0	714.337986877582	0.6887891627342072	44.87243782715596	1.1127323439889132	11.13619973378617	44.00948107610683	92	192
587.5	176.0	714.337986877582	0.6887891627342072	44.87243782715596	1.1127323439889132	15.353943872833689	40.997756201198776	92	192
592.5	172.0	714.337986877582	0.6887891627342072	44.87243782715596	1.1127323439889132	20.90791366797123	33.04352462606207	92	192
597.5	160.0	714.337986877582	0.6887891627342072	44.87243782715596	1.1127323439889132	28.119607866182196	24.869989242764078	92	192
602.5	167.0	714.337986877582	0.6887891627342072	44.87243782715596	1.1127323439889132	37.352152529831876	21.213263754745828	92	192
607.5	187.0	714.337986877582	0.6887891627342072	44.87243782715596	1.1127323439889132	49.00380704701094	19.71297601606695	92	192
612.5	160.0	714.337986877582	0.6887891627342072	44.87243782715596	1.1127323439889132	63.496797267973726	12.11060433991348	92	192
617.5	170.0	714.337986877582	0.6887891627342072	44.87243782715596	1.1127323439889132	81.26090073930203	9.844058805096513	92	192
622.5	194.0	714.337986877582	0.6887891627342072	44.87243782715596	1.1127323439889132	102.71154359031468	9.007540740529734	92	192
627.5	221.0	714.337986877582	0.6887891627342072	44.87243782715596	1.1127323439889132	128.22263353133565	8.193315791104434	92	192
632.5	225.0	714.337986877582	0.6887891627342072	44.87243782715596	1.1127323439889132	158.09492956046756	5.321083341294941	92	192
637.5	260.0	714.337986877582	0.6887891627342072	44.87243782715596	1.1127323439889132	192.52139626725847	4.8632498922225	92	192
642.5	251.0	714.337986877582	0.6887891627342072	44.87243782715596	1.1127323439889132	231.5516481158418	1.278082429759716	92	192
647.5	284.0	714.337986877582	0.6887891627342072	44.87243782715596	1.1127323439889132	275.0581785350061	0.5391550921189328	92	192
652.5	343.0	714.337986877582	0.6887891627342072	44.87243782715596	1.1127323439889132	322.7075018197766	1.1296163881880716	92	192
657.5	355.0	714.337986877582	0.6887891627342072	44.87243782715596	1.1127323439889132	373.9395253207052	-0.9794187287070558	92	192
662.5	428.0	714.337986877582	0.6887891627342072	44.87243782715596	1.1127323439889132	427.95834159711916	0.0020137319514052024	92	192
667.5	441.0	714.337986877582	0.6887891627342072	44.87243782715596	1.1127323439889132	483.7371391240269	-1.9431249618291995	92	192
672.5	532.0	714.337986877582	0.6887891627342072	44.87243782715596	1.1127323439889132	540.0390693315525	-0.34593394921524634	92	192
677.5	586.0	714.337986877582	0.6887891627342072	44.87243782715596	1.1127323439889132	595.454718351186	-0.38745763756699064	92	192
682.5	653.0	714.337986877582	0.6887891627342072	44.87243782715596	1.1127323439889132	648.4554044177025	0.17846587432615724	92	192
687.5	731.0	714.337986877582	0.6887891627342072	44.87243782715596	1.1127323439889132	697.4599908838227	1.2699994308201132	92	192
692.5	716.0	714.337986877582	0.6887891627342072	44.87243782715596	1.1127323439889132	740.911435412825	-0.915199140897527	92	192
697.5	766.0	714.337986877582	0.6887891627342072	44.87243782715596	1.1127323439889132	777.3580643955863	-0.40737443643424304	92	192
702.5	830.0	714.337986877582	0.6887891627342072	44.87243782715596	1.1127323439889132	805.533731812322	0.8620369194224647	92	192
707.5	858.0	714.337986877582	0.6887891627342072	44.87243782715596	1.1127323439889132	824.430720942741	1.169135723969235	92	192
712.5	828.0	714.337986877582	0.6887891627342072	44.87243782715596	1.1127323439889132	833.3595457049494	-0.18565718955306	92	192
717.5	795.0	714.337986877582	0.6887891627342072	44.87243782715596	1.1127323439889132	831.9907054551259	-1.28242913673248	92	192
722.5	859.0	714.337986877582	0.6887891627342072	44.87243782715596	1.1127323439889132	820.3748677639406	1.3485399153021518	92	192
727.5	778.0	714.337986877582	0.6887891627342072	44.87243782715596	1.1127323439889132	798.9397555083971	-0.740823227233098	92	192
732.5	715.0	714.337986877582	0.6887891627342072	44.87243782715596	1.1127323439889132	768.4640049312939	-1.9286335762153657	92	192
737.5	778.0	714.337986877582	0.6887891627342072	44.87243782715596	1.1127323439889132	730.030222386609	1.7754043727521793	92	192
742.5	705.0	714.337986877582	0.6887891627342072	44.87243782715596	1.1127323439889132	684.9611854744008	0.7656654396156725	92	192
747.5	619.0	714.337986877582	0.6887891627342072	44.87243782715596	1.1127323439889132	634.7444276262812	-0.624924323091544	92	192
752.5	551.0	714.337986877582	0.6887891627342072	44.87243782715596	1.1127323439889132	580.9511880055553	-1.2426368581323257	92	192
757.5	554.0	714.337986877582	0.6887891627342072	44.87243782715596	1.1127323439889132	525.1558452882617	1.2586753134711908	92	192
762.5	487.0	714.337986877582	0.6887891627342072	44.87243782715596	1.1127323439889132	468.86150350318735	0.8376816413104471	92	192
767.5	401.0	714.337986877582	0.6887891627342072	44.87243782715596	1.1127323439889132	413.4364476118589	-0.611634486234112	92	192
772.5	372.0	714.337986877582	0.6887891627342072	44.87243782715596	1.1127323439889132	360.0648751048282	0.6289796425445859	92	192
777.5	319.0	714.337986877582	0.6887891627342072	44.87243782715596	1.1127323439889132	309.71380708484816	0.5276639428061847	92	192
782.5	249.0	714.337986877582	0.6887891627342072	44.87243782715596	1.1127323439889132	263.11656361934314	-0.8702717688662053	92	192
787.5	222.0	714.337986877582	0.6887891627342072	44.87243782715596	1.1127323439889132	220.77181228611246	0.0826595310705603	92	192
792.5	197.0	714.337986877582	0.6887891627342072	44.87243782715596	1.1127323439889132	182.9560896213491	1.0382803017300257	92	192
797.5	155.0	714.337986877582	0.6887891627342072	44.87243782715596	1.1127323439889132	149.7469303108124	0.4292736173827765	92	192
802.5	148.0	714.337986877582	0.6887891627342072	44.87243782715596	1.1127323439889132	121.05334651287646	2.449155938770688	92	192
807.5	140.0	714.337986877582	0.6887891627342072	44.87243782715596	1.1127323439889132	96.65036176354452	4.409443026655836	92	192
812.5	108.0	714.337986877582	0.6887891627342072	44.87243782715596	1.1127323439889132	76.21456589638171	3.6409034042319406	92	192
817.5	92.0	714.337986877582	0.6887891627342072	44.87243782715596	1.1127323439889132	59.35814073088466	4.236768587750251	92	192
822.5	98.0	714.337986877582	0.6887891627342072	44.87243782715596	1.1127323439889132	45.659422092266915	7.745925369455509	92	192
827.5	80.0	714.337986877582	0.6887891627342072	44.87243782715596	1.1127323439889132	34.68872552566985	7.6932900393427275	92	192
832.5	60.0	714.337986877582	0.6887891627342072	44.87243782715596	1.1127323439889132	26.028796627598965	6.65861471550856	92	192
837.5	71.0	714.337986877582	0.6887891627342072	44.87243782715596	1.1127323439889132	19.28979661628	11.773685252948475	92	192
842.5	63.0	714.337986877582	0.6887891627342072	44.87243782715596	1.1127323439889132	14.11916519740393	13.008706176179498	92	192
847.5	68.0	714.337986877582	0.6887891627342072	44.87243782715596	1.1127323439889132	10.20700207323414	18.089481629894372	92	192
852.5	59.0	714.337986877582	0.6887891627342072	44.87243782715596	1.1127323439889132	7.2877790755299054	19.15559254846523	92	192
857.5	57.0	714.337986877582	0.6887891627342072	44.87243782715596	1.1127323439889132	5.139253106172123	22.8764569905705	92	192
862.5	63.0	714.337986877582	0.6887891627342072	44.87243782715596	1.1127323439889132	3.5794197307432936	31.40729796240835	92	192
867.5	67.0	714.337986877582	0.6887891627342072	44.87243782715596	1.1127323439889132	2.462255185922944	41.12891521863999	92	192
872.5	69.0	714.337986877582	0.6887891627342072	44.87243782715596	1.1127323439889132	1.672866585012413	52.05464280686281	92	192
877.5	47.0	714.337986877582	0.6887891627342072	44.87243782715596	1.1127323439889132	1.1225284693671491	43.30128576278319	92	192
882.5	55.0	714.337986877582	0.6887891627342072	44.87243782715596	1.1127323439889132	0.7439456945350207	62.90390253759757	92	192
887.5	50.0	714.337986877582	0.6887891627342072	44.87243782715596	1.1127323439889132	0.4869595837670779	70.95338785807655	92	192
892.5	42.0	714.337986877582	0.6887891627342072	44.87243782715596	1.1127323439889132	0.3148128222667963	74.2943093068213	92	192
897.5	44.0	714.337986877582	0.6887891627342072	44.87243782715596	1.1127323439889132	0.20101095201715816	97.69092598109488	92	192
902.5	53.0	714.337986877582	0.6887891627342072	44.87243782715596	1.1127323439889132	0.12676368062126733	148.50411010819147	92	192
907.5	61.0	714.337986877582	0.6887891627342072	44.87243782715596	1.1127323439889132	0.07895466098579557	216.80957603461647	92	192
912.5	32.0	714.337986877582	0.6887891627342072	44.87243782715596	1.1127323439889132	0.04857004636838354	144.9793139397964	92	192
917.5	46.0	714.337986877582	0.6887891627342072	44.87243782715596	1.1127323439889132	0.029509854995281387	267.60584596006566	92	192
922.5	39.0	714.337986877582	0.6887891627342072	44.87243782715596	1.1127323439889132	0.01770816032492085	292.9413278592129	92	192
927.5	37.0	714.337986877582	0.6887891627342072	44.87243782715596	1.1127323439889132	0.010495125291095232	361.0644282875511	92	192
932.5	46.0	714.337986877582	0.6887891627342072	44.87243782715596	1.1127323439889132	0.00614341172503491	586.8066347439582	92	192
937.5	36.0	714.337986877582	0.6887891627342072	44.87243782715596	1.1127323439889132	0.0035517257945723835	604.0041698114833	92	192
942.5	61.0	714.337986877582	0.6887891627342072	44.87243782715596	1.1127323439889132	0.0020280424860760807	1354.493332067725	92	192
947.5	34.0	714.337986877582	0.6887891627342072	44.87243782715596	1.1127323439889132	0.0011437272824918272	1005.3170935429473	92	192
952.5	54.0	714.337986877582	0.6887891627342072	44.87243782715596	1.1127323439889132	0.0006370532348217679	2139.443261934344	92	192
957.5	36.0	714.337986877582	0.6887891627342072	44.87243782715596	1.1127323439889132	0.00035045864875832766	1923.0026449548661	92	192
962.5	45.0	714.337986877582	0.6887891627342072	44.87243782715596	1.1127323439889132
967.5	41.0	714.337986877582	0.6887891627342072	44.87243782715596	1.1127323439889132
972.5	39.0	714.337986877582	0.6887891627342072	44.87243782715596	1.1127323439889132
977.5	40.0	714.337986877582	0.6887891627342072	44.87243782715596	1.1127323439889132
982.5	43.0	714.337986877582	0.6887891627342072	44.87243782715596	1.1127323439889132
987.5	37.0	714.337986877582	0.6887891627342072	44.87243782715596	1.1127323439889132
992.5	41.0	714.337986877582	0.6887891627342072	44.87243782715596	1.1127323439889132
997.5	36.0	714.337986877582	0.6887891627342072	44.87243782715596	1.1127323439889132
1002.5	40.0	714.337986877582	0.6887891627342072	44.87243782715596	1.1127323439889132
1007.5	37.0	714.337986877582	0.6887891627342072	44.87243782715596	1.1127323439889132
1012.5	31.0	714.337986877582	0.6887891627342072	44.87243782715596	1.1127323439889132
1017.5	31.0	714.337986877582	0.6887891627342072	44.87243782715596	1.1127323439889132
1022.5	30.0	714.337986877582	0.6887891627342072	44.87243782715596	1.1127323439889132
1027.5	48.0	714.337986877582	0.6887891627342072	44.87243782715596	1.1127323439889132
1032.5	47.0	714.337986877582	0.6887891627342072	44.87243782715596	1.1127323439889132
1037.5	40.0	714.337986877582	0.6887891627342072	44.87243782715596	1.1127323439889132
1042.5	41.0	714.337986877582	0.6887891627342072	44.87243782715596	1.1127323439889132
1047.5	31.0	714.337986877582	0.6887891627342072	44.87243782715596	1.1127323439889132
1052.5	38.0	714.337986877582	0.6887891627342072	44.87243782715596	1.1127323439889132
1057.5	37.0	714.337986877582	0.6887891627342072	44.87243782715596	1.1127323439889132
1062.5	28.0	714.337986877582	0.6887891627342072	44.87243782715596	1.1127323439889132
1067.5	38.0	714.337986877582	0.6887891627342072	44.87243782715596	1.1127323439889132
1072.5	36.0	714.337986877582	0.6887891627342072	44.87243782715596	1.1127323439889132
1077.5	26.0	714.337986877582	0.6887891627342072	44.87243782715596	1.1127323439889132
1082.5	23.0	714.337986877582	0.6887891627342072	44.87243782715596	1.1127323439889132
1087.5	21.0	714.337986877582	0.6887891627342072	44.87243782715596	1.1127323439889132
1092.5	39.0	714.337986877582	0.6887891627342072	44.87243782715596	1.1127323439889132
1097.5	28.0	714.337986877582	0.6887891627342072	44.87243782715596	1.1127323439889132
1102.5	29.0	714.337986877582	0.6887891627342072	44.87243782715596	1.1127323439889132
1107.5	36.0	714.337986877582	0.6887891627342072	44.87243782715596	1.1127323439889132
1112.5	30.0	714.337986877582	0.6887891627342072	44.87243782715596	1.1127323439889132
1117.5	25.0	714.337986877582	0.6887891627342072	44.87243782715596	1.1127323439889132
1122.5	31.0	714.337986877582	0.6887891627342072	44.87243782715596	1.1127323439889132
1127.5	29.0	714.337986877582	0.6887891627342072	44.87243782715596	1.1127323439889132
1132.5	24.0	714.337986877582	0.6887891627342072	44.87243782715596	1.1127323439889132
1137.5	24.0	714.337986877582	0.6887891627342072	44.87243782715596	1.1127323439889132
1142.5	18.0	714.337986877582	0.6887891627342072	44.87243782715596	1.1127323439889132
1147.5	26.0	714.337986877582	0.6887891627342072	44.87243782715596	1.1127323439889132
1152.5	31.0	714.337986877582	0.6887891627342072	44.87243782715596	1.1127323439889132
1157.5	23.0	714.337986877582	0.6887891627342072	44.87243782715596	1.1127323439889132
1162.5	32.0	714.337986877582	0.6887891627342072	44.87243782715596	1.1127323439889132
1167.5	14.0	714.337986877582	0.6887891627342072	44.87243782715596	1.1127323439889132
1172.5	25.0	714.337986877582	0.6887891627342072	44.87243782715596	1.1127323439889132
1177.5	30.0	714.337986877582	0.6887891627342072	44.87243782715596	1.1127323439889132
1182.5	24.0	714.337986877582	0.6887891627342072	44.87243782715596	1.1127323439889132
1187.5	29.0	714.337986877582	0.6887891627342072	44.87243782715596	1.1127323439889132
1192.5	24.0	714.337986877582	0.6887891627342072	44.87243782715596	1.1127323439889132
1197.5	22.0	714.337986877582	0.6887891627342072	44.87243782715596	1.1127323439889132
