2.5	702002.0	713.1685985597393	3.2372951170719606	36.315495798588735	6.606645505327089
7.5	271062.0	713.1685985597393	3.2372951170719606	36.315495798588735	6.606645505327089
12.5	57218.0	713.1685985597393	3.2372951170719606	36.315495798588735	6.606645505327089
17.5	36460.0	713.1685985597393	3.2372951170719606	36.315495798588735	6.606645505327089
22.5	31529.0	713.1685985597393	3.2372951170719606	36.315495798588735	6.606645505327089
27.5	28021.0	713.1685985597393	3.2372951170719606	36.315495798588735	6.606645505327089
32.5	23993.0	713.1685985597393	3.2372951170719606	36.315495798588735	6.606645505327089
37.5	20877.0	713.1685985597393	3.2372951170719606	36.315495798588735	6.606645505327089
42.5	18250.0	713.1685985597393	3.2372951170719606	36.315495798588735	6.606645505327089
47.5	16005.0	713.1685985597393	3.2372951170719606	36.315495798588735	6.606645505327089
52.5	14149.0	713.1685985597393	3.2372951170719606	36.315495798588735	6.606645505327089
57.5	12472.0	713.1685985597393	3.2372951170719606	36.315495798588735	6.606645505327089
62.5	11063.0	713.1685985597393	3.2372951170719606	36.315495798588735	6.606645505327089
67.5	9914.0	713.1685985597393	3.2372951170719606	36.315495798588735	6.606645505327089
72.5	9020.0	713.1685985597393	3.2372951170719606	36.315495798588735	6.606645505327089
77.5	8302.0	713.1685985597393	3.2372951170719606	36.315495798588735	6.606645505327089
82.5	7436.0	713.1685985597393	3.2372951170719606	36.315495798588735	6.606645505327089
87.5	6829.0	713.1685985597393	3.2372951170719606	36.315495798588735	6.606645505327089
92.5	6116.0	713.1685985597393	3.2372951170719606	36.315495798588735	6.606645505327089
97.5	5831.0	713.1685985597393	3.2372951170719606	36.315495798588735	6.606645505327089
102.5	5326.0	713.1685985597393	3.2372951170719606	36.315495798588735	6.606645505327089
107.5	4974.0	713.1685985597393	3.2372951170719606	36.315495798588735	6.606645505327089
112.5	4617.0	713.1685985597393	3.2372951170719606	36.315495798588735	6.606645505327089
117.5	4296.0	713.1685985597393	3.2372951170719606	36.315495798588735	6.606645505327089
122.5	4007.0	713.1685985597393	3.2372951170719606	36.315495798588735	6.606645505327089
127.5	3836.0	713.1685985597393	3.2372951170719606	36.315495798588735	6.606645505327089
132.5	3590.0	713.1685985597393	3.2372951170719606	36.315495798588735	6.606645505327089
137.5	3427.0	713.1685985597393	3.2372951170719606	36.315495798588735	6.606645505327089
142.5	3158.0	713.1685985597393	3.2372951170719606	36.315495798588735	6.606645505327089
147.5	3031.0	713.1685985597393	3.2372951170719606	36.315495798588735	6.606645505327089
152.5	2838.0	713.1685985597393	3.2372951170719606	36.315495798588735	6.606645505327089
157.5	2681.0	713.1685985597393	3.2372951170719606	36.315495798588735	6.606645505327089
162.5	2641.0	713.1685985597393	3.2372951170719606	36.315495798588735	6.606645505327089
167.5	2477.0	713.1685985597393	3.2372951170719606	36.315495798588735	6.606645505327089
172.5	2303.0	713.1685985597393	3.2372951170719606	36.315495798588735	6.606645505327089
177.5	2284.0	713.1685985597393	3.2372951170719606	36.315495798588735	6.606645505327089
182.5	2218.0	713.1685985597393	3.2372951170719606	36.315495798588735	6.606645505327089
187.5	2023.0	713.1685985597393	3.2372951170719606	36.315495798588735	6.606645505327089
192.5	2031.0	713.1685985597393	3.2372951170719606	36.315495798588735	6.606645505327089
197.5	1883.0	713.1685985597393	3.2372951170719606	36.315495798588735	6.606645505327089
202.5	1765.0	713.1685985597393	3.2372951170719606	36.315495798588735	6.606645505327089
207.5	1723.0	713.1685985597393	3.2372951170719606	36.315495798588735	6.606645505327089
212.5	1681.0	713.1685985597393	3.2372951170719606	36.315495798588735	6.606645505327089
217.5	1635.0	713.1685985597393	3.2372951170719606	36.315495798588735	6.606645505327089
222.5	1500.0	713.1685985597393	3.2372951170719606	36.315495798588735	6.606645505327089
227.5	1459.0	713.1685985597393	3.2372951170719606	36.315495798588735	6.606645505327089
232.5	1365.0	713.1685985597393	3.2372951170719606	36.315495798588735	6.606645505327089
237.5	1425.0	713.1685985597393	3.2372951170719606	36.315495798588735	6.606645505327089
242.5	1337.0	713.1685985597393	3.2372951170719606	36.315495798588735	6.606645505327089
247.5	1279.0	713.1685985597393	3.2372951170719606	36.315495798588735	6.606645505327089
252.5	1226.0	713.1685985597393	3.2372951170719606	36.315495798588735	6.606645505327089
257.5	1143.0	713.1685985597393	3.2372951170719606	36.315495798588735	6.606645505327089
262.5	1118.0	713.1685985597393	3.2372951170719606	36.315495798588735	6.606645505327089
267.5	1090.0	713.1685985597393	3.2372951170719606	36.315495798588735	6.606645505327089
272.5	1076.0	713.1685985597393	3.2372951170719606	36.315495798588735	6.606645505327089
277.5	1012.0	713.1685985597393	3.2372951170719606	36.315495798588735	6.606645505327089
282.5	1022.0	713.1685985597393	3.2372951170719606	36.315495798588735	6.606645505327089
287.5	885.0	713.1685985597393	3.2372951170719606	36.315495798588735	6.606645505327089
292.5	922.0	713.1685985597393	3.2372951170719606	36.315495798588735	6.606645505327089
297.5	912.0	713.1685985597393	3.2372951170719606	36.315495798588735	6.606645505327089
302.5	864.0	713.1685985597393	3.2372951170719606	36.315495798588735	6.606645505327089
307.5	833.0	713.1685985597393	3.2372951170719606	36.315495798588735	6.606645505327089
312.5	806.0	713.1685985597393	3.2372951170719606	36.315495798588735	6.606645505327089
317.5	795.0	713.1685985597393	3.2372951170719606	36.315495798588735	6.606645505327089
322.5	777.0	713.1685985597393	3.2372951170719606	36.315495798588735	6.606645505327089
327.5	758.0	713.1685985597393	3.2372951170719606	36.315495798588735	6.606645505327089
332.5	670.0	713.1685985597393	3.2372951170719606	36.315495798588735	6.606645505327089
337.5	677.0	713.1685985597393	3.2372951170719606	36.315495798588735	6.606645505327089
342.5	619.0	713.1685985597393	3.2372951170719606	36.315495798588735	6.606645505327089
347.5	630.0	713.1685985597393	3.2372951170719606	36.315495798588735	6.606645505327089
352.5	643.0	713.1685985597393	3.2372951170719606	36.315495798588735	6.606645505327089
357.5	575.0	713.1685985597393	3.2372951170719606	36.315495798588735	6.606645505327089
362.5	567.0	713.1685985597393	3.2372951170719606	36.315495798588735	6.606645505327089
367.5	623.0	713.1685985597393	3.2372951170719606	36.315495798588735	6.606645505327089
372.5	526.0	713.1685985597393	3.2372951170719606	36.315495798588735	6.606645505327089
377.5	550.0	713.1685985597393	3.2372951170719606	36.315495798588735	6.606645505327089
382.5	517.0	713.1685985597393	3.2372951170719606	36.315495798588735	6.606645505327089
387.5	527.0	713.1685985597393	3.2372951170719606	36.315495798588735	6.606645505327089
392.5	453.0	713.1685985597393	3.2372951170719606	36.315495798588735	6.606645505327089
397.5	515.0	713.1685985597393	3.2372951170719606	36.315495798588735	6.606645505327089
402.5	452.0	713.1685985597393	3.2372951170719606	36.315495798588735	6.606645505327089
407.5	463.0	713.1685985597393	3.2372951170719606	36.315495798588735	6.606645505327089
412.5	427.0	713.1685985597393	3.2372951170719606	36.315495798588735	6.606645505327089
417.5	440.0	713.1685985597393	3.2372951170719606	36.315495798588735	6.606645505327089
422.5	424.0	713.1685985597393	3.2372951170719606	36.315495798588735	6.606645505327089
427.5	386.0	713.1685985597393	3.2372951170719606	36.315495798588735	6.606645505327089
432.5	396.0	713.1685985597393	3.2372951170719606	36.315495798588735	6.606645505327089
437.5	418.0	713.1685985597393	3.2372951170719606	36.315495798588735	6.606645505327089
442.5	347.0	713.1685985597393	3.2372951170719606	36.315495798588735	6.606645505327089
447.5	358.0	713.1685985597393	3.2372951170719606	36.315495798588735	6.606645505327089
452.5	364.0	713.1685985597393	3.2372951170719606	36.315495798588735	6.606645505327089
457.5	356.0	713.1685985597393	3.2372951170719606	36.315495798588735	6.606645505327089
462.5	364.0	713.1685985597393	3.2372951170719606	36.315495798588735	6.606645505327089	4.1444181663678496e-08	-0.45980369831727913	92	192
467.5	346.0	713.1685985597393	3.2372951170719606	36.315495798588735	6.606645505327089	1.0618942795988925e-07	-1.2113221601270179	92	192
472.5	361.0	713.1685985597393	3.2372951170719606	36.315495798588735	6.606645505327089	2.669723782826695e-07	-0.246340683856411	92	192
477.5	324.0	713.1685985597393	3.2372951170719606	36.315495798588735	6.606645505327089	6.585954347358689e-07	-2.006137168304374	92	192
482.5	313.0	713.1685985597393	3.2372951170719606	36.315495798588735	6.606645505327089	1.5941839706063183e-06	-2.4120117725768346	92	192
487.5	308.0	713.1685985597393	3.2372951170719606	36.315495798588735	6.606645505327089	3.786391326350059e-06	-2.505230334800916	92	192
492.5	270.0	713.1685985597393	3.2372951170719606	36.315495798588735	6.606645505327089	8.824292426896443e-06	-4.360524100819464	92	192
497.5	281.0	713.1685985597393	3.2372951170719606	36.315495798588735	6.606645505327089	2.0179092135468398e-05	-3.6103718045675697	92	192
502.5	281.0	713.1685985597393	3.2372951170719606	36.315495798588735	6.606645505327089	4.527836033544835e-05	-3.4467856574049214	92	192
507.5	278.0	713.1685985597393	3.2372951170719606	36.315495798588735	6.606645505327089	9.968896704431748e-05	-3.4455768721001965	92	192
512.5	251.0	713.1685985597393	3.2372951170719606	36.315495798588735	6.606645505327089	0.00021536287342449262	-4.750700705023694	92	192
517.5	274.0	713.1685985597393	3.2372951170719606	36.315495798588735	6.606645505327089	0.0004565222138293102	-3.338896436160604	92	192
522.5	287.0	713.1685985597393	3.2372951170719606	36.315495798588735	6.606645505327089	0.00094955544555693	-2.4639062868774793	92	192
527.5	295.0	713.1685985597393	3.2372951170719606	36.315495798588735	6.606645505327089	0.0019379656692541808	-1.85786836675054	92	192
532.5	268.0	713.1685985597393	3.2372951170719606	36.315495798588735	6.606645505327089	0.0038809599983474566	-3.187574565221151	92	192
537.5	287.0	713.1685985597393	3.2372951170719606	36.315495798588735	6.606645505327089	0.007626048975091193	-1.9699512736141256	92	192
542.5	219.0	713.1685985597393	3.2372951170719606	36.315495798588735	6.606645505327089	0.0147037242720529	-5.611357855500238	92	192
547.5	234.0	713.1685985597393	3.2372951170719606	36.315495798588735	6.606645505327089	0.027817778628175836	-4.622313973217802	92	192
552.5	252.0	713.1685985597393	3.2372951170719606	36.315495798588735	6.606645505327089	0.05163983902897311	-3.4562566575575664	92	192
557.5	246.0	713.1685985597393	3.2372951170719606	36.315495798588735	6.606645505327089	0.09406209544852365	-3.6442073054598847	92	192
562.5	256.0	713.1685985597393	3.2372951170719606	36.315495798588735	6.606645505327089	0.16811704799468144	-2.9243687477159277	92	192
567.5	221.0	713.1685985597393	3.2372951170719606	36.315495798588735	6.606645505327089	0.2948330723750423	-4.7812417156771625	92	192
572.5	265.0	713.1685985597393	3.2372951170719606	36.315495798588735	6.606645505327089	0.507350365097432	-2.112722621794751	92	192
577.5	229.0	713.1685985597393	3.2372951170719606	36.315495798588735	6.606645505327089	0.8566572462864479	-4.055204261968515	92	192
582.5	240.0	713.1685985597393	3.2372951170719606	36.315495798588735	6.606645505327089	1.4192978502183082	-3.2979719385916124	92	192
587.5	237.0	713.1685985597393	3.2372951170719606	36.315495798588735	6.606645505327089	2.3073173594207064	-3.3692168248131944	92	192
592.5	268.0	713.1685985597393	3.2372951170719606	36.315495798588735	6.606645505327089	3.6805138697022755	-1.4829599057962677	92	192
597.5	241.0	713.1685985597393	3.2372951170719606	36.315495798588735	6.606645505327089	5.760722035363743	-3.0210189191721617	92	192
602.5	264.0	713.1685985597393	3.2372951170719606	36.315495798588735	6.606645505327089	8.847340020980441	-1.694144269999097	92	192
607.5	244.0	713.1685985597393	3.2372951170719606	36.315495798588735	6.606645505327089	13.332630799500437	-2.955495166916027	92	192
612.5	269.0	713.1685985597393	3.2372951170719606	36.315495798588735	6.606645505327089	19.714525292610208	-1.7021694813033585	92	192
617.5	254.0	713.1685985597393	3.2372951170719606	36.315495798588735	6.606645505327089	28.60382627840451	-2.8993311940818214	92	192
622.5	287.0	713.1685985597393	3.2372951170719606	36.315495798588735	6.606645505327089	40.72201652994425	-1.5266193552855647	92	192
627.5	281.0	713.1685985597393	3.2372951170719606	36.315495798588735	6.606645505327089	56.88552315484339	-2.573480040787118	92	192
632.5	326.0	713.1685985597393	3.2372951170719606	36.315495798588735	6.606645505327089	77.9725205674128	-1.0778312879629723	92	192
637.5	349.0	713.1685985597393	3.2372951170719606	36.315495798588735	6.606645505327089	104.86938647510732	-1.109811870995451	92	192
642.5	402.0	713.1685985597393	3.2372951170719606	36.315495798588735	6.606645505327089	138.39589779519002	0.03392709604287051	92	192
647.5	489.0	713.1685985597393	3.2372951170719606	36.315495798588735	6.606645505327089	179.21115712281076	2.3563147619888065	92	192
652.5	515.0	713.1685985597393	3.2372951170719606	36.315495798588735	6.606645505327089	227.70585989202243	1.3352800535855782	92	192
657.5	546.0	713.1685985597393	3.2372951170719606	36.315495798588735	6.606645505327089	283.89039999958015	0.2898083915020917	92	192
662.5	613.0	713.1685985597393	3.2372951170719606	36.315495798588735	6.606645505327089	347.29181093104893	0.52226832815621	92	192
667.5	665.0	713.1685985597393	3.2372951170719606	36.315495798588735	6.606645505327089	416.87486967257234	-0.09078565347520125	92	192
672.5	702.0	713.1685985597393	3.2372951170719606	36.315495798588735	6.606645505327089	491.0030892850272	-1.3630173564466541	92	192
677.5	806.0	713.1685985597393	3.2372951170719606	36.315495798588735	6.606645505327089	567.4532271880349	-0.24929912608285548	92	192
682.5	883.0	713.1685985597393	3.2372951170719606	36.315495798588735	6.606645505327089	643.4921486608761	-0.1267715118773016	92	192
687.5	1010.0	713.1685985597393	3.2372951170719606	36.315495798588735	6.606645505327089	716.0177210915573	1.714875026064267	92	192
692.5	968.0	713.1685985597393	3.2372951170719606	36.315495798588735	6.606645505327089	781.7567254320916	-1.6392573585367165	92	192
697.5	1126.0	713.1685985597393	3.2372951170719606	36.315495798588735	6.606645505327089	837.5038608561142	1.5927989480158018	92	192
702.5	1147.0	713.1685985597393	3.2372951170719606	36.315495798588735	6.606645505327089	880.3783336964294	0.9766218448353854	92	192
707.5	1149.0	713.1685985597393	3.2372951170719606	36.315495798588735	6.606645505327089	908.069754292261	0.27164110573656614	92	192
712.5	1114.0	713.1685985597393	3.2372951170719606	36.315495798588735	6.606645505327089	919.0442277343985	-1.019906073510969	92	192
717.5	1106.0	713.1685985597393	3.2372951170719606	36.315495798588735	6.606645505327089	912.6850765063747	-1.0066777872661579	92	192
722.5	1093.0	713.1685985597393	3.2372951170719606	36.315495798588735	6.606645505327089	889.3502336469969	-0.6428020424536276	92	192
727.5	1094.0	713.1685985597393	3.2372951170719606	36.315495798588735	6.606645505327089	850.3388748845756	0.6326613054187937	92	192
732.5	1050.0	713.1685985597393	3.2372951170719606	36.315495798588735	6.606645505327089	797.7716175576378	0.9853409775436727	92	192
737.5	958.0	713.1685985597393	3.2372951170719606	36.315495798588735	6.606645505327089	734.3996562866732	0.16038299523748914	92	192
742.5	853.0	713.1685985597393	3.2372951170719606	36.315495798588735	6.606645505327089	663.3667279153314	-0.9069845613919719	92	192
747.5	797.0	713.1685985597393	3.2372951170719606	36.315495798588735	6.606645505327089	587.95250052383	-0.1905783820743671	92	192
752.5	739.0	713.1685985597393	3.2372951170719606	36.315495798588735	6.606645505327089	511.3263043615073	0.568697413367268	92	192
757.5	607.0	713.1685985597393	3.2372951170719606	36.315495798588735	6.606645505327089	436.33632000463825	-1.559602453541163	92	192
762.5	594.0	713.1685985597393	3.2372951170719606	36.315495798588735	6.606645505327089	365.3523714972388	0.8498803341478159	92	192
767.5	515.0	713.1685985597393	3.2372951170719606	36.315495798588735	6.606645505327089	300.1717611819851	0.3798232208855001	92	192
772.5	429.0	713.1685985597393	3.2372951170719606	36.315495798588735	6.606645505327089	241.98869221789747	-0.8178307812466701	92	192
777.5	343.0	713.1685985597393	3.2372951170719606	36.315495798588735	6.606645505327089	191.42014821218575	-2.5568657398365517	92	192
782.5	329.0	713.1685985597393	3.2372951170719606	36.315495798588735	6.606645505327089	148.57562310948637	-1.06728641750845	92	192
787.5	269.0	713.1685985597393	3.2372951170719606	36.315495798588735	6.606645505327089	113.15527618601571	-2.4123087281841893	92	192
792.5	234.0	713.1685985597393	3.2372951170719606	36.315495798588735	6.606645505327089	84.56086057593674	-2.8076330687436815	92	192
797.5	233.0	713.1685985597393	3.2372951170719606	36.315495798588735	6.606645505327089	62.00565731976228	-1.474302478451592	92	192
802.5	175.0	713.1685985597393	3.2372951170719606	36.315495798588735	6.606645505327089	44.61291223353645	-4.046793415580829	92	192
807.5	182.0	713.1685985597393	3.2372951170719606	36.315495798588735	6.606645505327089	31.49612813581135	-2.7069989915049666	92	192
812.5	131.0	713.1685985597393	3.2372951170719606	36.315495798588735	6.606645505327089	21.81830958641597	-5.498797666601445	92	192
817.5	110.0	713.1685985597393	3.2372951170719606	36.315495798588735	6.606645505327089	14.830383016242788	-6.474824217799177	92	192
822.5	124.0	713.1685985597393	3.2372951170719606	36.315495798588735	6.606645505327089	9.891245283063432	-5.101075495176437	92	192
827.5	77.0	713.1685985597393	3.2372951170719606	36.315495798588735	6.606645505327089	6.47316850326227	-8.201752757994273	92	192
832.5	83.0	713.1685985597393	3.2372951170719606	36.315495798588735	6.606645505327089	4.156714433430121	-7.5515957498101285	92	192
837.5	75.0	713.1685985597393	3.2372951170719606	36.315495798588735	6.606645505327089	2.6190922962685694	-7.96755258267084	92	192
842.5	94.0	713.1685985597393	3.2372951170719606	36.315495798588735	6.606645505327089	1.6192680741499679	-6.4074191226952175	92	192
847.5	78.0	713.1685985597393	3.2372951170719606	36.315495798588735	6.606645505327089	0.9823223831907884	-7.473418419870216	92	192
852.5	71.0	713.1685985597393	3.2372951170719606	36.315495798588735	6.606645505327089	0.5847317327557653	-7.887705483038947	92	192
857.5	76.0	713.1685985597393	3.2372951170719606	36.315495798588735	6.606645505327089	0.34152824217388966	-7.405277818068703	92	192
862.5	68.0	713.1685985597393	3.2372951170719606	36.315495798588735	6.606645505327089	0.19573293980414858	-7.916058527626468	92	192
867.5	83.0	713.1685985597393	3.2372951170719606	36.315495798588735	6.606645505327089	0.1100698948775071	-6.672424508773934	92	192
872.5	78.0	713.1685985597393	3.2372951170719606	36.315495798588735	6.606645505327089	0.060735207682125154	-6.960971192893591	92	192
877.5	79.0	713.1685985597393	3.2372951170719606	36.315495798588735	6.606645505327089	0.03288363557270841	-6.789910335321154	92	192
882.5	64.0	713.1685985597393	3.2372951170719606	36.315495798588735	6.606645505327089	0.017469741096917353	-7.864425588863595	92	192
887.5	65.0	713.1685985597393	3.2372951170719606	36.315495798588735	6.606645505327089	0.009106687785357823	-7.699334615221566	92	192
892.5	78.0	713.1685985597393	3.2372951170719606	36.315495798588735	6.606645505327089	0.004658024437131551	-6.590609561794482	92	192
897.5	68.0	713.1685985597393	3.2372951170719606	36.315495798588735	6.606645505327089	0.0023378164720372968	-7.2889479979224605	92	192
902.5	62.0	713.1685985597393	3.2372951170719606	36.315495798588735	6.606645505327089	0.001151294427239776	-7.677704376235934	92	192
907.5	62.0	713.1685985597393	3.2372951170719606	36.315495798588735	6.606645505327089	0.0005563264738832073	-7.592744955799969	92	192
912.5	58.0	713.1685985597393	3.2372951170719606	36.315495798588735	6.606645505327089	0.00026377910379089337	-7.828568378468069	92	192
917.5	47.0	713.1685985597393	3.2372951170719606	36.315495798588735	6.606645505327089	0.0001227208588739538	-8.631453740605247	92	192
922.5	60.0	713.1685985597393	3.2372951170719606	36.315495798588735	6.606645505327089	5.602265930864157e-05	-7.500858683835082	92	192
927.5	71.0	713.1685985597393	3.2372951170719606	36.315495798588735	6.606645505327089	2.5094375423721662e-05	-6.522875822784739	92	192
932.5	73.0	713.1685985597393	3.2372951170719606	36.315495798588735	6.606645505327089	1.1029514555294734e-05	-6.271826269399799	92	192
937.5	56.0	713.1685985597393	3.2372951170719606	36.315495798588735	6.606645505327089	4.756677876197801e-06	-7.579530423746524	92	192
942.5	59.0	713.1685985597393	3.2372951170719606	36.315495798588735	6.606645505327089	2.012882490381841e-06	-7.25066547923886	92	192
947.5	68.0	713.1685985597393	3.2372951170719606	36.315495798588735	6.606645505327089	8.357962894557001e-07	-6.4220717949120685	92	192
952.5	63.0	713.1685985597393	3.2372951170719606	36.315495798588735	6.606645505327089	3.405256197000652e-07	-6.752860137655153	92	192
957.5	46.0	713.1685985597393	3.2372951170719606	36.315495798588735	6.606645505327089	1.361339611784328e-07	-8.092548484101382	92	192
962.5	53.0	713.1685985597393	3.2372951170719606	36.315495798588735	6.606645505327089
967.5	57.0	713.1685985597393	3.2372951170719606	36.315495798588735	6.606645505327089
972.5	52.0	713.1685985597393	3.2372951170719606	36.315495798588735	6.606645505327089
977.5	58.0	713.1685985597393	3.2372951170719606	36.315495798588735	6.606645505327089
982.5	55.0	713.1685985597393	3.2372951170719606	36.315495798588735	6.606645505327089
987.5	53.0	713.1685985597393	3.2372951170719606	36.315495798588735	6.606645505327089
992.5	49.0	713.1685985597393	3.2372951170719606	36.315495798588735	6.606645505327089
997.5	58.0	713.1685985597393	3.2372951170719606	36.315495798588735	6.606645505327089
1002.5	37.0	713.1685985597393	3.2372951170719606	36.315495798588735	6.606645505327089
1007.5	40.0	713.1685985597393	3.2372951170719606	36.315495798588735	6.606645505327089
1012.5	50.0	713.1685985597393	3.2372951170719606	36.315495798588735	6.606645505327089
1017.5	41.0	713.1685985597393	3.2372951170719606	36.315495798588735	6.606645505327089
1022.5	45.0	713.1685985597393	3.2372951170719606	36.315495798588735	6.606645505327089
1027.5	31.0	713.1685985597393	3.2372951170719606	36.315495798588735	6.606645505327089
1032.5	47.0	713.1685985597393	3.2372951170719606	36.315495798588735	6.606645505327089
1037.5	52.0	713.1685985597393	3.2372951170719606	36.315495798588735	6.606645505327089
1042.5	53.0	713.1685985597393	3.2372951170719606	36.315495798588735	6.606645505327089
1047.5	46.0	713.1685985597393	3.2372951170719606	36.315495798588735	6.606645505327089
1052.5	36.0	713.1685985597393	3.2372951170719606	36.315495798588735	6.606645505327089
1057.5	46.0	713.1685985597393	3.2372951170719606	36.315495798588735	6.606645505327089
1062.5	52.0	713.1685985597393	3.2372951170719606	36.315495798588735	6.606645505327089
1067.5	40.0	713.1685985597393	3.2372951170719606	36.315495798588735	6.606645505327089
1072.5	30.0	713.1685985597393	3.2372951170719606	36.315495798588735	6.606645505327089
1077.5	30.0	713.1685985597393	3.2372951170719606	36.315495798588735	6.606645505327089
1082.5	42.0	713.1685985597393	3.2372951170719606	36.315495798588735	6.606645505327089
1087.5	33.0	713.1685985597393	3.2372951170719606	36.315495798588735	6.606645505327089
1092.5	36.0	713.1685985597393	3.2372951170719606	36.315495798588735	6.606645505327089
1097.5	44.0	713.1685985597393	3.2372951170719606	36.315495798588735	6.606645505327089
1102.5	38.0	713.1685985597393	3.2372951170719606	36.315495798588735	6.606645505327089
1107.5	41.0	713.1685985597393	3.2372951170719606	36.315495798588735	6.606645505327089
1112.5	51.0	713.1685985597393	3.2372951170719606	36.315495798588735	6.606645505327089
1117.5	34.0	713.1685985597393	3.2372951170719606	36.315495798588735	6.606645505327089
1122.5	32.0	713.1685985597393	3.2372951170719606	36.315495798588735	6.606645505327089
1127.5	41.0	713.1685985597393	3.2372951170719606	36.315495798588735	6.606645505327089
1132.5	37.0	713.1685985597393	3.2372951170719606	36.315495798588735	6.606645505327089
1137.5	33.0	713.1685985597393	3.2372951170719606	36.315495798588735	6.606645505327089
1142.5	34.0	713.1685985597393	3.2372951170719606	36.315495798588735	6.606645505327089
1147.5	28.0	713.1685985597393	3.2372951170719606	36.315495798588735	6.606645505327089
1152.5	43.0	713.1685985597393	3.2372951170719606	36.315495798588735	6.606645505327089
1157.5	35.0	713.1685985597393	3.2372951170719606	36.315495798588735	6.606645505327089
1162.5	38.0	713.1685985597393	3.2372951170719606	36.315495798588735	6.606645505327089
1167.5	36.0	713.1685985597393	3.2372951170719606	36.315495798588735	6.606645505327089
1172.5	39.0	713.1685985597393	3.2372951170719606	36.315495798588735	6.606645505327089
1177.5	35.0	713.1685985597393	3.2372951170719606	36.315495798588735	6.606645505327089
1182.5	34.0	713.1685985597393	3.2372951170719606	36.315495798588735	6.606645505327089
1187.5	35.0	713.1685985597393	3.2372951170719606	36.315495798588735	6.606645505327089
1192.5	28.0	713.1685985597393	3.2372951170719606	36.315495798588735	6.606645505327089
1197.5	42.0	713.1685985597393	3.2372951170719606	36.315495798588735	6.606645505327089
