2.5	1129963.0	659.0887387877277	1.6617951204067503	36.94421638982336	4.612684353384494
7.5	353625.0	659.0887387877277	1.6617951204067503	36.94421638982336	4.612684353384494
12.5	79390.0	659.0887387877277	1.6617951204067503	36.94421638982336	4.612684353384494
17.5	59802.0	659.0887387877277	1.6617951204067503	36.94421638982336	4.612684353384494
22.5	51664.0	659.0887387877277	1.6617951204067503	36.94421638982336	4.612684353384494
27.5	44723.0	659.0887387877277	1.6617951204067503	36.94421638982336	4.612684353384494
32.5	37832.0	659.0887387877277	1.6617951204067503	36.94421638982336	4.612684353384494
37.5	32374.0	659.0887387877277	1.6617951204067503	36.94421638982336	4.612684353384494
42.5	28199.0	659.0887387877277	1.6617951204067503	36.94421638982336	4.612684353384494
47.5	24561.0	659.0887387877277	1.6617951204067503	36.94421638982336	4.612684353384494
52.5	21623.0	659.0887387877277	1.6617951204067503	36.94421638982336	4.612684353384494
57.5	18811.0	659.0887387877277	1.6617951204067503	36.94421638982336	4.612684353384494
62.5	16566.0	659.0887387877277	1.6617951204067503	36.94421638982336	4.612684353384494
67.5	15026.0	659.0887387877277	1.6617951204067503	36.94421638982336	4.612684353384494
72.5	13450.0	659.0887387877277	1.6617951204067503	36.94421638982336	4.612684353384494
77.5	12255.0	659.0887387877277	1.6617951204067503	36.94421638982336	4.612684353384494
82.5	10964.0	659.0887387877277	1.6617951204067503	36.94421638982336	4.612684353384494
87.5	9991.0	659.0887387877277	1.6617951204067503	36.94421638982336	4.612684353384494
92.5	9532.0	659.0887387877277	1.6617951204067503	36.94421638982336	4.612684353384494
97.5	8658.0	659.0887387877277	1.6617951204067503	36.94421638982336	4.612684353384494
102.5	7943.0	659.0887387877277	1.6617951204067503	36.94421638982336	4.612684353384494
107.5	7422.0	659.0887387877277	1.6617951204067503	36.94421638982336	4.612684353384494
112.5	7082.0	659.0887387877277	1.6617951204067503	36.94421638982336	4.612684353384494
117.5	6525.0	659.0887387877277	1.6617951204067503	36.94421638982336	4.612684353384494
122.5	6106.0	659.0887387877277	1.6617951204067503	36.94421638982336	4.612684353384494
127.5	5698.0	659.0887387877277	1.6617951204067503	36.94421638982336	4.612684353384494
132.5	5371.0	659.0887387877277	1.6617951204067503	36.94421638982336	4.612684353384494
137.5	5278.0	659.0887387877277	1.6617951204067503	36.94421638982336	4.612684353384494
142.5	4845.0	659.0887387877277	1.6617951204067503	36.94421638982336	4.612684353384494
147.5	4478.0	659.0887387877277	1.6617951204067503	36.94421638982336	4.612684353384494
152.5	4373.0	659.0887387877277	1.6617951204067503	36.94421638982336	4.612684353384494
157.5	4058.0	659.0887387877277	1.6617951204067503	36.94421638982336	4.612684353384494
162.5	3840.0	659.0887387877277	1.6617951204067503	36.94421638982336	4.612684353384494
167.5	3701.0	659.0887387877277	1.6617951204067503	36.94421638982336	4.612684353384494
172.5	3509.0	659.0887387877277	1.6617951204067503	36.94421638982336	4.612684353384494
177.5	3445.0	659.0887387877277	1.6617951204067503	36.94421638982336	4.612684353384494
182.5	3225.0	659.0887387877277	1.6617951204067503	36.94421638982336	4.612684353384494
187.5	3100.0	659.0887387877277	1.6617951204067503	36.94421638982336	4.612684353384494
192.5	2902.0	659.0887387877277	1.6617951204067503	36.94421638982336	4.612684353384494
197.5	2857.0	659.0887387877277	1.6617951204067503	36.94421638982336	4.612684353384494
202.5	2698.0	659.0887387877277	1.6617951204067503	36.94421638982336	4.612684353384494
207.5	2524.0	659.0887387877277	1.6617951204067503	36.94421638982336	4.612684353384494
212.5	2472.0	659.0887387877277	1.6617951204067503	36.94421638982336	4.612684353384494
217.5	2233.0	659.0887387877277	1.6617951204067503	36.94421638982336	4.612684353384494
222.5	2258.0	659.0887387877277	1.6617951204067503	36.94421638982336	4.612684353384494
227.5	2020.0	659.0887387877277	1.6617951204067503	36.94421638982336	4.612684353384494
232.5	2103.0	659.0887387877277	1.6617951204067503	36.94421638982336	4.612684353384494
237.5	1952.0	659.0887387877277	1.6617951204067503	36.94421638982336	4.612684353384494
242.5	1898.0	659.0887387877277	1.6617951204067503	36.94421638982336	4.612684353384494
247.5	1780.0	659.0887387877277	1.6617951204067503	36.94421638982336	4.612684353384494
252.5	1781.0	659.0887387877277	1.6617951204067503	36.94421638982336	4.612684353384494
257.5	1651.0	659.0887387877277	1.6617951204067503	36.94421638982336	4.612684353384494
262.5	1560.0	659.0887387877277	1.6617951204067503	36.94421638982336	4.612684353384494
267.5	1619.0	659.0887387877277	1.6617951204067503	36.94421638982336	4.612684353384494
272.5	1559.0	659.0887387877277	1.6617951204067503	36.94421638982336	4.612684353384494
277.5	1493.0	659.0887387877277	1.6617951204067503	36.94421638982336	4.612684353384494
282.5	1368.0	659.0887387877277	1.6617951204067503	36.94421638982336	4.612684353384494
287.5	1382.0	659.0887387877277	1.6617951204067503	36.94421638982336	4.612684353384494
292.5	1320.0	659.0887387877277	1.6617951204067503	36.94421638982336	4.612684353384494
297.5	1275.0	659.0887387877277	1.6617951204067503	36.94421638982336	4.612684353384494
302.5	1286.0	659.0887387877277	1.6617951204067503	36.94421638982336	4.612684353384494
307.5	1150.0	659.0887387877277	1.6617951204067503	36.94421638982336	4.612684353384494
312.5	1097.0	659.0887387877277	1.6617951204067503	36.94421638982336	4.612684353384494
317.5	1096.0	659.0887387877277	1.6617951204067503	36.94421638982336	4.612684353384494
322.5	1063.0	659.0887387877277	1.6617951204067503	36.94421638982336	4.612684353384494
327.5	1019.0	659.0887387877277	1.6617951204067503	36.94421638982336	4.612684353384494
332.5	1000.0	659.0887387877277	1.6617951204067503	36.94421638982336	4.612684353384494
337.5	997.0	659.0887387877277	1.6617951204067503	36.94421638982336	4.612684353384494
342.5	936.0	659.0887387877277	1.6617951204067503	36.94421638982336	4.612684353384494
347.5	914.0	659.0887387877277	1.6617951204067503	36.94421638982336	4.612684353384494
352.5	949.0	659.0887387877277	1.6617951204067503	36.94421638982336	4.612684353384494
357.5	828.0	659.0887387877277	1.6617951204067503	36.94421638982336	4.612684353384494
362.5	791.0	659.0887387877277	1.6617951204067503	36.94421638982336	4.612684353384494
367.5	806.0	659.0887387877277	1.6617951204067503	36.94421638982336	4.612684353384494
372.5	756.0	659.0887387877277	1.6617951204067503	36.94421638982336	4.612684353384494
377.5	728.0	659.0887387877277	1.6617951204067503	36.94421638982336	4.612684353384494
382.5	721.0	659.0887387877277	1.6617951204067503	36.94421638982336	4.612684353384494
387.5	707.0	659.0887387877277	1.6617951204067503	36.94421638982336	4.612684353384494
392.5	698.0	659.0887387877277	1.6617951204067503	36.94421638982336	4.612684353384494
397.5	664.0	659.0887387877277	1.6617951204067503	36.94421638982336	4.612684353384494
402.5	688.0	659.0887387877277	1.6617951204067503	36.94421638982336	4.612684353384494
407.5	606.0	659.0887387877277	1.6617951204067503	36.94421638982336	4.612684353384494	1.3967163915292017e-07	11.817045365529587	81	181
412.5	630.0	659.0887387877277	1.6617951204067503	36.94421638982336	4.612684353384494	3.478567212162648e-07	13.183382096897123	81	181
417.5	613.0	659.0887387877277	1.6617951204067503	36.94421638982336	4.612684353384494	8.506241903369059e-07	12.432845905012442	81	181
422.5	619.0	659.0887387877277	1.6617951204067503	36.94421638982336	4.612684353384494	2.042303210602407e-06	12.872004576656284	81	181
427.5	573.0	659.0887387877277	1.6617951204067503	36.94421638982336	4.612684353384494	4.8144632044215464e-06	10.606522846629643	81	181
432.5	589.0	659.0887387877277	1.6617951204067503	36.94421638982336	4.612684353384494	1.1143476063300792e-05	11.56393022686834	81	181
437.5	566.0	659.0887387877277	1.6617951204067503	36.94421638982336	4.612684353384494	2.5324370461948e-05	10.485700731249112	81	181
442.5	544.0	659.0887387877277	1.6617951204067503	36.94421638982336	4.612684353384494	5.650694035192081e-05	9.453956255123325	81	181
447.5	547.0	659.0887387877277	1.6617951204067503	36.94421638982336	4.612684353384494	0.00012379699066692167	9.730671979461597	81	181
452.5	477.0	659.0887387877277	1.6617951204067503	36.94421638982336	4.612684353384494	0.0002662953260382889	6.161247122631771	81	181
457.5	527.0	659.0887387877277	1.6617951204067503	36.94421638982336	4.612684353384494	0.0005624218192527212	8.913046345231281	81	181
462.5	462.0	659.0887387877277	1.6617951204067503	36.94421638982336	4.612684353384494	0.0011662883533619074	5.587396804720183	81	181
467.5	490.0	659.0887387877277	1.6617951204067503	36.94421638982336	4.612684353384494	0.0023746241348482984	7.1823747296134055	81	181
472.5	446.0	659.0887387877277	1.6617951204067503	36.94421638982336	4.612684353384494	0.004747106522184727	4.95235320581603	81	181
477.5	481.0	659.0887387877277	1.6617951204067503	36.94421638982336	4.612684353384494	0.009317689576795539	6.926028415410812	81	181
482.5	454.0	659.0887387877277	1.6617951204067503	36.94421638982336	4.612684353384494	0.017956953539765855	5.592190702925381	81	181
487.5	437.0	659.0887387877277	1.6617951204067503	36.94421638982336	4.612684353384494	0.033978346532116274	4.787017322522427	81	181
492.5	426.0	659.0887387877277	1.6617951204067503	36.94421638982336	4.612684353384494	0.06312726652574083	4.2991153680648	81	181
497.5	472.0	659.0887387877277	1.6617951204067503	36.94421638982336	4.612684353384494	0.11515343259534923	6.878605561607091	81	181
502.5	414.0	659.0887387877277	1.6617951204067503	36.94421638982336	4.612684353384494	0.20624429926101004	3.849779228447258	81	181
507.5	432.0	659.0887387877277	1.6617951204067503	36.94421638982336	4.612684353384494	0.3626871584323396	4.917044362769137	81	181
512.5	398.0	659.0887387877277	1.6617951204067503	36.94421638982336	4.612684353384494	0.6262209107890588	3.160738816180132	81	181
517.5	381.0	659.0887387877277	1.6617951204067503	36.94421638982336	4.612684353384494	1.0616176075991954	2.310847546361241	81	181
522.5	391.0	659.0887387877277	1.6617951204067503	36.94421638982336	4.612684353384494	1.7670702745955116	2.9117214789789534	81	181
527.5	403.0	659.0887387877277	1.6617951204067503	36.94421638982336	4.612684353384494	2.887916888599631	3.598001176980907	81	181
532.5	403.0	659.0887387877277	1.6617951204067503	36.94421638982336	4.612684353384494	4.634050055535197	3.5932181674051518	81	181
537.5	404.0	659.0887387877277	1.6617951204067503	36.94421638982336	4.612684353384494	7.300992655206532	3.5873566464770743	81	181
542.5	408.0	659.0887387877277	1.6617951204067503	36.94421638982336	4.612684353384494	11.294012481615491	3.6647752251256778	81	181
547.5	373.0	659.0887387877277	1.6617951204067503	36.94421638982336	4.612684353384494	17.153777637065662	1.5296170849686954	81	181
552.5	388.0	659.0887387877277	1.6617951204067503	36.94421638982336	4.612684353384494	25.580937087441548	1.9525137402752382	81	181
557.5	404.0	659.0887387877277	1.6617951204067503	36.94421638982336	4.612684353384494	37.45573157902546	2.227018110834742	81	181
562.5	407.0	659.0887387877277	1.6617951204067503	36.94421638982336	4.612684353384494	53.84746707232203	1.5759766752385374	81	181
567.5	436.0	659.0887387877277	1.6617951204067503	36.94421638982336	4.612684353384494	76.0076728029492	1.9586794614821572	81	181
572.5	466.0	659.0887387877277	1.6617951204067503	36.94421638982336	4.612684353384494	105.34034893164296	2.0037122394452775	81	181
577.5	534.0	659.0887387877277	1.6617951204067503	36.94421638982336	4.612684353384494	143.3432445777071	3.3940830808222984	81	181
582.5	531.0	659.0887387877277	1.6617951204067503	36.94421638982336	4.612684353384494	191.51591480777202	1.033871908366069	81	181
587.5	587.0	659.0887387877277	1.6617951204067503	36.94421638982336	4.612684353384494	251.23356959449026	0.8893264631559542	81	181
592.5	689.0	659.0887387877277	1.6617951204067503	36.94421638982336	4.612684353384494	323.59040047700796	2.075460397648539	81	181
597.5	792.0	659.0887387877277	1.6617951204067503	36.94421638982336	4.612684353384494	409.2217901809014	2.6557888218704435	81	181
602.5	819.0	659.0887387877277	1.6617951204067503	36.94421638982336	4.612684353384494	508.12087019594696	0.03326773308171979	81	181
607.5	935.0	659.0887387877277	1.6617951204067503	36.94421638982336	4.612684353384494	619.4702814741889	0.23465895232253473	81	181
612.5	1045.0	659.0887387877277	1.6617951204067503	36.94421638982336	4.612684353384494	741.5135309741613	-0.10369031019620176	81	181
617.5	1165.0	659.0887387877277	1.6617951204067503	36.94421638982336	4.612684353384494	871.490877154285	-0.3441020657271294	81	181
622.5	1304.0	659.0887387877277	1.6617951204067503	36.94421638982336	4.612684353384494	1005.6613767125168	-0.15066508813973165	81	181
627.5	1443.0	659.0887387877277	1.6617951204067503	36.94421638982336	4.612684353384494	1139.4252980320693	0.034217279256114716	81	181
632.5	1590.0	659.0887387877277	1.6617951204067503	36.94421638982336	4.612684353384494	1267.550016147126	0.5475004217754085	81	181
637.5	1681.0	659.0887387877277	1.6617951204067503	36.94421638982336	4.612684353384494	1384.4890126070525	-0.06718401191898993	81	181
642.5	1811.0	659.0887387877277	1.6617951204067503	36.94421638982336	4.612684353384494	1484.769653927121	0.6739703822079165	81	181
647.5	1852.0	659.0887387877277	1.6617951204067503	36.94421638982336	4.612684353384494	1563.4133384368627	-0.17863171658933613	81	181
652.5	1911.0	659.0887387877277	1.6617951204067503	36.94421638982336	4.612684353384494	1616.34365920405	-0.003566867604252102	81	181
657.5	1905.0	659.0887387877277	1.6617951204067503	36.94421638982336	4.612684353384494	1640.7361832317854	-0.6611935843990763	81	181
662.5	1949.0	659.0887387877277	1.6617951204067503	36.94421638982336	4.612684353384494	1635.2681136247281	0.4977995950984364	81	181
667.5	1870.0	659.0887387877277	1.6617951204067503	36.94421638982336	4.612684353384494	1600.2371263342332	-0.4751471380325707	81	181
672.5	1861.0	659.0887387877277	1.6617951204067503	36.94421638982336	4.612684353384494	1537.534524918812	0.8070367430005775	81	181
677.5	1673.0	659.0887387877277	1.6617951204067503	36.94421638982336	4.612684353384494	1450.4760822620426	-1.5593736427262301	81	181
682.5	1684.0	659.0887387877277	1.6617951204067503	36.94421638982336	4.612684353384494	1343.5116233788574	1.3473179669789581	81	181
687.5	1515.0	659.0887387877277	1.6617951204067503	36.94421638982336	4.612684353384494	1221.8487395974028	0.21845078166829063	81	181
692.5	1364.0	659.0887387877277	1.6617951204067503	36.94421638982336	4.612684353384494	1091.0348500357943	-0.27750160984462524	81	181
697.5	1206.0	659.0887387877277	1.6617951204067503	36.94421638982336	4.612684353384494	956.5440221325928	-0.9202383808715363	81	181
702.5	1111.0	659.0887387877277	1.6617951204067503	36.94421638982336	4.612684353384494	823.410615467707	0.21536364753751314	81	181
707.5	994.0	659.0887387877277	1.6617951204067503	36.94421638982336	4.612684353384494	695.9421207105343	0.609212705944285	81	181
712.5	810.0	659.0887387877277	1.6617951204067503	36.94421638982336	4.612684353384494	577.5305251900435	-1.5447699370386974	81	181
717.5	702.0	659.0887387877277	1.6617951204067503	36.94421638982336	4.612684353384494	470.5674966279185	-1.6403058433824174	81	181
722.5	604.0	659.0887387877277	1.6617951204067503	36.94421638982336	4.612684353384494	376.45586633219335	-1.8548035653276111	81	181
727.5	541.0	659.0887387877277	1.6617951204067503	36.94421638982336	4.612684353384494	295.7000331541887	-1.1824146751261617	81	181
732.5	440.0	659.0887387877277	1.6617951204067503	36.94421638982336	4.612684353384494	228.05197522581946	-2.691603655838912	81	181
737.5	331.0	659.0887387877277	1.6617951204067503	36.94421638982336	4.612684353384494	172.6877233413012	-5.341044662689436	81	181
742.5	308.0	659.0887387877277	1.6617951204067503	36.94421638982336	4.612684353384494	128.39090219049305	-4.503689938183685	81	181
747.5	230.0	659.0887387877277	1.6617951204067503	36.94421638982336	4.612684353384494	93.7242984181602	-6.929968337518829	81	181
752.5	240.0	659.0887387877277	1.6617951204067503	36.94421638982336	4.612684353384494	67.17618041540693	-5.140317421433235	81	181
757.5	176.0	659.0887387877277	1.6617951204067503	36.94421638982336	4.612684353384494	47.274133342880155	-7.730484063015407	81	181
762.5	162.0	659.0887387877277	1.6617951204067503	36.94421638982336	4.612684353384494	32.664574553398445	-7.82306489999483	81	181
767.5	186.0	659.0887387877277	1.6617951204067503	36.94421638982336	4.612684353384494	22.160298039265843	-5.861609404659761	81	181
772.5	162.0	659.0887387877277	1.6617951204067503	36.94421638982336	4.612684353384494	14.761121294737036	-6.8732684214579525	81	181
777.5	158.0	659.0887387877277	1.6617951204067503	36.94421638982336	4.612684353384494	9.654021500278342	-6.8076563776048165	81	181
782.5	159.0	659.0887387877277	1.6617951204067503	36.94421638982336	4.612684353384494	6.199295458581896	-6.515095888357246	81	181
787.5	129.0	659.0887387877277	1.6617951204067503	36.94421638982336	4.612684353384494	3.908603079325374	-8.1932736186145	81	181
792.5	132.0	659.0887387877277	1.6617951204067503	36.94421638982336	4.612684353384494	2.4196133121108443	-7.878120756386142	81	181
797.5	145.0	659.0887387877277	1.6617951204067503	36.94421638982336	4.612684353384494	1.4706709755337322	-6.961458962072916	81	181
802.5	129.0	659.0887387877277	1.6617951204067503	36.94421638982336	4.612684353384494	0.87766794834708	-7.872730852866124	81	181
807.5	111.0	659.0887387877277	1.6617951204067503	36.94421638982336	4.612684353384494	0.5142687284033949	-8.92728141093046	81	181
812.5	115.0	659.0887387877277	1.6617951204067503	36.94421638982336	4.612684353384494	0.2958660648561746	-8.608076295891253	81	181
817.5	116.0	659.0887387877277	1.6617951204067503	36.94421638982336	4.612684353384494	0.1671265142430392	-8.481226552614002	81	181
822.5	115.0	659.0887387877277	1.6617951204067503	36.94421638982336	4.612684353384494	0.09269167192339484	-8.483353182935037	81	181
827.5	127.0	659.0887387877277	1.6617951204067503	36.94421638982336	4.612684353384494	0.050475570619417605	-7.661055642613627	81	181
832.5	119.0	659.0887387877277	1.6617951204067503	36.94421638982336	4.612684353384494	0.026987764988697562	-8.110220865834364	81	181
837.5	120.0	659.0887387877277	1.6617951204067503	36.94421638982336	4.612684353384494	0.014167648154384005	-7.987570760583574	81	181
842.5	107.0	659.0887387877277	1.6617951204067503	36.94421638982336	4.612684353384494	0.00730253701418067	-8.761544602869957	81	181
847.5	99.0	659.0887387877277	1.6617951204067503	36.94421638982336	4.612684353384494	0.0036956848695990463	-9.218877878668287	81	181
852.5	105.0	659.0887387877277	1.6617951204067503	36.94421638982336	4.612684353384494	0.0018363745179692827	-8.777799844254593	81	181
857.5	100.0	659.0887387877277	1.6617951204067503	36.94421638982336	4.612684353384494	0.0008959272467307689	-9.044682591190382	81	181
862.5	109.0	659.0887387877277	1.6617951204067503	36.94421638982336	4.612684353384494	0.00042917003546698047	-8.407616975110194	81	181
867.5	110.0	659.0887387877277	1.6617951204067503	36.94421638982336	4.612684353384494	0.00020185113718862628	-8.286507658026954	81	181
872.5	89.0	659.0887387877277	1.6617951204067503	36.94421638982336	4.612684353384494	9.321336146371714e-05	-9.595415161334486	81	181
877.5	80.0	659.0887387877277	1.6617951204067503	36.94421638982336	4.612684353384494	4.226397103018214e-05	-10.129104315658964	81	181
882.5	97.0	659.0887387877277	1.6617951204067503	36.94421638982336	4.612684353384494	1.881514593016325e-05	-8.966982498537275	81	181
887.5	96.0	659.0887387877277	1.6617951204067503	36.94421638982336	4.612684353384494	8.224131445396029e-06	-8.978405549063517	81	181
892.5	81.0	659.0887387877277	1.6617951204067503	36.94421638982336	4.612684353384494	3.529536324193899e-06	-9.90954071708779	81	181
897.5	87.0	659.0887387877277	1.6617951204067503	36.94421638982336	4.612684353384494	1.4872720947257405e-06	-9.463218800642837	81	181
902.5	80.0	659.0887387877277	1.6617951204067503	36.94421638982336	4.612684353384494	6.153303891753814e-07	-9.872922077795552	81	181
907.5	82.0	659.0887387877277	1.6617951204067503	36.94421638982336	4.612684353384494
912.5	71.0	659.0887387877277	1.6617951204067503	36.94421638982336	4.612684353384494
917.5	76.0	659.0887387877277	1.6617951204067503	36.94421638982336	4.612684353384494
922.5	78.0	659.0887387877277	1.6617951204067503	36.94421638982336	4.612684353384494
927.5	81.0	659.0887387877277	1.6617951204067503	36.94421638982336	4.612684353384494
932.5	67.0	659.0887387877277	1.6617951204067503	36.94421638982336	4.612684353384494
937.5	89.0	659.0887387877277	1.6617951204067503	36.94421638982336	4.612684353384494
942.5	75.0	659.0887387877277	1.6617951204067503	36.94421638982336	4.612684353384494
947.5	78.0	659.0887387877277	1.6617951204067503	36.94421638982336	4.612684353384494
952.5	58.0	659.0887387877277	1.6617951204067503	36.94421638982336	4.612684353384494
957.5	76.0	659.0887387877277	1.6617951204067503	36.94421638982336	4.612684353384494
962.5	72.0	659.0887387877277	1.6617951204067503	36.94421638982336	4.612684353384494
967.5	78.0	659.0887387877277	1.6617951204067503	36.94421638982336	4.612684353384494
972.5	79.0	659.0887387877277	1.6617951204067503	36.94421638982336	4.612684353384494
977.5	82.0	659.0887387877277	1.6617951204067503	36.94421638982336	4.612684353384494
982.5	63.0	659.0887387877277	1.6617951204067503	36.94421638982336	4.612684353384494
987.5	87.0	659.0887387877277	1.6617951204067503	36.94421638982336	4.612684353384494
992.5	76.0	659.0887387877277	1.6617951204067503	36.94421638982336	4.612684353384494
997.5	68.0	659.0887387877277	1.6617951204067503	36.94421638982336	4.612684353384494
1002.5	70.0	659.0887387877277	1.6617951204067503	36.94421638982336	4.612684353384494
1007.5	66.0	659.0887387877277	1.6617951204067503	36.94421638982336	4.612684353384494
1012.5	71.0	659.0887387877277	1.6617951204067503	36.94421638982336	4.612684353384494
1017.5	68.0	659.0887387877277	1.6617951204067503	36.94421638982336	4.612684353384494
1022.5	72.0	659.0887387877277	1.6617951204067503	36.94421638982336	4.612684353384494
1027.5	61.0	659.0887387877277	1.6617951204067503	36.94421638982336	4.612684353384494
1032.5	67.0	659.0887387877277	1.6617951204067503	36.94421638982336	4.612684353384494
1037.5	56.0	659.0887387877277	1.6617951204067503	36.94421638982336	4.612684353384494
1042.5	57.0	659.0887387877277	1.6617951204067503	36.94421638982336	4.612684353384494
1047.5	62.0	659.0887387877277	1.6617951204067503	36.94421638982336	4.612684353384494
1052.5	58.0	659.0887387877277	1.6617951204067503	36.94421638982336	4.612684353384494
1057.5	58.0	659.0887387877277	1.6617951204067503	36.94421638982336	4.612684353384494
1062.5	61.0	659.0887387877277	1.6617951204067503	36.94421638982336	4.612684353384494
1067.5	58.0	659.0887387877277	1.6617951204067503	36.94421638982336	4.612684353384494
1072.5	57.0	659.0887387877277	1.6617951204067503	36.94421638982336	4.612684353384494
1077.5	60.0	659.0887387877277	1.6617951204067503	36.94421638982336	4.612684353384494
1082.5	52.0	659.0887387877277	1.6617951204067503	36.94421638982336	4.612684353384494
1087.5	48.0	659.0887387877277	1.6617951204067503	36.94421638982336	4.612684353384494
1092.5	73.0	659.0887387877277	1.6617951204067503	36.94421638982336	4.612684353384494
1097.5	51.0	659.0887387877277	1.6617951204067503	36.94421638982336	4.612684353384494
1102.5	67.0	659.0887387877277	1.6617951204067503	36.94421638982336	4.612684353384494
1107.5	49.0	659.0887387877277	1.6617951204067503	36.94421638982336	4.612684353384494
1112.5	58.0	659.0887387877277	1.6617951204067503	36.94421638982336	4.612684353384494
1117.5	41.0	659.0887387877277	1.6617951204067503	36.94421638982336	4.612684353384494
1122.5	47.0	659.0887387877277	1.6617951204067503	36.94421638982336	4.612684353384494
1127.5	48.0	659.0887387877277	1.6617951204067503	36.94421638982336	4.612684353384494
1132.5	70.0	659.0887387877277	1.6617951204067503	36.94421638982336	4.612684353384494
1137.5	50.0	659.0887387877277	1.6617951204067503	36.94421638982336	4.612684353384494
1142.5	36.0	659.0887387877277	1.6617951204067503	36.94421638982336	4.612684353384494
1147.5	54.0	659.0887387877277	1.6617951204067503	36.94421638982336	4.612684353384494
1152.5	37.0	659.0887387877277	1.6617951204067503	36.94421638982336	4.612684353384494
1157.5	56.0	659.0887387877277	1.6617951204067503	36.94421638982336	4.612684353384494
1162.5	49.0	659.0887387877277	1.6617951204067503	36.94421638982336	4.612684353384494
1167.5	39.0	659.0887387877277	1.6617951204067503	36.94421638982336	4.612684353384494
1172.5	43.0	659.0887387877277	1.6617951204067503	36.94421638982336	4.612684353384494
1177.5	50.0	659.0887387877277	1.6617951204067503	36.94421638982336	4.612684353384494
1182.5	37.0	659.0887387877277	1.6617951204067503	36.94421638982336	4.612684353384494
1187.5	54.0	659.0887387877277	1.6617951204067503	36.94421638982336	4.612684353384494
1192.5	45.0	659.0887387877277	1.6617951204067503	36.94421638982336	4.612684353384494
1197.5	35.0	659.0887387877277	1.6617951204067503	36.94421638982336	4.612684353384494
