2.5	1012371.0	712.292790722204	0.40966102862939524	43.58199181033916	0.6763317718541098
7.5	397667.0	712.292790722204	0.40966102862939524	43.58199181033916	0.6763317718541098
12.5	91317.0	712.292790722204	0.40966102862939524	43.58199181033916	0.6763317718541098
17.5	60264.0	712.292790722204	0.40966102862939524	43.58199181033916	0.6763317718541098
22.5	53255.0	712.292790722204	0.40966102862939524	43.58199181033916	0.6763317718541098
27.5	47183.0	712.292790722204	0.40966102862939524	43.58199181033916	0.6763317718541098
32.5	40838.0	712.292790722204	0.40966102862939524	43.58199181033916	0.6763317718541098
37.5	35193.0	712.292790722204	0.40966102862939524	43.58199181033916	0.6763317718541098
42.5	30997.0	712.292790722204	0.40966102862939524	43.58199181033916	0.6763317718541098
47.5	27187.0	712.292790722204	0.40966102862939524	43.58199181033916	0.6763317718541098
52.5	23647.0	712.292790722204	0.40966102862939524	43.58199181033916	0.6763317718541098
57.5	21041.0	712.292790722204	0.40966102862939524	43.58199181033916	0.6763317718541098
62.5	18763.0	712.292790722204	0.40966102862939524	43.58199181033916	0.6763317718541098
67.5	16765.0	712.292790722204	0.40966102862939524	43.58199181033916	0.6763317718541098
72.5	15069.0	712.292790722204	0.40966102862939524	43.58199181033916	0.6763317718541098
77.5	13869.0	712.292790722204	0.40966102862939524	43.58199181033916	0.6763317718541098
82.5	12391.0	712.292790722204	0.40966102862939524	43.58199181033916	0.6763317718541098
87.5	11222.0	712.292790722204	0.40966102862939524	43.58199181033916	0.6763317718541098
92.5	10589.0	712.292790722204	0.40966102862939524	43.58199181033916	0.6763317718541098
97.5	9764.0	712.292790722204	0.40966102862939524	43.58199181033916	0.6763317718541098
102.5	9034.0	712.292790722204	0.40966102862939524	43.58199181033916	0.6763317718541098
107.5	8431.0	712.292790722204	0.40966102862939524	43.58199181033916	0.6763317718541098
112.5	7673.0	712.292790722204	0.40966102862939524	43.58199181033916	0.6763317718541098
117.5	7478.0	712.292790722204	0.40966102862939524	43.58199181033916	0.6763317718541098
122.5	6767.0	712.292790722204	0.40966102862939524	43.58199181033916	0.6763317718541098
127.5	6399.0	712.292790722204	0.40966102862939524	43.58199181033916	0.6763317718541098
132.5	6117.0	712.292790722204	0.40966102862939524	43.58199181033916	0.6763317718541098
137.5	5814.0	712.292790722204	0.40966102862939524	43.58199181033916	0.6763317718541098
142.5	5470.0	712.292790722204	0.40966102862939524	43.58199181033916	0.6763317718541098
147.5	5153.0	712.292790722204	0.40966102862939524	43.58199181033916	0.6763317718541098
152.5	4852.0	712.292790722204	0.40966102862939524	43.58199181033916	0.6763317718541098
157.5	4721.0	712.292790722204	0.40966102862939524	43.58199181033916	0.6763317718541098
162.5	4361.0	712.292790722204	0.40966102862939524	43.58199181033916	0.6763317718541098
167.5	4162.0	712.292790722204	0.40966102862939524	43.58199181033916	0.6763317718541098
172.5	4019.0	712.292790722204	0.40966102862939524	43.58199181033916	0.6763317718541098
177.5	3812.0	712.292790722204	0.40966102862939524	43.58199181033916	0.6763317718541098
182.5	3634.0	712.292790722204	0.40966102862939524	43.58199181033916	0.6763317718541098
187.5	3483.0	712.292790722204	0.40966102862939524	43.58199181033916	0.6763317718541098
192.5	3257.0	712.292790722204	0.40966102862939524	43.58199181033916	0.6763317718541098
197.5	3177.0	712.292790722204	0.40966102862939524	43.58199181033916	0.6763317718541098
202.5	3024.0	712.292790722204	0.40966102862939524	43.58199181033916	0.6763317718541098
207.5	2873.0	712.292790722204	0.40966102862939524	43.58199181033916	0.6763317718541098
212.5	2846.0	712.292790722204	0.40966102862939524	43.58199181033916	0.6763317718541098
217.5	2658.0	712.292790722204	0.40966102862939524	43.58199181033916	0.6763317718541098
222.5	2571.0	712.292790722204	0.40966102862939524	43.58199181033916	0.6763317718541098
227.5	2437.0	712.292790722204	0.40966102862939524	43.58199181033916	0.6763317718541098
232.5	2430.0	712.292790722204	0.40966102862939524	43.58199181033916	0.6763317718541098
237.5	2294.0	712.292790722204	0.40966102862939524	43.58199181033916	0.6763317718541098
242.5	2300.0	712.292790722204	0.40966102862939524	43.58199181033916	0.6763317718541098
247.5	2073.0	712.292790722204	0.40966102862939524	43.58199181033916	0.6763317718541098
252.5	2085.0	712.292790722204	0.40966102862939524	43.58199181033916	0.6763317718541098
257.5	1946.0	712.292790722204	0.40966102862939524	43.58199181033916	0.6763317718541098
262.5	1882.0	712.292790722204	0.40966102862939524	43.58199181033916	0.6763317718541098
267.5	1856.0	712.292790722204	0.40966102862939524	43.58199181033916	0.6763317718541098
272.5	1681.0	712.292790722204	0.40966102862939524	43.58199181033916	0.6763317718541098
277.5	1681.0	712.292790722204	0.40966102862939524	43.58199181033916	0.6763317718541098
282.5	1665.0	712.292790722204	0.40966102862939524	43.58199181033916	0.6763317718541098
287.5	1631.0	712.292790722204	0.40966102862939524	43.58199181033916	0.6763317718541098
292.5	1487.0	712.292790722204	0.40966102862939524	43.58199181033916	0.6763317718541098
297.5	1482.0	712.292790722204	0.40966102862939524	43.58199181033916	0.6763317718541098
302.5	1403.0	712.292790722204	0.40966102862939524	43.58199181033916	0.6763317718541098
307.5	1361.0	712.292790722204	0.40966102862939524	43.58199181033916	0.6763317718541098
312.5	1306.0	712.292790722204	0.40966102862939524	43.58199181033916	0.6763317718541098
317.5	1248.0	712.292790722204	0.40966102862939524	43.58199181033916	0.6763317718541098
322.5	1276.0	712.292790722204	0.40966102862939524	43.58199181033916	0.6763317718541098
327.5	1225.0	712.292790722204	0.40966102862939524	43.58199181033916	0.6763317718541098
332.5	1167.0	712.292790722204	0.40966102862939524	43.58199181033916	0.6763317718541098
337.5	1185.0	712.292790722204	0.40966102862939524	43.58199181033916	0.6763317718541098
342.5	1074.0	712.292790722204	0.40966102862939524	43.58199181033916	0.6763317718541098
347.5	1042.0	712.292790722204	0.40966102862939524	43.58199181033916	0.6763317718541098
352.5	1049.0	712.292790722204	0.40966102862939524	43.58199181033916	0.6763317718541098
357.5	1020.0	712.292790722204	0.40966102862939524	43.58199181033916	0.6763317718541098
362.5	971.0	712.292790722204	0.40966102862939524	43.58199181033916	0.6763317718541098
367.5	1035.0	712.292790722204	0.40966102862939524	43.58199181033916	0.6763317718541098
372.5	961.0	712.292790722204	0.40966102862939524	43.58199181033916	0.6763317718541098
377.5	906.0	712.292790722204	0.40966102862939524	43.58199181033916	0.6763317718541098
382.5	854.0	712.292790722204	0.40966102862939524	43.58199181033916	0.6763317718541098
387.5	826.0	712.292790722204	0.40966102862939524	43.58199181033916	0.6763317718541098
392.5	841.0	712.292790722204	0.40966102862939524	43.58199181033916	0.6763317718541098
397.5	851.0	712.292790722204	0.40966102862939524	43.58199181033916	0.6763317718541098
402.5	799.0	712.292790722204	0.40966102862939524	43.58199181033916	0.6763317718541098
407.5	811.0	712.292790722204	0.40966102862939524	43.58199181033916	0.6763317718541098
412.5	706.0	712.292790722204	0.40966102862939524	43.58199181033916	0.6763317718541098
417.5	738.0	712.292790722204	0.40966102862939524	43.58199181033916	0.6763317718541098
422.5	711.0	712.292790722204	0.40966102862939524	43.58199181033916	0.6763317718541098
427.5	670.0	712.292790722204	0.40966102862939524	43.58199181033916	0.6763317718541098
432.5	676.0	712.292790722204	0.40966102862939524	43.58199181033916	0.6763317718541098
437.5	657.0	712.292790722204	0.40966102862939524	43.58199181033916	0.6763317718541098
442.5	672.0	712.292790722204	0.40966102862939524	43.58199181033916	0.6763317718541098
447.5	615.0	712.292790722204	0.40966102862939524	43.58199181033916	0.6763317718541098
452.5	581.0	712.292790722204	0.40966102862939524	43.58199181033916	0.6763317718541098
457.5	621.0	712.292790722204	0.40966102862939524	43.58199181033916	0.6763317718541098
462.5	567.0	712.292790722204	0.40966102862939524	43.58199181033916	0.6763317718541098	0.00014190586329953004	47597.32329341132	92	192
467.5	605.0	712.292790722204	0.40966102862939524	43.58199181033916	0.6763317718541098	0.00027209285871080346	36677.22862740429	92	192
472.5	546.0	712.292790722204	0.40966102862939524	43.58199181033916	0.6763317718541098	0.000514893857281405	24062.089682589147	92	192
477.5	558.0	712.292790722204	0.40966102862939524	43.58199181033916	0.6763317718541098	0.0009616167988912032	17994.1947031699	92	192
482.5	524.0	712.292790722204	0.40966102862939524	43.58199181033916	0.6763317718541098	0.0017724342607053415	12446.42837345652	92	192
487.5	512.0	712.292790722204	0.40966102862939524	43.58199181033916	0.6763317718541098	0.0032242001557896303	9016.878682652945	92	192
492.5	471.0	712.292790722204	0.40966102862939524	43.58199181033916	0.6763317718541098	0.005788387763328954	6190.657261940928	92	192
497.5	431.0	712.292790722204	0.40966102862939524	43.58199181033916	0.6763317718541098	0.010255976158975217	4255.772794627073	92	192
502.5	503.0	712.292790722204	0.40966102862939524	43.58199181033916	0.6763317718541098	0.01793412333891045	3755.886191160834	92	192
507.5	478.0	712.292790722204	0.40966102862939524	43.58199181033916	0.6763317718541098	0.03095045696949873	2716.8536350811232	92	192
512.5	500.0	712.292790722204	0.40966102862939524	43.58199181033916	0.6763317718541098	0.05271542869387611	2177.4858551362286	92	192
517.5	460.0	712.292790722204	0.40966102862939524	43.58199181033916	0.6763317718541098	0.08861192749520941	1544.9985341602649	92	192
522.5	468.0	712.292790722204	0.40966102862939524	43.58199181033916	0.6763317718541098	0.14700441834491343	1220.2370870566583	92	192
527.5	474.0	712.292790722204	0.40966102862939524	43.58199181033916	0.6763317718541098	0.2406868462510106	965.676320736261	92	192
532.5	467.0	712.292790722204	0.40966102862939524	43.58199181033916	0.6763317718541098	0.38891803998797625	748.2143009915626	92	192
537.5	436.0	712.292790722204	0.40966102862939524	43.58199181033916	0.6763317718541098	0.6202225956234474	552.833638538355	92	192
542.5	426.0	712.292790722204	0.40966102862939524	43.58199181033916	0.6763317718541098	0.9761596315033936	430.1826288915317	92	192
547.5	379.0	712.292790722204	0.40966102862939524	43.58199181033916	0.6763317718541098	1.5162746246343723	306.55563172717115	92	192
552.5	455.0	712.292790722204	0.40966102862939524	43.58199181033916	0.6763317718541098	2.3244416785235504	296.91197847994505	92	192
557.5	422.0	712.292790722204	0.40966102862939524	43.58199181033916	0.6763317718541098	3.516763835554766	223.1549183202156	92	192
562.5	412.0	712.292790722204	0.40966102862939524	43.58199181033916	0.6763317718541098	5.251114875722608	177.50092132930683	92	192
567.5	410.0	712.292790722204	0.40966102862939524	43.58199181033916	0.6763317718541098	7.7382649858854835	144.6062033191095	92	192
572.5	396.0	712.292790722204	0.40966102862939524	43.58199181033916	0.6763317718541098	11.254324661607374	114.68695634207428	92	192
577.5	388.0	712.292790722204	0.40966102862939524	43.58199181033916	0.6763317718541098	16.153961560492338	92.5174462382195	92	192
582.5	418.0	712.292790722204	0.40966102862939524	43.58199181033916	0.6763317718541098	22.8834981353394	82.59694052286325	92	192
587.5	396.0	712.292790722204	0.40966102862939524	43.58199181033916	0.6763317718541098	31.992600857486007	64.3554657525551	92	192
592.5	397.0	712.292790722204	0.40966102862939524	43.58199181033916	0.6763317718541098	44.142857677957224	53.10906923595197	92	192
597.5	418.0	712.292790722204	0.40966102862939524	43.58199181033916	0.6763317718541098	60.11115951011986	46.16051058900991	92	192
602.5	382.0	712.292790722204	0.40966102862939524	43.58199181033916	0.6763317718541098	80.78552092315076	33.512673797135676	92	192
607.5	422.0	712.292790722204	0.40966102862939524	43.58199181033916	0.6763317718541098	107.15087402172692	30.41617743990186	92	192
612.5	447.0	712.292790722204	0.40966102862939524	43.58199181033916	0.6763317718541098	140.26253049203748	25.89977525785801	92	192
617.5	439.0	712.292790722204	0.40966102862939524	43.58199181033916	0.6763317718541098	181.20550419302478	19.150845285747764	92	192
622.5	477.0	712.292790722204	0.40966102862939524	43.58199181033916	0.6763317718541098	231.03877052148368	16.181702889606616	92	192
627.5	504.0	712.292790722204	0.40966102862939524	43.58199181033916	0.6763317718541098	290.72481839002245	12.508328157672956	92	192
632.5	537.0	712.292790722204	0.40966102862939524	43.58199181033916	0.6763317718541098	361.04647960188106	9.260115488227596	92	192
637.5	586.0	712.292790722204	0.40966102862939524	43.58199181033916	0.6763317718541098	442.5148865975178	6.8209191636830395	92	192
642.5	658.0	712.292790722204	0.40966102862939524	43.58199181033916	0.6763317718541098	535.2743338457958	5.304533400036861	92	192
647.5	751.0	712.292790722204	0.40966102862939524	43.58199181033916	0.6763317718541098	639.0115643077385	4.430153959787495	92	192
652.5	795.0	712.292790722204	0.40966102862939524	43.58199181033916	0.6763317718541098	752.8782996054405	1.5351241537314682	92	192
657.5	898.0	712.292790722204	0.40966102862939524	43.58199181033916	0.6763317718541098	875.4364096737293	0.7625984238806953	92	192
662.5	992.0	712.292790722204	0.40966102862939524	43.58199181033916	0.6763317718541098	1004.6347458213685	-0.3986230541339319	92	192
667.5	1126.0	712.292790722204	0.40966102862939524	43.58199181033916	0.6763317718541098	1137.8251982596157	-0.350566697246338	92	192
672.5	1300.0	712.292790722204	0.40966102862939524	43.58199181033916	0.6763317718541098	1271.8229694493245	0.7900996888508891	92	192
677.5	1425.0	712.292790722204	0.40966102862939524	43.58199181033916	0.6763317718541098	1403.0125140543325	0.587009057621453	92	192
682.5	1531.0	712.292790722204	0.40966102862939524	43.58199181033916	0.6763317718541098	1527.4963774168955	0.0896452375750984	92	192
687.5	1639.0	712.292790722204	0.40966102862939524	43.58199181033916	0.6763317718541098	1641.2796959896473	-0.0562711300396877	92	192
692.5	1658.0	712.292790722204	0.40966102862939524	43.58199181033916	0.6763317718541098	1740.478924115079	-1.9770088020258028	92	192
697.5	1869.0	712.292790722204	0.40966102862939524	43.58199181033916	0.6763317718541098	1821.5399647654408	1.1120100293852282	92	192
702.5	1960.0	712.292790722204	0.40966102862939524	43.58199181033916	0.6763317718541098	1881.4487957892122	1.8109507752182765	92	192
707.5	1816.0	712.292790722204	0.40966102862939524	43.58199181033916	0.6763317718541098	1917.9172545822346	-2.3271950425427033	92	192
712.5	1963.0	712.292790722204	0.40966102862939524	43.58199181033916	0.6763317718541098	1929.5280349351494	0.7620012136917531	92	192
717.5	1961.0	712.292790722204	0.40966102862939524	43.58199181033916	0.6763317718541098	1915.8260908222271	1.0320711368993234	92	192
722.5	1825.0	712.292790722204	0.40966102862939524	43.58199181033916	0.6763317718541098	1877.3482303233504	-1.2081742790836894	92	192
727.5	1880.0	712.292790722204	0.40966102862939524	43.58199181033916	0.6763317718541098	1815.5882168854982	1.5116687811496623	92	192
732.5	1716.0	712.292790722204	0.40966102862939524	43.58199181033916	0.6763317718541098	1732.9005404818001	-0.4059885402836806	92	192
737.5	1617.0	712.292790722204	0.40966102862939524	43.58199181033916	0.6763317718541098	1632.3514996956517	-0.3799653264074831	92	192
742.5	1507.0	712.292790722204	0.40966102862939524	43.58199181033916	0.6763317718541098	1517.5307209196833	-0.27032695818251434	92	192
747.5	1373.0	712.292790722204	0.40966102862939524	43.58199181033916	0.6763317718541098	1392.3392452435437	-0.5182830292946204	92	192
752.5	1274.0	712.292790722204	0.40966102862939524	43.58199181033916	0.6763317718541098	1260.7715529788647	0.3725552276576585	92	192
757.5	1138.0	712.292790722204	0.40966102862939524	43.58199181033916	0.6763317718541098	1126.708320611249	0.33639752176794796	92	192
762.5	966.0	712.292790722204	0.40966102862939524	43.58199181033916	0.6763317718541098	993.7344952582687	-0.8798022812234004	92	192
767.5	833.0	712.292790722204	0.40966102862939524	43.58199181033916	0.6763317718541098	864.9937977715208	-1.0878256593482305	92	192
772.5	741.0	712.292790722204	0.40966102862939524	43.58199181033916	0.6763317718541098	743.086523442949	-0.07654266446531598	92	192
777.5	621.0	712.292790722204	0.40966102862939524	43.58199181033916	0.6763317718541098	630.0130426043687	-0.3590844956338574	92	192
782.5	537.0	712.292790722204	0.40966102862939524	43.58199181033916	0.6763317718541098	527.1612260972657	0.4285181790912924	92	192
787.5	433.0	712.292790722204	0.40966102862939524	43.58199181033916	0.6763317718541098	435.33255146152266	-0.11179455793280994	92	192
792.5	439.0	712.292790722204	0.40966102862939524	43.58199181033916	0.6763317718541098	354.79916473454983	4.470180969234528	92	192
797.5	347.0	712.292790722204	0.40966102862939524	43.58199181033916	0.6763317718541098	285.38280286004704	3.6474390180845355	92	192
802.5	307.0	712.292790722204	0.40966102862939524	43.58199181033916	0.6763317718541098	226.54619538570287	5.345252187718881	92	192
807.5	297.0	712.292790722204	0.40966102862939524	43.58199181033916	0.6763317718541098	177.4882105326229	8.970692990463911	92	192
812.5	240.0	712.292790722204	0.40966102862939524	43.58199181033916	0.6763317718541098	137.23535569785847	8.772244285570302	92	192
817.5	181.0	712.292790722204	0.40966102862939524	43.58199181033916	0.6763317718541098	104.72401338644647	7.4535761889210885	92	192
822.5	195.0	712.292790722204	0.40966102862939524	43.58199181033916	0.6763317718541098	78.86972136031015	13.076463768406706	92	192
827.5	164.0	712.292790722204	0.40966102862939524	43.58199181033916	0.6763317718541098	58.62165823863456	13.763291578461756	92	192
832.5	163.0	712.292790722204	0.40966102862939524	43.58199181033916	0.6763317718541098	43.0020990976346	18.299061690427262	92	192
837.5	134.0	712.292790722204	0.40966102862939524	43.58199181033916	0.6763317718541098	31.131853341839374	18.436497864538907	92	192
842.5	126.0	712.292790722204	0.40966102862939524	43.58199181033916	0.6763317718541098	22.24354791803042	21.999513802886565	92	192
847.5	120.0	712.292790722204	0.40966102862939524	43.58199181033916	0.6763317718541098	15.685086117405849	26.33922244639837	92	192
852.5	128.0	712.292790722204	0.40966102862939524	43.58199181033916	0.6763317718541098	10.91574844938925	35.438205698828476	92	192
857.5	135.0	712.292790722204	0.40966102862939524	43.58199181033916	0.6763317718541098	7.4972828203588175	46.56584551028911	92	192
862.5	121.0	712.292790722204	0.40966102862939524	43.58199181033916	0.6763317718541098	5.082039461342369	51.419957703326965	92	192
867.5	106.0	712.292790722204	0.40966102862939524	43.58199181033916	0.6763317718541098	3.399820087914839	55.64423223714329	92	192
872.5	114.0	712.292790722204	0.40966102862939524	43.58199181033916	0.6763317718541098	2.2446963582891826	74.59150020454658	92	192
877.5	116.0	712.292790722204	0.40966102862939524	43.58199181033916	0.6763317718541098	1.4626588124325823	94.70558287931092	92	192
882.5	120.0	712.292790722204	0.40966102862939524	43.58199181033916	0.6763317718541098	0.9406157056198072	122.76018078290909	92	192
887.5	115.0	712.292790722204	0.40966102862939524	43.58199181033916	0.6763317718541098	0.5969874254850197	148.0658380620555	92	192
892.5	105.0	712.292790722204	0.40966102862939524	43.58199181033916	0.6763317718541098	0.37393998381080856	171.09563053922787	92	192
897.5	131.0	712.292790722204	0.40966102862939524	43.58199181033916	0.6763317718541098	0.2311651652599652	271.98381375104316	92	192
902.5	102.0	712.292790722204	0.40966102862939524	43.58199181033916	0.6763317718541098	0.14103491424264422	271.2288858114744	92	192
907.5	102.0	712.292790722204	0.40966102862939524	43.58199181033916	0.6763317718541098	0.08492091234675439	349.7285764773967	92	192
912.5	111.0	712.292790722204	0.40966102862939524	43.58199181033916	0.6763317718541098	0.05046455263994337	493.89232155592896	92	192
917.5	125.0	712.292790722204	0.40966102862939524	43.58199181033916	0.6763317718541098	0.029596609859740844	726.4173154683072	92	192
922.5	100.0	712.292790722204	0.40966102862939524	43.58199181033916	0.6763317718541098	0.01713094305613026	763.8972720928962	92	192
927.5	94.0	712.292790722204	0.40966102862939524	43.58199181033916	0.6763317718541098	0.009785980341549125	950.1243950235001	92	192
932.5	113.0	712.292790722204	0.40966102862939524	43.58199181033916	0.6763317718541098	0.005517103994518151	1521.2537222123249	92	192
937.5	106.0	712.292790722204	0.40966102862939524	43.58199181033916	0.6763317718541098	0.0030697412156108373	1913.120852221163	92	192
942.5	106.0	712.292790722204	0.40966102862939524	43.58199181033916	0.6763317718541098	0.0016856838422483035	2581.7304483842277	92	192
947.5	101.0	712.292790722204	0.40966102862939524	43.58199181033916	0.6763317718541098	0.0009135540483215769	3341.568145939455	92	192
952.5	80.0	712.292790722204	0.40966102862939524	43.58199181033916	0.6763317718541098	0.0004886255054661236	3619.0890392268566	92	192
957.5	87.0	712.292790722204	0.40966102862939524	43.58199181033916	0.6763317718541098	0.0002579299551753034	5417.1027561344745	92	192
962.5	96.0	712.292790722204	0.40966102862939524	43.58199181033916	0.6763317718541098
967.5	90.0	712.292790722204	0.40966102862939524	43.58199181033916	0.6763317718541098
972.5	98.0	712.292790722204	0.40966102862939524	43.58199181033916	0.6763317718541098
977.5	86.0	712.292790722204	0.40966102862939524	43.58199181033916	0.6763317718541098
982.5	93.0	712.292790722204	0.40966102862939524	43.58199181033916	0.6763317718541098
987.5	95.0	712.292790722204	0.40966102862939524	43.58199181033916	0.6763317718541098
992.5	93.0	712.292790722204	0.40966102862939524	43.58199181033916	0.6763317718541098
997.5	91.0	712.292790722204	0.40966102862939524	43.58199181033916	0.6763317718541098
1002.5	85.0	712.292790722204	0.40966102862939524	43.58199181033916	0.6763317718541098
1007.5	87.0	712.292790722204	0.40966102862939524	43.58199181033916	0.6763317718541098
1012.5	92.0	712.292790722204	0.40966102862939524	43.58199181033916	0.6763317718541098
1017.5	79.0	712.292790722204	0.40966102862939524	43.58199181033916	0.6763317718541098
1022.5	89.0	712.292790722204	0.40966102862939524	43.58199181033916	0.6763317718541098
1027.5	87.0	712.292790722204	0.40966102862939524	43.58199181033916	0.6763317718541098
1032.5	74.0	712.292790722204	0.40966102862939524	43.58199181033916	0.6763317718541098
1037.5	74.0	712.292790722204	0.40966102862939524	43.58199181033916	0.6763317718541098
1042.5	79.0	712.292790722204	0.40966102862939524	43.58199181033916	0.6763317718541098
1047.5	99.0	712.292790722204	0.40966102862939524	43.58199181033916	0.6763317718541098
1052.5	77.0	712.292790722204	0.40966102862939524	43.58199181033916	0.6763317718541098
1057.5	90.0	712.292790722204	0.40966102862939524	43.58199181033916	0.6763317718541098
1062.5	80.0	712.292790722204	0.40966102862939524	43.58199181033916	0.6763317718541098
1067.5	66.0	712.292790722204	0.40966102862939524	43.58199181033916	0.6763317718541098
1072.5	89.0	712.292790722204	0.40966102862939524	43.58199181033916	0.6763317718541098
1077.5	52.0	712.292790722204	0.40966102862939524	43.58199181033916	0.6763317718541098
1082.5	71.0	712.292790722204	0.40966102862939524	43.58199181033916	0.6763317718541098
1087.5	62.0	712.292790722204	0.40966102862939524	43.58199181033916	0.6763317718541098
1092.5	60.0	712.292790722204	0.40966102862939524	43.58199181033916	0.6763317718541098
1097.5	78.0	712.292790722204	0.40966102862939524	43.58199181033916	0.6763317718541098
1102.5	73.0	712.292790722204	0.40966102862939524	43.58199181033916	0.6763317718541098
1107.5	65.0	712.292790722204	0.40966102862939524	43.58199181033916	0.6763317718541098
1112.5	58.0	712.292790722204	0.40966102862939524	43.58199181033916	0.6763317718541098
1117.5	52.0	712.292790722204	0.40966102862939524	43.58199181033916	0.6763317718541098
1122.5	59.0	712.292790722204	0.40966102862939524	43.58199181033916	0.6763317718541098
1127.5	73.0	712.292790722204	0.40966102862939524	43.58199181033916	0.6763317718541098
1132.5	52.0	712.292790722204	0.40966102862939524	43.58199181033916	0.6763317718541098
1137.5	59.0	712.292790722204	0.40966102862939524	43.58199181033916	0.6763317718541098
1142.5	55.0	712.292790722204	0.40966102862939524	43.58199181033916	0.6763317718541098
1147.5	77.0	712.292790722204	0.40966102862939524	43.58199181033916	0.6763317718541098
1152.5	65.0	712.292790722204	0.40966102862939524	43.58199181033916	0.6763317718541098
1157.5	48.0	712.292790722204	0.40966102862939524	43.58199181033916	0.6763317718541098
1162.5	57.0	712.292790722204	0.40966102862939524	43.58199181033916	0.6763317718541098
1167.5	55.0	712.292790722204	0.40966102862939524	43.58199181033916	0.6763317718541098
1172.5	61.0	712.292790722204	0.40966102862939524	43.58199181033916	0.6763317718541098
1177.5	51.0	712.292790722204	0.40966102862939524	43.58199181033916	0.6763317718541098
1182.5	67.0	712.292790722204	0.40966102862939524	43.58199181033916	0.6763317718541098
1187.5	51.0	712.292790722204	0.40966102862939524	43.58199181033916	0.6763317718541098
1192.5	59.0	712.292790722204	0.40966102862939524	43.58199181033916	0.6763317718541098
1197.5	59.0	712.292790722204	0.40966102862939524	43.58199181033916	0.6763317718541098
