2.5	1181615.0	650.2873286304057	1.5392837482608352	34.22487748871337	3.7262666185334075
7.5	355444.0	650.2873286304057	1.5392837482608352	34.22487748871337	3.7262666185334075
12.5	71206.0	650.2873286304057	1.5392837482608352	34.22487748871337	3.7262666185334075
17.5	52513.0	650.2873286304057	1.5392837482608352	34.22487748871337	3.7262666185334075
22.5	45254.0	650.2873286304057	1.5392837482608352	34.22487748871337	3.7262666185334075
27.5	38532.0	650.2873286304057	1.5392837482608352	34.22487748871337	3.7262666185334075
32.5	32768.0	650.2873286304057	1.5392837482608352	34.22487748871337	3.7262666185334075
37.5	28437.0	650.2873286304057	1.5392837482608352	34.22487748871337	3.7262666185334075
42.5	24419.0	650.2873286304057	1.5392837482608352	34.22487748871337	3.7262666185334075
47.5	21212.0	650.2873286304057	1.5392837482608352	34.22487748871337	3.7262666185334075
52.5	18510.0	650.2873286304057	1.5392837482608352	34.22487748871337	3.7262666185334075
57.5	16233.0	650.2873286304057	1.5392837482608352	34.22487748871337	3.7262666185334075
62.5	14723.0	650.2873286304057	1.5392837482608352	34.22487748871337	3.7262666185334075
67.5	12874.0	650.2873286304057	1.5392837482608352	34.22487748871337	3.7262666185334075
72.5	11697.0	650.2873286304057	1.5392837482608352	34.22487748871337	3.7262666185334075
77.5	10659.0	650.2873286304057	1.5392837482608352	34.22487748871337	3.7262666185334075
82.5	9522.0	650.2873286304057	1.5392837482608352	34.22487748871337	3.7262666185334075
87.5	8636.0	650.2873286304057	1.5392837482608352	34.22487748871337	3.7262666185334075
92.5	8090.0	650.2873286304057	1.5392837482608352	34.22487748871337	3.7262666185334075
97.5	7503.0	650.2873286304057	1.5392837482608352	34.22487748871337	3.7262666185334075
102.5	6890.0	650.2873286304057	1.5392837482608352	34.22487748871337	3.7262666185334075
107.5	6434.0	650.2873286304057	1.5392837482608352	34.22487748871337	3.7262666185334075
112.5	5921.0	650.2873286304057	1.5392837482608352	34.22487748871337	3.7262666185334075
117.5	5521.0	650.2873286304057	1.5392837482608352	34.22487748871337	3.7262666185334075
122.5	5230.0	650.2873286304057	1.5392837482608352	34.22487748871337	3.7262666185334075
127.5	5060.0	650.2873286304057	1.5392837482608352	34.22487748871337	3.7262666185334075
132.5	4671.0	650.2873286304057	1.5392837482608352	34.22487748871337	3.7262666185334075
137.5	4314.0	650.2873286304057	1.5392837482608352	34.22487748871337	3.7262666185334075
142.5	4252.0	650.2873286304057	1.5392837482608352	34.22487748871337	3.7262666185334075
147.5	3901.0	650.2873286304057	1.5392837482608352	34.22487748871337	3.7262666185334075
152.5	3679.0	650.2873286304057	1.5392837482608352	34.22487748871337	3.7262666185334075
157.5	3497.0	650.2873286304057	1.5392837482608352	34.22487748871337	3.7262666185334075
162.5	3293.0	650.2873286304057	1.5392837482608352	34.22487748871337	3.7262666185334075
167.5	3123.0	650.2873286304057	1.5392837482608352	34.22487748871337	3.7262666185334075
172.5	2979.0	650.2873286304057	1.5392837482608352	34.22487748871337	3.7262666185334075
177.5	2898.0	650.2873286304057	1.5392837482608352	34.22487748871337	3.7262666185334075
182.5	2639.0	650.2873286304057	1.5392837482608352	34.22487748871337	3.7262666185334075
187.5	2527.0	650.2873286304057	1.5392837482608352	34.22487748871337	3.7262666185334075
192.5	2532.0	650.2873286304057	1.5392837482608352	34.22487748871337	3.7262666185334075
197.5	2397.0	650.2873286304057	1.5392837482608352	34.22487748871337	3.7262666185334075
202.5	2245.0	650.2873286304057	1.5392837482608352	34.22487748871337	3.7262666185334075
207.5	2145.0	650.2873286304057	1.5392837482608352	34.22487748871337	3.7262666185334075
212.5	2031.0	650.2873286304057	1.5392837482608352	34.22487748871337	3.7262666185334075
217.5	2002.0	650.2873286304057	1.5392837482608352	34.22487748871337	3.7262666185334075
222.5	1826.0	650.2873286304057	1.5392837482608352	34.22487748871337	3.7262666185334075
227.5	1812.0	650.2873286304057	1.5392837482608352	34.22487748871337	3.7262666185334075
232.5	1801.0	650.2873286304057	1.5392837482608352	34.22487748871337	3.7262666185334075
237.5	1683.0	650.2873286304057	1.5392837482608352	34.22487748871337	3.7262666185334075
242.5	1636.0	650.2873286304057	1.5392837482608352	34.22487748871337	3.7262666185334075
247.5	1506.0	650.2873286304057	1.5392837482608352	34.22487748871337	3.7262666185334075
252.5	1550.0	650.2873286304057	1.5392837482608352	34.22487748871337	3.7262666185334075
257.5	1451.0	650.2873286304057	1.5392837482608352	34.22487748871337	3.7262666185334075
262.5	1347.0	650.2873286304057	1.5392837482608352	34.22487748871337	3.7262666185334075
267.5	1425.0	650.2873286304057	1.5392837482608352	34.22487748871337	3.7262666185334075
272.5	1294.0	650.2873286304057	1.5392837482608352	34.22487748871337	3.7262666185334075
277.5	1222.0	650.2873286304057	1.5392837482608352	34.22487748871337	3.7262666185334075
282.5	1156.0	650.2873286304057	1.5392837482608352	34.22487748871337	3.7262666185334075
287.5	1132.0	650.2873286304057	1.5392837482608352	34.22487748871337	3.7262666185334075
292.5	1131.0	650.2873286304057	1.5392837482608352	34.22487748871337	3.7262666185334075
297.5	1099.0	650.2873286304057	1.5392837482608352	34.22487748871337	3.7262666185334075
302.5	1057.0	650.2873286304057	1.5392837482608352	34.22487748871337	3.7262666185334075
307.5	1024.0	650.2873286304057	1.5392837482608352	34.22487748871337	3.7262666185334075
312.5	937.0	650.2873286304057	1.5392837482608352	34.22487748871337	3.7262666185334075
317.5	927.0	650.2873286304057	1.5392837482608352	34.22487748871337	3.7262666185334075
322.5	863.0	650.2873286304057	1.5392837482608352	34.22487748871337	3.7262666185334075
327.5	836.0	650.2873286304057	1.5392837482608352	34.22487748871337	3.7262666185334075
332.5	839.0	650.2873286304057	1.5392837482608352	34.22487748871337	3.7262666185334075
337.5	844.0	650.2873286304057	1.5392837482608352	34.22487748871337	3.7262666185334075
342.5	779.0	650.2873286304057	1.5392837482608352	34.22487748871337	3.7262666185334075
347.5	780.0	650.2873286304057	1.5392837482608352	34.22487748871337	3.7262666185334075
352.5	744.0	650.2873286304057	1.5392837482608352	34.22487748871337	3.7262666185334075
357.5	707.0	650.2873286304057	1.5392837482608352	34.22487748871337	3.7262666185334075
362.5	719.0	650.2873286304057	1.5392837482608352	34.22487748871337	3.7262666185334075
367.5	657.0	650.2873286304057	1.5392837482608352	34.22487748871337	3.7262666185334075
372.5	643.0	650.2873286304057	1.5392837482608352	34.22487748871337	3.7262666185334075
377.5	639.0	650.2873286304057	1.5392837482608352	34.22487748871337	3.7262666185334075
382.5	609.0	650.2873286304057	1.5392837482608352	34.22487748871337	3.7262666185334075
387.5	622.0	650.2873286304057	1.5392837482608352	34.22487748871337	3.7262666185334075
392.5	605.0	650.2873286304057	1.5392837482608352	34.22487748871337	3.7262666185334075
397.5	535.0	650.2873286304057	1.5392837482608352	34.22487748871337	3.7262666185334075
402.5	585.0	650.2873286304057	1.5392837482608352	34.22487748871337	3.7262666185334075	6.309151208352545e-09	-4.626165331690156	80	180
407.5	499.0	650.2873286304057	1.5392837482608352	34.22487748871337	3.7262666185334075	1.797598008346982e-08	-7.3706067906511015	80	180
412.5	527.0	650.2873286304057	1.5392837482608352	34.22487748871337	3.7262666185334075	5.013546617432271e-08	-5.808953337913667	80	180
417.5	558.0	650.2873286304057	1.5392837482608352	34.22487748871337	3.7262666185334075	1.3687633683242183e-07	-4.10841174683037	80	180
422.5	522.0	650.2873286304057	1.5392837482608352	34.22487748871337	3.7262666185334075	3.65799011258526e-07	-5.010971359022816	80	180
427.5	467.0	650.2873286304057	1.5392837482608352	34.22487748871337	3.7262666185334075	9.56946190211154e-07	-6.697945255991159	80	180
432.5	486.0	650.2873286304057	1.5392837482608352	34.22487748871337	3.7262666185334075	2.450548743106933e-06	-5.466362468115862	80	180
437.5	463.0	650.2873286304057	1.5392837482608352	34.22487748871337	3.7262666185334075	6.142851406645836e-06	-5.920777767603928	80	180
442.5	506.0	650.2873286304057	1.5392837482608352	34.22487748871337	3.7262666185334075	1.5073271154060396e-05	-3.692834066163771	80	180
447.5	448.0	650.2873286304057	1.5392837482608352	34.22487748871337	3.7262666185334075	3.620560846902126e-05	-5.6087088276480985	80	180
452.5	483.0	650.2873286304057	1.5392837482608352	34.22487748871337	3.7262666185334075	8.512850892003559e-05	-3.6851699207238817	80	180
457.5	466.0	650.2873286304057	1.5392837482608352	34.22487748871337	3.7262666185334075	0.00019593185016967467	-3.9300945362527195	80	180
462.5	435.0	650.2873286304057	1.5392837482608352	34.22487748871337	3.7262666185334075	0.0004414341111681763	-4.789531797679139	80	180
467.5	416.0	650.2873286304057	1.5392837482608352	34.22487748871337	3.7262666185334075	0.0009735484658669506	-5.159421839659155	80	180
472.5	418.0	650.2873286304057	1.5392837482608352	34.22487748871337	3.7262666185334075	0.002101745377812638	-4.630194796297139	80	180
477.5	411.0	650.2873286304057	1.5392837482608352	34.22487748871337	3.7262666185334075	0.004441538820171473	-4.497095884532961	80	180
482.5	385.0	650.2873286304057	1.5392837482608352	34.22487748871337	3.7262666185334075	0.00918792963882019	-5.2193329408387505	80	180
487.5	391.0	650.2873286304057	1.5392837482608352	34.22487748871337	3.7262666185334075	0.01860512945462957	-4.5235595817731005	80	180
492.5	379.0	650.2873286304057	1.5392837482608352	34.22487748871337	3.7262666185334075	0.036878951802577796	-4.64375351457443	80	180
497.5	376.0	650.2873286304057	1.5392837482608352	34.22487748871337	3.7262666185334075	0.07155751963454429	-4.3620768295393795	80	180
502.5	348.0	650.2873286304057	1.5392837482608352	34.22487748871337	3.7262666185334075	0.1359135715751764	-5.249946635189747	80	180
507.5	364.0	650.2873286304057	1.5392837482608352	34.22487748871337	3.7262666185334075	0.2526976533715832	-4.096628856888407	80	180
512.5	373.0	650.2873286304057	1.5392837482608352	34.22487748871337	3.7262666185334075	0.45990743423145014	-3.2650937809642055	80	180
517.5	368.0	650.2873286304057	1.5392837482608352	34.22487748871337	3.7262666185334075	0.8193519427818217	-3.105324964203874	80	180
522.5	327.0	650.2873286304057	1.5392837482608352	34.22487748871337	3.7262666185334075	1.428898508361753	-4.71111012452253	80	180
527.5	324.0	650.2873286304057	1.5392837482608352	34.22487748871337	3.7262666185334075	2.439288200592852	-4.511845815231081	80	180
532.5	376.0	650.2873286304057	1.5392837482608352	34.22487748871337	3.7262666185334075	4.076201873174648	-1.6252457560079117	80	180
537.5	344.0	650.2873286304057	1.5392837482608352	34.22487748871337	3.7262666185334075	6.667746660102068	-2.931661166465102	80	180
542.5	376.0	650.2873286304057	1.5392837482608352	34.22487748871337	3.7262666185334075	10.67660889365716	-1.123206526961171	80	180
547.5	360.0	650.2873286304057	1.5392837482608352	34.22487748871337	3.7262666185334075	16.734718616373115	-1.819952604524249	80	180
552.5	355.0	650.2873286304057	1.5392837482608352	34.22487748871337	3.7262666185334075	25.676411776567267	-2.1123585829317957	80	180
557.5	357.0	650.2873286304057	1.5392837482608352	34.22487748871337	3.7262666185334075	38.56391230014314	-2.248042751593007	80	180
562.5	433.0	650.2873286304057	1.5392837482608352	34.22487748871337	3.7262666185334075	56.69681703622267	1.0106065136011417	80	180
567.5	405.0	650.2873286304057	1.5392837482608352	34.22487748871337	3.7262666185334075	81.59566890683897	-1.1963948148696126	80	180
572.5	427.0	650.2873286304057	1.5392837482608352	34.22487748871337	3.7262666185334075	114.94931111572522	-1.3465922412863918	80	180
577.5	493.0	650.2873286304057	1.5392837482608352	34.22487748871337	3.7262666185334075	158.5172304345863	0.04222243603500847	80	180
582.5	551.0	650.2873286304057	1.5392837482608352	34.22487748871337	3.7262666185334075	213.98208550038504	0.4546500104333411	80	180
587.5	643.0	650.2873286304057	1.5392837482608352	34.22487748871337	3.7262666185334075	282.75428360260713	1.6602347942769418	80	180
592.5	706.0	650.2873286304057	1.5392837482608352	34.22487748871337	3.7262666185334075	365.73944979199996	1.0579840687495787	80	180
597.5	741.0	650.2873286304057	1.5392837482608352	34.22487748871337	3.7262666185334075	463.0898460119058	-1.014629928402092	80	180
602.5	892.0	650.2873286304057	1.5392837482608352	34.22487748871337	3.7262666185334075	573.9704670180141	0.6257031183445741	80	180
607.5	1035.0	650.2873286304057	1.5392837482608352	34.22487748871337	3.7262666185334075	696.3774065312901	1.4451397445432008	80	180
612.5	1150.0	650.2873286304057	1.5392837482608352	34.22487748871337	3.7262666185334075	827.0478458761892	1.079436612956494	80	180
617.5	1179.0	650.2873286304057	1.5392837482608352	34.22487748871337	3.7262666185334075	961.495895050983	-1.79634956003451	80	180
622.5	1346.0	650.2873286304057	1.5392837482608352	34.22487748871337	3.7262666185334075	1094.1958697486716	-0.6226774665046096	80	180
627.5	1494.0	650.2873286304057	1.5392837482608352	34.22487748871337	3.7262666185334075	1218.9153462517124	0.1578693140949883	80	180
632.5	1642.0	650.2873286304057	1.5392837482608352	34.22487748871337	3.7262666185334075	1329.1771165193566	1.241728357675613	80	180
637.5	1625.0	650.2873286304057	1.5392837482608352	34.22487748871337	3.7262666185334075	1418.8059584266946	-1.2571780400565575	80	180
642.5	1715.0	650.2873286304057	1.5392837482608352	34.22487748871337	3.7262666185334075	1482.4975649141934	-0.4725985102984496	80	180
647.5	1788.0	650.2873286304057	1.5392837482608352	34.22487748871337	3.7262666185334075	1516.337274071405	0.5916434741976977	80	180
652.5	1764.0	650.2873286304057	1.5392837482608352	34.22487748871337	3.7262666185334075	1518.1981922151974	0.10093744157953452	80	180
657.5	1709.0	650.2873286304057	1.5392837482608352	34.22487748871337	3.7262666185334075	1487.9624316995255	-0.3706037450805039	80	180
662.5	1723.0	650.2873286304057	1.5392837482608352	34.22487748871337	3.7262666185334075	1427.5334701151587	1.5730514989710316	80	180
667.5	1575.0	650.2873286304057	1.5392837482608352	34.22487748871337	3.7262666185334075	1340.6378295804664	0.19930614152935794	80	180
672.5	1421.0	650.2873286304057	1.5392837482608352	34.22487748871337	3.7262666185334075	1232.4448020516252	-0.8679691912878909	80	180
677.5	1309.0	650.2873286304057	1.5392837482608352	34.22487748871337	3.7262666185334075	1109.0581613543504	-0.46670576078408965	80	180
682.5	1213.0	650.2873286304057	1.5392837482608352	34.22487748871337	3.7262666185334075	976.9492497978651	0.6881216009029864	80	180
687.5	1030.0	650.2873286304057	1.5392837482608352	34.22487748871337	3.7262666185334075	842.4041981077792	-0.6235259167506086	80	180
692.5	922.0	650.2873286304057	1.5392837482608352	34.22487748871337	3.7262666185334075	711.0495703091517	0.250332782556105	80	180
697.5	867.0	650.2873286304057	1.5392837482608352	34.22487748871337	3.7262666185334075	587.502976478066	2.868339652376668	80	180
702.5	707.0	650.2873286304057	1.5392837482608352	34.22487748871337	3.7262666185334075	475.1722841883249	1.4298584090834836	80	180
707.5	613.0	650.2873286304057	1.5392837482608352	34.22487748871337	3.7262666185334075	376.20361833814115	1.937276224781881	80	180
712.5	546.0	650.2873286304057	1.5392837482608352	34.22487748871337	3.7262666185334075	291.55847665731307	3.1017906198906586	80	180
717.5	435.0	650.2873286304057	1.5392837482608352	34.22487748871337	3.7262666185334075	221.18680414305706	1.55109251453781	80	180
722.5	414.0	650.2873286304057	1.5392837482608352	34.22487748871337	3.7262666185334075	164.25688858681087	3.8328305672035357	80	180
727.5	308.0	650.2873286304057	1.5392837482608352	34.22487748871337	3.7262666185334075	119.40398120232375	0.7952003504028756	80	180
732.5	271.0	650.2873286304057	1.5392837482608352	34.22487748871337	3.7262666185334075	84.96593870987603	0.9248966835744041	80	180
737.5	220.0	650.2873286304057	1.5392837482608352	34.22487748871337	3.7262666185334075	59.183650518540325	-0.449573141856203	80	180
742.5	205.0	650.2873286304057	1.5392837482608352	34.22487748871337	3.7262666185334075	40.35426820465435	0.04374718127670182	80	180
747.5	191.0	650.2873286304057	1.5392837482608352	34.22487748871337	3.7262666185334075	26.934445542468072	0.25821674193983957	80	180
752.5	172.0	650.2873286304057	1.5392837482608352	34.22487748871337	3.7262666185334075	17.597762033517164	-0.20517140902806527	80	180
757.5	141.0	650.2873286304057	1.5392837482608352	34.22487748871337	3.7262666185334075	11.25479732094939	-1.8702530585628347	80	180
762.5	143.0	650.2873286304057	1.5392837482608352	34.22487748871337	3.7262666185334075	7.046099204975242	-1.1587997743938263	80	180
767.5	120.0	650.2873286304057	1.5392837482608352	34.22487748871337	3.7262666185334075	4.318079815230874	-2.5675243597931963	80	180
772.5	139.0	650.2873286304057	1.5392837482608352	34.22487748871337	3.7262666185334075	2.59037962066953	-0.6399421312021106	80	180
777.5	126.0	650.2873286304057	1.5392837482608352	34.22487748871337	3.7262666185334075	1.521132344090461	-1.3913261998448738	80	180
782.5	113.0	650.2873286304057	1.5392837482608352	34.22487748871337	3.7262666185334075	0.8743824339682621	-2.20270280901803	80	180
787.5	109.0	650.2873286304057	1.5392837482608352	34.22487748871337	3.7262666185334075	0.4920017920037038	-2.287814756133427	80	180
792.5	105.0	650.2873286304057	1.5392837482608352	34.22487748871337	3.7262666185334075	0.27099593852061654	-2.392824482303348	80	180
797.5	97.0	650.2873286304057	1.5392837482608352	34.22487748871337	3.7262666185334075	0.14611328892974237	-2.8643003692578013	80	180
802.5	95.0	650.2873286304057	1.5392837482608352	34.22487748871337	3.7262666185334075	0.07711653155609727	-2.8228554333804334	80	180
807.5	94.0	650.2873286304057	1.5392837482608352	34.22487748871337	3.7262666185334075	0.03984153816629687	-2.6981455556187783	80	180
812.5	100.0	650.2873286304057	1.5392837482608352	34.22487748871337	3.7262666185334075	0.02014909491693362	-1.941664422855917	80	180
817.5	79.0	650.2873286304057	1.5392837482608352	34.22487748871337	3.7262666185334075	0.009974837414021743	-3.6515357513326894	80	180
822.5	86.0	650.2873286304057	1.5392837482608352	34.22487748871337	3.7262666185334075	0.00483378072430147	-2.807006637415277	80	180
827.5	112.0	650.2873286304057	1.5392837482608352	34.22487748871337	3.7262666185334075	0.0022929727976451586	-0.16786663700130827	80	180
832.5	89.0	650.2873286304057	1.5392837482608352	34.22487748871337	3.7262666185334075	0.0010647354075664973	-2.1195771138872823	80	180
837.5	108.0	650.2873286304057	1.5392837482608352	34.22487748871337	3.7262666185334075	0.00048396652999462946	-0.09556838585545	80	180
842.5	80.0	650.2873286304057	1.5392837482608352	34.22487748871337	3.7262666185334075	0.00021533756417788704	-2.58295876125494	80	180
847.5	93.0	650.2873286304057	1.5392837482608352	34.22487748871337	3.7262666185334075	9.378969024118924e-05	-1.1164565804455753	80	180
852.5	111.0	650.2873286304057	1.5392837482608352	34.22487748871337	3.7262666185334075	3.9987222936315264e-05	0.8718994254405102	80	180
857.5	80.0	650.2873286304057	1.5392837482608352	34.22487748871337	3.7262666185334075	1.6688535368624683e-05	-2.0010578695863583	80	180
862.5	92.0	650.2873286304057	1.5392837482608352	34.22487748871337	3.7262666185334075	6.8178279910161866e-06	-0.594684660659056	80	180
867.5	71.0	650.2873286304057	1.5392837482608352	34.22487748871337	3.7262666185334075	2.72649492582146e-06	-2.533842076228634	80	180
872.5	74.0	650.2873286304057	1.5392837482608352	34.22487748871337	3.7262666185334075	1.0673188621401272e-06	-2.0408926562221565	80	180
877.5	77.0	650.2873286304057	1.5392837482608352	34.22487748871337	3.7262666185334075	4.089917167482508e-07	-1.541515406893107	80	180
882.5	85.0	650.2873286304057	1.5392837482608352	34.22487748871337	3.7262666185334075	1.5341424154335692e-07	-0.5079894206254508	80	180
887.5	68.0	650.2873286304057	1.5392837482608352	34.22487748871337	3.7262666185334075	5.633102832049764e-08	-2.1228432618582054	80	180
892.5	61.0	650.2873286304057	1.5392837482608352	34.22487748871337	3.7262666185334075	2.024699233410354e-08	-2.6988196283938035	80	180
897.5	70.0	650.2873286304057	1.5392837482608352	34.22487748871337	3.7262666185334075	7.1236765905842545e-09	-1.54769157753342	80	180
902.5	76.0	650.2873286304057	1.5392837482608352	34.22487748871337	3.7262666185334075
907.5	77.0	650.2873286304057	1.5392837482608352	34.22487748871337	3.7262666185334075
912.5	77.0	650.2873286304057	1.5392837482608352	34.22487748871337	3.7262666185334075
917.5	66.0	650.2873286304057	1.5392837482608352	34.22487748871337	3.7262666185334075
922.5	63.0	650.2873286304057	1.5392837482608352	34.22487748871337	3.7262666185334075
927.5	73.0	650.2873286304057	1.5392837482608352	34.22487748871337	3.7262666185334075
932.5	69.0	650.2873286304057	1.5392837482608352	34.22487748871337	3.7262666185334075
937.5	75.0	650.2873286304057	1.5392837482608352	34.22487748871337	3.7262666185334075
942.5	74.0	650.2873286304057	1.5392837482608352	34.22487748871337	3.7262666185334075
947.5	65.0	650.2873286304057	1.5392837482608352	34.22487748871337	3.7262666185334075
952.5	71.0	650.2873286304057	1.5392837482608352	34.22487748871337	3.7262666185334075
957.5	73.0	650.2873286304057	1.5392837482608352	34.22487748871337	3.7262666185334075
962.5	68.0	650.2873286304057	1.5392837482608352	34.22487748871337	3.7262666185334075
967.5	67.0	650.2873286304057	1.5392837482608352	34.22487748871337	3.7262666185334075
972.5	80.0	650.2873286304057	1.5392837482608352	34.22487748871337	3.7262666185334075
977.5	55.0	650.2873286304057	1.5392837482608352	34.22487748871337	3.7262666185334075
982.5	57.0	650.2873286304057	1.5392837482608352	34.22487748871337	3.7262666185334075
987.5	57.0	650.2873286304057	1.5392837482608352	34.22487748871337	3.7262666185334075
992.5	56.0	650.2873286304057	1.5392837482608352	34.22487748871337	3.7262666185334075
997.5	65.0	650.2873286304057	1.5392837482608352	34.22487748871337	3.7262666185334075
1002.5	67.0	650.2873286304057	1.5392837482608352	34.22487748871337	3.7262666185334075
1007.5	41.0	650.2873286304057	1.5392837482608352	34.22487748871337	3.7262666185334075
1012.5	55.0	650.2873286304057	1.5392837482608352	34.22487748871337	3.7262666185334075
1017.5	64.0	650.2873286304057	1.5392837482608352	34.22487748871337	3.7262666185334075
1022.5	51.0	650.2873286304057	1.5392837482608352	34.22487748871337	3.7262666185334075
1027.5	49.0	650.2873286304057	1.5392837482608352	34.22487748871337	3.7262666185334075
1032.5	57.0	650.2873286304057	1.5392837482608352	34.22487748871337	3.7262666185334075
1037.5	30.0	650.2873286304057	1.5392837482608352	34.22487748871337	3.7262666185334075
1042.5	54.0	650.2873286304057	1.5392837482608352	34.22487748871337	3.7262666185334075
1047.5	42.0	650.2873286304057	1.5392837482608352	34.22487748871337	3.7262666185334075
1052.5	47.0	650.2873286304057	1.5392837482608352	34.22487748871337	3.7262666185334075
1057.5	37.0	650.2873286304057	1.5392837482608352	34.22487748871337	3.7262666185334075
1062.5	60.0	650.2873286304057	1.5392837482608352	34.22487748871337	3.7262666185334075
1067.5	58.0	650.2873286304057	1.5392837482608352	34.22487748871337	3.7262666185334075
1072.5	42.0	650.2873286304057	1.5392837482608352	34.22487748871337	3.7262666185334075
1077.5	43.0	650.2873286304057	1.5392837482608352	34.22487748871337	3.7262666185334075
1082.5	44.0	650.2873286304057	1.5392837482608352	34.22487748871337	3.7262666185334075
1087.5	51.0	650.2873286304057	1.5392837482608352	34.22487748871337	3.7262666185334075
1092.5	54.0	650.2873286304057	1.5392837482608352	34.22487748871337	3.7262666185334075
1097.5	46.0	650.2873286304057	1.5392837482608352	34.22487748871337	3.7262666185334075
1102.5	39.0	650.2873286304057	1.5392837482608352	34.22487748871337	3.7262666185334075
1107.5	52.0	650.2873286304057	1.5392837482608352	34.22487748871337	3.7262666185334075
1112.5	54.0	650.2873286304057	1.5392837482608352	34.22487748871337	3.7262666185334075
1117.5	39.0	650.2873286304057	1.5392837482608352	34.22487748871337	3.7262666185334075
1122.5	50.0	650.2873286304057	1.5392837482608352	34.22487748871337	3.7262666185334075
1127.5	48.0	650.2873286304057	1.5392837482608352	34.22487748871337	3.7262666185334075
1132.5	37.0	650.2873286304057	1.5392837482608352	34.22487748871337	3.7262666185334075
1137.5	31.0	650.2873286304057	1.5392837482608352	34.22487748871337	3.7262666185334075
1142.5	54.0	650.2873286304057	1.5392837482608352	34.22487748871337	3.7262666185334075
1147.5	42.0	650.2873286304057	1.5392837482608352	34.22487748871337	3.7262666185334075
1152.5	33.0	650.2873286304057	1.5392837482608352	34.22487748871337	3.7262666185334075
1157.5	51.0	650.2873286304057	1.5392837482608352	34.22487748871337	3.7262666185334075
1162.5	44.0	650.2873286304057	1.5392837482608352	34.22487748871337	3.7262666185334075
1167.5	52.0	650.2873286304057	1.5392837482608352	34.22487748871337	3.7262666185334075
1172.5	24.0	650.2873286304057	1.5392837482608352	34.22487748871337	3.7262666185334075
1177.5	40.0	650.2873286304057	1.5392837482608352	34.22487748871337	3.7262666185334075
1182.5	45.0	650.2873286304057	1.5392837482608352	34.22487748871337	3.7262666185334075
1187.5	36.0	650.2873286304057	1.5392837482608352	34.22487748871337	3.7262666185334075
1192.5	37.0	650.2873286304057	1.5392837482608352	34.22487748871337	3.7262666185334075
1197.5	41.0	650.2873286304057	1.5392837482608352	34.22487748871337	3.7262666185334075
