1611
1899
3070
3819
4309
4368
5070
5853
6142
6800
8680
8707
10161
11105
11172
11407
12615
13148
15341
15352
15957
16389
16958
17302
17320
17933
18272
18789
18905
19312
21079
21449
21956
22096
22182
22624
28365
29607
29742
29779
30624
31127
32619
36468
37656
37674
38108
38432
38523
38720
40089
40126
40765
42718
43889
44972
45661
48097
51609
52934
53990
54672
55081
56215
56695
57298
60792
63820
66258
66363
67656
68323
68445
68520
70241
70305
70733
71160
73898
74949
75386
77354
78103
79893
81148
81355
82275
82326
82543
83315
83610
84264
84994
85632
86216
89354
89994
91512
93714
94946
95155
95386
95888
96011
97192
99307
101182
101623
102157
102326
102856
105026
105270
105396
107403
107466
108508
108792
109172
111040
112425
112617
113251
113856
114441
114506
114945
115257
116062
116391
119907
120977
121498
122129
123130
123227
123539
125522
125774
126634
127122
127393
128102
129836
130114
130639
130862
131476
132408
132769
133205
134350
134801
136258
136916
138586
139735
140362
140969
141939
142110
142583
142811
146416
147224
147317
148557
150649
153299
155003
155762
156468
156912
163033
163145
163277
163990
166144
166491
166891
167431
168543
168665
172184
177311
177688
178229
178525
181342
182579
183011
184314
185329
186583
186756
188296
191367
191846
192947
193523
193700
196811
198101
199112
200226
201057
202340
202365
203322
205103
205660
205879
206108
206123
206532
207205
207343
207545
207734
207946
208676
210351
210653
211346
212361
212488
215276
215422
217562
220861
221940
222398
223472
224164
224437
224609
225514
225585
225832
226106
226618
226634
227780
228128
229235
230294
232869
233373
233534
235889
237121
237841
240392
240996
241190
241702
246821
247183
247657
250574
250771
250932
253332
253581
253621
254462
255364
255841
256695
257321
257454
257955
257983
258325
259279
259402
259753
260292
260314
260792
261180
261254
262669
265782
266822
267947
268497
270534
271131
271279
272738
272846
275436
277539
277876
278432
278542
279869
280318
280587
282784
283897
284560
288438
288631
288834
289013
289173
290011
291817
293195
293236
293329
293477
293850
295596
295676
297181
297404
299659
301837
302147
303323
303436
304752
306039
306848
307728
309116
309734
310219
310766
312255
312596
313512
314128
315147
316149
317098
317799
318555
318680
320149
320325
321372
321951
322574
322577
322642
322947
324653
325839
326680
326984
327084
327150
327387
327431
327755
327836
327889
328877
328977
329050
329763
330201
331771
332169
332463
333669
333769
334883
335491
335780
335876
336070
337020
338340
338871
341740
342206
343520
344416
346841
348652
349450
349623
350249
350748
350980
351655
351904
352490
353627
356179
356472
358211
358476
359570
360629
361696
364547
367322
367393
367911
369728
369858
371976
373878
374000
374645
376117
376715
378875
379034
379738
380733
381156
381507
382956
383582
384079
384375
384627
385891
386493
386799
387684
390759
391122
391193
392630
393173
394111
394884
394989
397094
401142
401274
403349
403442
404122
408661
409719
409962
412472
413856
414669
417764
418281
419161
420488
420536
420627
420953
420990
421204
422128
423328
423462
425653
425744
427522
428279
428740
429332
430873
431277
432172
433222
433456
434734
436546
436875
437087
437206
438409
439213
440493
440547
441333
442938
443315
444379
444435
444530
447310
448443
448983
449457
451610
452714
453614
454488
456128
458239
458246
459321
459420
459517
459740
460369
461004
461346
462215
465837
467431
469705
469811
470316
470841
471790
471866
472602
475044
475535
476107
476503
477079
477237
477288
477328
477437
478177
480131
480541
481522
483000
483186
483272
483334
484116
484428
486309
486846
489226
489331
490473
493385
493625
495689
496012
496067
496762
501595
503000
504901
508992
509304
509948
510089
510159
512545
513600
513649
514073
514403
515413
515958
516776
517091
519174
519229
519771
520460
521206
522608
523565
523922
525746
526068
527126
528069
528278
528285
529185
530122
530346
530983
531623
531754
532502
532522
532696
533059
535344
536007
536258
537962
538005
538193
540148
540222
541269
541823
542411
542780
543093
543807
544721
544907
546426
550006
550026
551515
552157
553547
555836
556089
559702
560134
562292
562366
563389
564037
566465
566947
566959
568301
568600
568625
568762
569661
570911
571012
571148
571944
573889
574508
574604
574930
574956
574972
575027
575666
575805
576284
577322
577873
578119
578375
578550
578694
579090
579441
579455
580089
581310
581362
581715
582462
583719
585775
586104
586232
586413
586856
590221
592449
592751
592811
592841
595248
595637
596549
597938
598961
600329
601798
602333
602605
604377
604548
607437
608050
608223
609398
610298
611947
612868
613376
613381
614892
615778
615786
618757
619796
621334
624281
624989
625742
627807
627992
628410
629936
630655
631492
631947
632252
633667
633713
634363
634388
634505
634545
637210
642105
642944
643198
643692
644341
646824
647098
647214
648148
648710
649361
649468
649574
650993
651239
652517
653273
653820
653886
653944
655209
658218
659077
660419
660566
662344
663060
663210
664786
665122
667260
669820
669922
670265
672082
672768
673238
673386
673605
673619
673770
674617
675875
676649
677472
680900
681052
682826
683438
683537
683810
685165
685938
686257
686491
687474
687967
691794
692442
698924
698968
699399
699713
700867
701201
701250
702084
702368
702951
704938
707349
707376
707700
707890
707954
708383
709090
710857
711597
712339
712567
713268
713368
714083
715008
715016
720288
720659
721086
721192
721612
722293
724047
724872
725820
726093
727762
728595
728693
731122
731290
731994
733104
734294
735191
735477
735762
736288
737639
737998
738353
741071
741853
742980
743478
743721
745863
746844
748336
748693
748899
749929
750450
752337
752900
753163
754210
755079
756066
757521
758419
758963
759388
759708
761049
761428
761935
762047
762914
764451
767409
768499
768559
769223
769928
770040
770348
770939
771277
771444
773168
773884
773913
773935
774786
776422
777317
777436
777697
777840
779039
779043
779396
779470
780854
781104
781612
783565
784759
785047
785633
787207
787366
787914
789074
789851
790694
791180
791856
793253
793537
793787
794384
795729
796229
796648
796885
796951
797799
799990
800962
801323
803627
805805
806121
808538
808901
809235
809420
810318
813028
814246
814720
816274
818253
818370
819989
820701
820814
822121
822800
823714
825036
825231
827089
828170
828256
829998
830412
831015
835477
835607
835651
835849
836346
837818
838412
838606
839060
839473
840159
841351
841708
841862
842000
844424
844787
844901
846402
849323
849786
850896
850929
851398
852660
852668
853646
853808
853951
854024
855465
858704
859685
860562
860589
861322
861448
861798
862433
862490
862562
862898
863053
863962
864780
865486
865888
867355
869771
870642
870715
871107
871973
872307
872386
872520
872859
874101
877124
877185
878077
879104
880808
881328
881413
881482
883565
883815
885446
888159
889454
889497
889745
889971
889992
890745
891387
893569
894889
895841
896093
897354
897494
898460
899098
899184
899841
899970
